repository_name,signature_id,framework_id,signature_hash,machine_platform,should_alert,has_subtests,extra_options,tags,option_collection_hash,test,suite,lower_is_better,name,parent_signature,repository_id,measurement_unit,application,job_id,entry_id,push_timestamp,value,revision,push_id
autoland,4768729,12,95f51e857a45cd76f1766c14d6bed804857cd27b,windows10-64-shippable-qr,True,False,,,102210fe594ee9b33d82058545b1ed14f4c8206e,custom.jsdebugger.open.DAMP,damp,True,damp custom.jsdebugger.open.DAMP opt e10s fission stylo webrender,4768565,77,ms,firefox,,1700027424,2023-05-24T10:49:25,729.7597116963589,1db51625512e546534a6a7352ff4ff3b9c48d713,1245770
autoland,4768729,12,95f51e857a45cd76f1766c14d6bed804857cd27b,windows10-64-shippable-qr,True,False,,,102210fe594ee9b33d82058545b1ed14f4c8206e,custom.jsdebugger.open.DAMP,damp,True,damp custom.jsdebugger.open.DAMP opt e10s fission stylo webrender,4768565,77,ms,firefox,,1700092773,2023-05-24T13:34:40,730.7338765308959,6a96bb1f430f92b83cc31f74db4e4c1f71e155e5,1245871
autoland,4768729,12,95f51e857a45cd76f1766c14d6bed804857cd27b,windows10-64-shippable-qr,True,False,,,102210fe594ee9b33d82058545b1ed14f4c8206e,custom.jsdebugger.open.DAMP,damp,True,damp custom.jsdebugger.open.DAMP opt e10s fission stylo webrender,4768565,77,ms,firefox,,1700209560,2023-05-24T17:26:23,737.6010857114088,b9da43bde2c92655235855f4bb966f7a2537eafa,1246058
autoland,4768729,12,95f51e857a45cd76f1766c14d6bed804857cd27b,windows10-64-shippable-qr,True,False,,,102210fe594ee9b33d82058545b1ed14f4c8206e,custom.jsdebugger.open.DAMP,damp,True,damp custom.jsdebugger.open.DAMP opt e10s fission stylo webrender,4768565,77,ms,firefox,,1700304962,2023-05-24T21:30:03,730.6789742511537,468123d0735b96f7486f1e1a4de373e3dd7520bd,1246204
autoland,4768729,12,95f51e857a45cd76f1766c14d6bed804857cd27b,windows10-64-shippable-qr,True,False,,,102210fe594ee9b33d82058545b1ed14f4c8206e,custom.jsdebugger.open.DAMP,damp,True,damp custom.jsdebugger.open.DAMP opt e10s fission stylo webrender,4768565,77,ms,firefox,,1700422776,2023-05-25T01:52:13,731.7931248698733,c1577427eba79d954813d300bfe6d4f09e0249f0,1246339
autoland,4768729,12,95f51e857a45cd76f1766c14d6bed804857cd27b,windows10-64-shippable-qr,True,False,,,102210fe594ee9b33d82058545b1ed14f4c8206e,custom.jsdebugger.open.DAMP,damp,True,damp custom.jsdebugger.open.DAMP opt e10s fission stylo webrender,4768565,77,ms,firefox,,1700471461,2023-05-25T06:53:28,729.7818061172366,ee3230b1fe26e5521d07465dcab71e75d586e422,1246434
autoland,4768729,12,95f51e857a45cd76f1766c14d6bed804857cd27b,windows10-64-shippable-qr,True,False,,,102210fe594ee9b33d82058545b1ed14f4c8206e,custom.jsdebugger.open.DAMP,damp,True,damp custom.jsdebugger.open.DAMP opt e10s fission stylo webrender,4768565,77,ms,firefox,,1700520183,2023-05-25T09:03:58,730.9628452410761,0cd7e9f3c07773af459b1d5676b4f14a1a4c2844,1246517
autoland,4768729,12,95f51e857a45cd76f1766c14d6bed804857cd27b,windows10-64-shippable-qr,True,False,,,102210fe594ee9b33d82058545b1ed14f4c8206e,custom.jsdebugger.open.DAMP,damp,True,damp custom.jsdebugger.open.DAMP opt e10s fission stylo webrender,4768565,77,ms,firefox,,1700636809,2023-05-25T13:17:19,738.1174085268431,09f3ed0c8776aaa707aab014022efa3a16e01a6e,1246661
autoland,4768729,12,95f51e857a45cd76f1766c14d6bed804857cd27b,windows10-64-shippable-qr,True,False,,,102210fe594ee9b33d82058545b1ed14f4c8206e,custom.jsdebugger.open.DAMP,damp,True,damp custom.jsdebugger.open.DAMP opt e10s fission stylo webrender,4768565,77,ms,firefox,,1700658386,2023-05-25T13:25:13,736.2626391229496,6e07dad252683bcc1ed82d6a973adda9b490af1f,1246670
autoland,4768729,12,95f51e857a45cd76f1766c14d6bed804857cd27b,windows10-64-shippable-qr,True,False,,,102210fe594ee9b33d82058545b1ed14f4c8206e,custom.jsdebugger.open.DAMP,damp,True,damp custom.jsdebugger.open.DAMP opt e10s fission stylo webrender,4768565,77,ms,firefox,,1700752979,2023-05-25T17:00:24,739.3146435097005,4971297a8917c4ce5f9136ebb0c82cde74eb50c4,1246837
autoland,4768729,12,95f51e857a45cd76f1766c14d6bed804857cd27b,windows10-64-shippable-qr,True,False,,,102210fe594ee9b33d82058545b1ed14f4c8206e,custom.jsdebugger.open.DAMP,damp,True,damp custom.jsdebugger.open.DAMP opt e10s fission stylo webrender,4768565,77,ms,firefox,,1702192793,2023-05-25T18:26:36,729.8443113854055,4bf572866cd10045eb6c23c0d2c4503ec300bc47,1246916
autoland,4768729,12,95f51e857a45cd76f1766c14d6bed804857cd27b,windows10-64-shippable-qr,True,False,,,102210fe594ee9b33d82058545b1ed14f4c8206e,custom.jsdebugger.open.DAMP,damp,True,damp custom.jsdebugger.open.DAMP opt e10s fission stylo webrender,4768565,77,ms,firefox,,1702251231,2023-05-25T18:52:09,737.0613311251436,ef3c9dc1f5b0dc8466c0a0b3cf844676eee6245b,1246934
autoland,4768729,12,95f51e857a45cd76f1766c14d6bed804857cd27b,windows10-64-shippable-qr,True,False,,,102210fe594ee9b33d82058545b1ed14f4c8206e,custom.jsdebugger.open.DAMP,damp,True,damp custom.jsdebugger.open.DAMP opt e10s fission stylo webrender,4768565,77,ms,firefox,,1702198698,2023-05-25T18:56:38,732.3166935410409,df28e8348fcdd4d0e936d64a055daaee19c788e3,1246936
autoland,4768729,12,95f51e857a45cd76f1766c14d6bed804857cd27b,windows10-64-shippable-qr,True,False,,,102210fe594ee9b33d82058545b1ed14f4c8206e,custom.jsdebugger.open.DAMP,damp,True,damp custom.jsdebugger.open.DAMP opt e10s fission stylo webrender,4768565,77,ms,firefox,,1702250968,2023-05-25T19:00:35,739.3922151437291,2814a41a8a5d3ebbd8c4d1bd8d310d5fed9be8dc,1246942
autoland,4768729,12,95f51e857a45cd76f1766c14d6bed804857cd27b,windows10-64-shippable-qr,True,False,,,102210fe594ee9b33d82058545b1ed14f4c8206e,custom.jsdebugger.open.DAMP,damp,True,damp custom.jsdebugger.open.DAMP opt e10s fission stylo webrender,4768565,77,ms,firefox,,1702250318,2023-05-25T19:25:41,738.6069857220355,7ff70fa8cd3f4326ef046d267b79b2dabd987ad9,1246958
autoland,4768729,12,95f51e857a45cd76f1766c14d6bed804857cd27b,windows10-64-shippable-qr,True,False,,,102210fe594ee9b33d82058545b1ed14f4c8206e,custom.jsdebugger.open.DAMP,damp,True,damp custom.jsdebugger.open.DAMP opt e10s fission stylo webrender,4768565,77,ms,firefox,,1702201910,2023-05-25T19:26:34,730.5358900114588,ea3006675e837e469878558f59f0a880257d43dc,1246960
autoland,4768729,12,95f51e857a45cd76f1766c14d6bed804857cd27b,windows10-64-shippable-qr,True,False,,,102210fe594ee9b33d82058545b1ed14f4c8206e,custom.jsdebugger.open.DAMP,damp,True,damp custom.jsdebugger.open.DAMP opt e10s fission stylo webrender,4768565,77,ms,firefox,,1702201242,2023-05-25T19:28:32,731.8285862912235,f2c3d2fd0f7e2dab2a5417af3f88c389e8ddb20d,1246963
autoland,4768729,12,95f51e857a45cd76f1766c14d6bed804857cd27b,windows10-64-shippable-qr,True,False,,,102210fe594ee9b33d82058545b1ed14f4c8206e,custom.jsdebugger.open.DAMP,damp,True,damp custom.jsdebugger.open.DAMP opt e10s fission stylo webrender,4768565,77,ms,firefox,,1702195308,2023-05-25T20:19:08,730.3795325296387,e8d96ca732ac53b092b7a9a8446c9c98651aabf1,1246995
autoland,4768729,12,95f51e857a45cd76f1766c14d6bed804857cd27b,windows10-64-shippable-qr,True,False,,,102210fe594ee9b33d82058545b1ed14f4c8206e,custom.jsdebugger.open.DAMP,damp,True,damp custom.jsdebugger.open.DAMP opt e10s fission stylo webrender,4768565,77,ms,firefox,,1702249996,2023-05-25T20:45:44,737.3630784701018,6df0877f288aedc3bbab71ce2edf6599bcaeae65,1247017
autoland,4768729,12,95f51e857a45cd76f1766c14d6bed804857cd27b,windows10-64-shippable-qr,True,False,,,102210fe594ee9b33d82058545b1ed14f4c8206e,custom.jsdebugger.open.DAMP,damp,True,damp custom.jsdebugger.open.DAMP opt e10s fission stylo webrender,4768565,77,ms,firefox,,1700914630,2023-05-25T20:49:35,731.3682442061399,6d91b4ed2bb8fbe97d7f5fcf7cad0e6f2bb6ad2f,1247021
autoland,4768729,12,95f51e857a45cd76f1766c14d6bed804857cd27b,windows10-64-shippable-qr,True,False,,,102210fe594ee9b33d82058545b1ed14f4c8206e,custom.jsdebugger.open.DAMP,damp,True,damp custom.jsdebugger.open.DAMP opt e10s fission stylo webrender,4768565,77,ms,firefox,,1702249346,2023-05-25T22:35:05,737.2882455140207,aacd89e0e6d225990c6e1cf431a38a50992f2b33,1247114
autoland,4768729,12,95f51e857a45cd76f1766c14d6bed804857cd27b,windows10-64-shippable-qr,True,False,,,102210fe594ee9b33d82058545b1ed14f4c8206e,custom.jsdebugger.open.DAMP,damp,True,damp custom.jsdebugger.open.DAMP opt e10s fission stylo webrender,4768565,77,ms,firefox,,1702204676,2023-05-25T23:51:01,730.0383180734498,aa71b370170e8e1e97424092248ad3032166bdba,1247148
autoland,4768729,12,95f51e857a45cd76f1766c14d6bed804857cd27b,windows10-64-shippable-qr,True,False,,,102210fe594ee9b33d82058545b1ed14f4c8206e,custom.jsdebugger.open.DAMP,damp,True,damp custom.jsdebugger.open.DAMP opt e10s fission stylo webrender,4768565,77,ms,firefox,,1702193611,2023-05-26T00:15:32,730.6110488366685,4cfea48018be8790cfe9ff7dffd92771b1c57459,1247163
autoland,4768729,12,95f51e857a45cd76f1766c14d6bed804857cd27b,windows10-64-shippable-qr,True,False,,,102210fe594ee9b33d82058545b1ed14f4c8206e,custom.jsdebugger.open.DAMP,damp,True,damp custom.jsdebugger.open.DAMP opt e10s fission stylo webrender,4768565,77,ms,firefox,,1702191854,2023-05-26T00:16:21,729.0605546123334,c4e6e3b4492898d738ece58f23393763d7b513e5,1247164
autoland,4768729,12,95f51e857a45cd76f1766c14d6bed804857cd27b,windows10-64-shippable-qr,True,False,,,102210fe594ee9b33d82058545b1ed14f4c8206e,custom.jsdebugger.open.DAMP,damp,True,damp custom.jsdebugger.open.DAMP opt e10s fission stylo webrender,4768565,77,ms,firefox,,1702203719,2023-05-26T00:17:17,735.9125543616829,419be14a6b2616f347b660caaa4e6d1cc341e940,1247165
autoland,4768729,12,95f51e857a45cd76f1766c14d6bed804857cd27b,windows10-64-shippable-qr,True,False,,,102210fe594ee9b33d82058545b1ed14f4c8206e,custom.jsdebugger.open.DAMP,damp,True,damp custom.jsdebugger.open.DAMP opt e10s fission stylo webrender,4768565,77,ms,firefox,,1702199803,2023-05-26T00:18:19,731.8359373666781,aff9f0762b468b3a199e72ca7a7b6eeb833c4980,1247166
autoland,4768729,12,95f51e857a45cd76f1766c14d6bed804857cd27b,windows10-64-shippable-qr,True,False,,,102210fe594ee9b33d82058545b1ed14f4c8206e,custom.jsdebugger.open.DAMP,damp,True,damp custom.jsdebugger.open.DAMP opt e10s fission stylo webrender,4768565,77,ms,firefox,,1702249575,2023-05-26T00:19:12,737.4748650795227,e6d63c2a651d697b4c42866c552b92b1719f5b9e,1247167
autoland,4768729,12,95f51e857a45cd76f1766c14d6bed804857cd27b,windows10-64-shippable-qr,True,False,,,102210fe594ee9b33d82058545b1ed14f4c8206e,custom.jsdebugger.open.DAMP,damp,True,damp custom.jsdebugger.open.DAMP opt e10s fission stylo webrender,4768565,77,ms,firefox,,1702250914,2023-05-26T00:20:01,737.5107861314973,29fa69db2655e35810d121a98dabb0a6e3af6d8d,1247169
autoland,4768729,12,95f51e857a45cd76f1766c14d6bed804857cd27b,windows10-64-shippable-qr,True,False,,,102210fe594ee9b33d82058545b1ed14f4c8206e,custom.jsdebugger.open.DAMP,damp,True,damp custom.jsdebugger.open.DAMP opt e10s fission stylo webrender,4768565,77,ms,firefox,,1702249294,2023-05-26T00:37:39,736.0399619890813,4893955e0bdf8402c4e481bcbe07643fda9bfb14,1247176
autoland,4768729,12,95f51e857a45cd76f1766c14d6bed804857cd27b,windows10-64-shippable-qr,True,False,,,102210fe594ee9b33d82058545b1ed14f4c8206e,custom.jsdebugger.open.DAMP,damp,True,damp custom.jsdebugger.open.DAMP opt e10s fission stylo webrender,4768565,77,ms,firefox,,1701061287,2023-05-26T00:58:32,736.8797596742879,d49f009b89ad3ae1616d96cb1d2d9234ef3f6cda,1247180
autoland,4768729,12,95f51e857a45cd76f1766c14d6bed804857cd27b,windows10-64-shippable-qr,True,False,,,102210fe594ee9b33d82058545b1ed14f4c8206e,custom.jsdebugger.open.DAMP,damp,True,damp custom.jsdebugger.open.DAMP opt e10s fission stylo webrender,4768565,77,ms,firefox,,1702250574,2023-05-26T01:31:15,735.5209838044175,9d1123793cf49ad9289cdc171cc461ff56f1341f,1247195
autoland,4768729,12,95f51e857a45cd76f1766c14d6bed804857cd27b,windows10-64-shippable-qr,True,False,,,102210fe594ee9b33d82058545b1ed14f4c8206e,custom.jsdebugger.open.DAMP,damp,True,damp custom.jsdebugger.open.DAMP opt e10s fission stylo webrender,4768565,77,ms,firefox,,1702203303,2023-05-26T01:38:12,730.7344672879844,4210d649f10bffed6d5ec12a6bf190015988e554,1247200
autoland,4768729,12,95f51e857a45cd76f1766c14d6bed804857cd27b,windows10-64-shippable-qr,True,False,,,102210fe594ee9b33d82058545b1ed14f4c8206e,custom.jsdebugger.open.DAMP,damp,True,damp custom.jsdebugger.open.DAMP opt e10s fission stylo webrender,4768565,77,ms,firefox,,1702205635,2023-05-26T02:57:01,734.5705518331379,260ffbbe45e0d474d615675f1b7fc496611e4aa4,1247216
autoland,4768729,12,95f51e857a45cd76f1766c14d6bed804857cd27b,windows10-64-shippable-qr,True,False,,,102210fe594ee9b33d82058545b1ed14f4c8206e,custom.jsdebugger.open.DAMP,damp,True,damp custom.jsdebugger.open.DAMP opt e10s fission stylo webrender,4768565,77,ms,firefox,,1702249134,2023-05-26T03:18:08,737.4400319488122,d659b70ec02be8ad2ab084872ca6ac6a3d4165d3,1247219
autoland,4768729,12,95f51e857a45cd76f1766c14d6bed804857cd27b,windows10-64-shippable-qr,True,False,,,102210fe594ee9b33d82058545b1ed14f4c8206e,custom.jsdebugger.open.DAMP,damp,True,damp custom.jsdebugger.open.DAMP opt e10s fission stylo webrender,4768565,77,ms,firefox,,1702202235,2023-05-26T03:22:10,730.4264926594624,55bbbfb67e7f8c4094a554ff4d87be0a8a0982db,1247220
autoland,4768729,12,95f51e857a45cd76f1766c14d6bed804857cd27b,windows10-64-shippable-qr,True,False,,,102210fe594ee9b33d82058545b1ed14f4c8206e,custom.jsdebugger.open.DAMP,damp,True,damp custom.jsdebugger.open.DAMP opt e10s fission stylo webrender,4768565,77,ms,firefox,,1702251903,2023-05-26T03:43:51,744.776409790793,382ba4dac7e8671150b9feeb2c87c76e92245e9f,1247225
autoland,4768729,12,95f51e857a45cd76f1766c14d6bed804857cd27b,windows10-64-shippable-qr,True,False,,,102210fe594ee9b33d82058545b1ed14f4c8206e,custom.jsdebugger.open.DAMP,damp,True,damp custom.jsdebugger.open.DAMP opt e10s fission stylo webrender,4768565,77,ms,firefox,,1702250053,2023-05-26T04:57:09,736.9018386270618,42b73d4571be8d893496e8c1d39d7234a6966199,1247240
autoland,4768729,12,95f51e857a45cd76f1766c14d6bed804857cd27b,windows10-64-shippable-qr,True,False,,,102210fe594ee9b33d82058545b1ed14f4c8206e,custom.jsdebugger.open.DAMP,damp,True,damp custom.jsdebugger.open.DAMP opt e10s fission stylo webrender,4768565,77,ms,firefox,,1701141307,2023-05-26T04:58:44,730.6704541032886,ffc18acbe9c027a3d6c960322b40a9d0576af311,1247241
autoland,4768729,12,95f51e857a45cd76f1766c14d6bed804857cd27b,windows10-64-shippable-qr,True,False,,,102210fe594ee9b33d82058545b1ed14f4c8206e,custom.jsdebugger.open.DAMP,damp,True,damp custom.jsdebugger.open.DAMP opt e10s fission stylo webrender,4768565,77,ms,firefox,,1702205205,2023-05-26T06:55:34,735.5056238070247,655787761ee96f7f354610ac02d9905ab2808c3e,1247258
autoland,4768729,12,95f51e857a45cd76f1766c14d6bed804857cd27b,windows10-64-shippable-qr,True,False,,,102210fe594ee9b33d82058545b1ed14f4c8206e,custom.jsdebugger.open.DAMP,damp,True,damp custom.jsdebugger.open.DAMP opt e10s fission stylo webrender,4768565,77,ms,firefox,,1702201463,2023-05-26T07:03:37,735.7426992325563,4c70b057a3c1ef090eda09ffc896dbda8d464d07,1247262
autoland,4768729,12,95f51e857a45cd76f1766c14d6bed804857cd27b,windows10-64-shippable-qr,True,False,,,102210fe594ee9b33d82058545b1ed14f4c8206e,custom.jsdebugger.open.DAMP,damp,True,damp custom.jsdebugger.open.DAMP opt e10s fission stylo webrender,4768565,77,ms,firefox,,1702202062,2023-05-26T07:06:41,729.9426662693513,9fea6478ee86353187486347c908da969c4ac598,1247263
autoland,4768729,12,95f51e857a45cd76f1766c14d6bed804857cd27b,windows10-64-shippable-qr,True,False,,,102210fe594ee9b33d82058545b1ed14f4c8206e,custom.jsdebugger.open.DAMP,damp,True,damp custom.jsdebugger.open.DAMP opt e10s fission stylo webrender,4768565,77,ms,firefox,,1702250686,2023-05-26T07:07:57,738.6674521901869,fadc9036ed2fa3d772ef0b67cb2a69d093a901c9,1247264
autoland,4768729,12,95f51e857a45cd76f1766c14d6bed804857cd27b,windows10-64-shippable-qr,True,False,,,102210fe594ee9b33d82058545b1ed14f4c8206e,custom.jsdebugger.open.DAMP,damp,True,damp custom.jsdebugger.open.DAMP opt e10s fission stylo webrender,4768565,77,ms,firefox,,1702205367,2023-05-26T08:03:45,736.003648165075,c9f0585fc505510268a617dd59fa4c5c541bdff8,1247280
autoland,4768729,12,95f51e857a45cd76f1766c14d6bed804857cd27b,windows10-64-shippable-qr,True,False,,,102210fe594ee9b33d82058545b1ed14f4c8206e,custom.jsdebugger.open.DAMP,damp,True,damp custom.jsdebugger.open.DAMP opt e10s fission stylo webrender,4768565,77,ms,firefox,,1702207025,2023-05-26T08:11:34,731.7665675548196,f7e0e57e2bf15e306f4988f12ca37452359281f3,1247282
autoland,4768729,12,95f51e857a45cd76f1766c14d6bed804857cd27b,windows10-64-shippable-qr,True,False,,,102210fe594ee9b33d82058545b1ed14f4c8206e,custom.jsdebugger.open.DAMP,damp,True,damp custom.jsdebugger.open.DAMP opt e10s fission stylo webrender,4768565,77,ms,firefox,,1702251819,2023-05-26T08:13:44,735.9286871894656,af6b28cc40a8b4fd7a7dd28e466974c9e5d2e678,1247285
autoland,4768729,12,95f51e857a45cd76f1766c14d6bed804857cd27b,windows10-64-shippable-qr,True,False,,,102210fe594ee9b33d82058545b1ed14f4c8206e,custom.jsdebugger.open.DAMP,damp,True,damp custom.jsdebugger.open.DAMP opt e10s fission stylo webrender,4768565,77,ms,firefox,,1702192385,2023-05-26T08:28:18,729.3713246889383,77499c0d912fa1e4f6effeabe407c0c4c3410902,1247291
autoland,4768729,12,95f51e857a45cd76f1766c14d6bed804857cd27b,windows10-64-shippable-qr,True,False,,,102210fe594ee9b33d82058545b1ed14f4c8206e,custom.jsdebugger.open.DAMP,damp,True,damp custom.jsdebugger.open.DAMP opt e10s fission stylo webrender,4768565,77,ms,firefox,,1702200641,2023-05-26T08:29:14,738.4217888345738,5335cd5396a1d68741d6ad063b8ea8a439361df5,1247292
autoland,4768729,12,95f51e857a45cd76f1766c14d6bed804857cd27b,windows10-64-shippable-qr,True,False,,,102210fe594ee9b33d82058545b1ed14f4c8206e,custom.jsdebugger.open.DAMP,damp,True,damp custom.jsdebugger.open.DAMP opt e10s fission stylo webrender,4768565,77,ms,firefox,,1701215568,2023-05-26T08:30:04,728.7024957623435,35f77e2aafb53fdda81c118a9ea61aefdacd61b4,1247293
autoland,4768729,12,95f51e857a45cd76f1766c14d6bed804857cd27b,windows10-64-shippable-qr,True,False,,,102210fe594ee9b33d82058545b1ed14f4c8206e,custom.jsdebugger.open.DAMP,damp,True,damp custom.jsdebugger.open.DAMP opt e10s fission stylo webrender,4768565,77,ms,firefox,,1701361500,2023-05-26T12:58:50,731.8678396714531,3999253a6a3dc448416b9a73377e8599ca6bd022,1247437
autoland,4768729,12,95f51e857a45cd76f1766c14d6bed804857cd27b,windows10-64-shippable-qr,True,False,,,102210fe594ee9b33d82058545b1ed14f4c8206e,custom.jsdebugger.open.DAMP,damp,True,damp custom.jsdebugger.open.DAMP opt e10s fission stylo webrender,4768565,77,ms,firefox,,1701377857,2023-05-26T13:11:40,737.9449455982394,bb19012006135abc7ddd72be3cd269be7ef114b5,1247444
autoland,4768729,12,95f51e857a45cd76f1766c14d6bed804857cd27b,windows10-64-shippable-qr,True,False,,,102210fe594ee9b33d82058545b1ed14f4c8206e,custom.jsdebugger.open.DAMP,damp,True,damp custom.jsdebugger.open.DAMP opt e10s fission stylo webrender,4768565,77,ms,firefox,,1701530885,2023-05-26T17:23:29,736.6588182769046,8ca2ea7fe36515caaf70ddf90bfd2ee269f059cf,1247619
autoland,4768729,12,95f51e857a45cd76f1766c14d6bed804857cd27b,windows10-64-shippable-qr,True,False,,,102210fe594ee9b33d82058545b1ed14f4c8206e,custom.jsdebugger.open.DAMP,damp,True,damp custom.jsdebugger.open.DAMP opt e10s fission stylo webrender,4768565,77,ms,firefox,,1701639287,2023-05-26T19:44:57,735.5311137758035,fc6056442a0fa16146259cb730d4e34a16656952,1247712
autoland,4768729,12,95f51e857a45cd76f1766c14d6bed804857cd27b,windows10-64-shippable-qr,True,False,,,102210fe594ee9b33d82058545b1ed14f4c8206e,custom.jsdebugger.open.DAMP,damp,True,damp custom.jsdebugger.open.DAMP opt e10s fission stylo webrender,4768565,77,ms,firefox,,1701735610,2023-05-27T00:56:39,729.8615074369736,b45b68be3f9bae0da4d649a44e60c6cd175f2212,1247879
autoland,4768729,12,95f51e857a45cd76f1766c14d6bed804857cd27b,windows10-64-shippable-qr,True,False,,,102210fe594ee9b33d82058545b1ed14f4c8206e,custom.jsdebugger.open.DAMP,damp,True,damp custom.jsdebugger.open.DAMP opt e10s fission stylo webrender,4768565,77,ms,firefox,,1701887731,2023-05-27T11:39:36,731.6756812846288,6a941c8c6ff3290e530942915ee97161b670f15d,1247945
autoland,4768729,12,95f51e857a45cd76f1766c14d6bed804857cd27b,windows10-64-shippable-qr,True,False,,,102210fe594ee9b33d82058545b1ed14f4c8206e,custom.jsdebugger.open.DAMP,damp,True,damp custom.jsdebugger.open.DAMP opt e10s fission stylo webrender,4768565,77,ms,firefox,,1701925202,2023-05-27T15:52:21,731.9028510885764,531a15ae09d49e29c270830e9b873aa625a5a8c2,1247961
autoland,4768729,12,95f51e857a45cd76f1766c14d6bed804857cd27b,windows10-64-shippable-qr,True,False,,,102210fe594ee9b33d82058545b1ed14f4c8206e,custom.jsdebugger.open.DAMP,damp,True,damp custom.jsdebugger.open.DAMP opt e10s fission stylo webrender,4768565,77,ms,firefox,,1702047802,2023-05-28T20:46:15,729.6271543279145,47f0f49b40361f9c5bde3a5691dc5d65ec1e0061,1248031
autoland,4768729,12,95f51e857a45cd76f1766c14d6bed804857cd27b,windows10-64-shippable-qr,True,False,,,102210fe594ee9b33d82058545b1ed14f4c8206e,custom.jsdebugger.open.DAMP,damp,True,damp custom.jsdebugger.open.DAMP opt e10s fission stylo webrender,4768565,77,ms,firefox,,1702078768,2023-05-29T02:12:22,727.9168841240462,1f8f2142966233c5d8d437f93d361aa0cc2b36c6,1248080
autoland,4768729,12,95f51e857a45cd76f1766c14d6bed804857cd27b,windows10-64-shippable-qr,True,False,,,102210fe594ee9b33d82058545b1ed14f4c8206e,custom.jsdebugger.open.DAMP,damp,True,damp custom.jsdebugger.open.DAMP opt e10s fission stylo webrender,4768565,77,ms,firefox,,1702136286,2023-05-29T06:50:24,731.404137784164,1565861edeebf64845658a3f48cb89fa4515bb68,1248115
autoland,4768729,12,95f51e857a45cd76f1766c14d6bed804857cd27b,windows10-64-shippable-qr,True,False,,,102210fe594ee9b33d82058545b1ed14f4c8206e,custom.jsdebugger.open.DAMP,damp,True,damp custom.jsdebugger.open.DAMP opt e10s fission stylo webrender,4768565,77,ms,firefox,,1702157023,2023-05-29T07:27:55,730.5936540639668,31915ad324761c4fe80dac65ca36f070ab2102a2,1248125
autoland,4768729,12,95f51e857a45cd76f1766c14d6bed804857cd27b,windows10-64-shippable-qr,True,False,,,102210fe594ee9b33d82058545b1ed14f4c8206e,custom.jsdebugger.open.DAMP,damp,True,damp custom.jsdebugger.open.DAMP opt e10s fission stylo webrender,4768565,77,ms,firefox,,1702326523,2023-05-29T15:52:56,729.961910554819,e1a08bab18008646938a96dfab802d2471fcadc1,1248305
autoland,4768729,12,95f51e857a45cd76f1766c14d6bed804857cd27b,windows10-64-shippable-qr,True,False,,,102210fe594ee9b33d82058545b1ed14f4c8206e,custom.jsdebugger.open.DAMP,damp,True,damp custom.jsdebugger.open.DAMP opt e10s fission stylo webrender,4768565,77,ms,firefox,,1702433281,2023-05-29T20:27:32,736.134350234126,496eefc6bee2519ce93df561b640b582e869b964,1248440
autoland,4768729,12,95f51e857a45cd76f1766c14d6bed804857cd27b,windows10-64-shippable-qr,True,False,,,102210fe594ee9b33d82058545b1ed14f4c8206e,custom.jsdebugger.open.DAMP,damp,True,damp custom.jsdebugger.open.DAMP opt e10s fission stylo webrender,4768565,77,ms,firefox,,1702418001,2023-05-29T20:34:18,733.0383641927328,f7d3e204b0fb015cf0fb51a08403e22986a2ae52,1248445
autoland,4768729,12,95f51e857a45cd76f1766c14d6bed804857cd27b,windows10-64-shippable-qr,True,False,,,102210fe594ee9b33d82058545b1ed14f4c8206e,custom.jsdebugger.open.DAMP,damp,True,damp custom.jsdebugger.open.DAMP opt e10s fission stylo webrender,4768565,77,ms,firefox,,1702487998,2023-05-30T01:15:28,730.1557502670694,82442b2d56d94c600cca707dd62ab7a19d68bbd2,1248536
autoland,4768729,12,95f51e857a45cd76f1766c14d6bed804857cd27b,windows10-64-shippable-qr,True,False,,,102210fe594ee9b33d82058545b1ed14f4c8206e,custom.jsdebugger.open.DAMP,damp,True,damp custom.jsdebugger.open.DAMP opt e10s fission stylo webrender,4768565,77,ms,firefox,,1702588728,2023-05-30T06:58:06,731.3452042179215,23a3b1b5a2b78d86456189221e567423206bc00a,1248601
autoland,4768729,12,95f51e857a45cd76f1766c14d6bed804857cd27b,windows10-64-shippable-qr,True,False,,,102210fe594ee9b33d82058545b1ed14f4c8206e,custom.jsdebugger.open.DAMP,damp,True,damp custom.jsdebugger.open.DAMP opt e10s fission stylo webrender,4768565,77,ms,firefox,,1702606057,2023-05-30T07:49:46,727.8639322221015,64b2487b96b949b3c6a787dfd17210f9998fb42e,1248618
autoland,4768729,12,95f51e857a45cd76f1766c14d6bed804857cd27b,windows10-64-shippable-qr,True,False,,,102210fe594ee9b33d82058545b1ed14f4c8206e,custom.jsdebugger.open.DAMP,damp,True,damp custom.jsdebugger.open.DAMP opt e10s fission stylo webrender,4768565,77,ms,firefox,,1702750794,2023-05-30T12:05:20,731.1791456362844,121d4440186ece5c7acf444a8879a3818d54fef5,1248752
autoland,4768729,12,95f51e857a45cd76f1766c14d6bed804857cd27b,windows10-64-shippable-qr,True,False,,,102210fe594ee9b33d82058545b1ed14f4c8206e,custom.jsdebugger.open.DAMP,damp,True,damp custom.jsdebugger.open.DAMP opt e10s fission stylo webrender,4768565,77,ms,firefox,,1702822012,2023-05-30T15:20:14,729.9523294598912,8ddf44b47ed68e786f1ca69913136fe2ddd7f1d2,1248888
autoland,4768729,12,95f51e857a45cd76f1766c14d6bed804857cd27b,windows10-64-shippable-qr,True,False,,,102210fe594ee9b33d82058545b1ed14f4c8206e,custom.jsdebugger.open.DAMP,damp,True,damp custom.jsdebugger.open.DAMP opt e10s fission stylo webrender,4768565,77,ms,firefox,,1702913197,2023-05-30T19:20:55,746.7336954425491,361a866d206fd695b15823113863d449afb7c87d,1249050
autoland,4768729,12,95f51e857a45cd76f1766c14d6bed804857cd27b,windows10-64-shippable-qr,True,False,,,102210fe594ee9b33d82058545b1ed14f4c8206e,custom.jsdebugger.open.DAMP,damp,True,damp custom.jsdebugger.open.DAMP opt e10s fission stylo webrender,4768565,77,ms,firefox,,1702949699,2023-05-30T19:21:44,738.7964102637488,f9dad80c02c9517d8cb38311989dab88f1236015,1249051
autoland,4768729,12,95f51e857a45cd76f1766c14d6bed804857cd27b,windows10-64-shippable-qr,True,False,,,102210fe594ee9b33d82058545b1ed14f4c8206e,custom.jsdebugger.open.DAMP,damp,True,damp custom.jsdebugger.open.DAMP opt e10s fission stylo webrender,4768565,77,ms,firefox,,1703058078,2023-05-30T22:16:30,728.1358191944582,0ea1f0bff41ab8b0e92e4f35f3d6eaf801ad3fc0,1249172
autoland,4768729,12,95f51e857a45cd76f1766c14d6bed804857cd27b,windows10-64-shippable-qr,True,False,,,102210fe594ee9b33d82058545b1ed14f4c8206e,custom.jsdebugger.open.DAMP,damp,True,damp custom.jsdebugger.open.DAMP opt e10s fission stylo webrender,4768565,77,ms,firefox,,1703154565,2023-05-31T02:21:54,729.9552171048927,40997d8c121ee054ffe5df2c1a10d3a392f78c3c,1249255
autoland,4768729,12,95f51e857a45cd76f1766c14d6bed804857cd27b,windows10-64-shippable-qr,True,False,,,102210fe594ee9b33d82058545b1ed14f4c8206e,custom.jsdebugger.open.DAMP,damp,True,damp custom.jsdebugger.open.DAMP opt e10s fission stylo webrender,4768565,77,ms,firefox,,1703390582,2023-05-31T09:56:26,735.63788064658,2317c21d7aeb68528ec7946980e7ca68d74c451a,1249439
autoland,4768729,12,95f51e857a45cd76f1766c14d6bed804857cd27b,windows10-64-shippable-qr,True,False,,,102210fe594ee9b33d82058545b1ed14f4c8206e,custom.jsdebugger.open.DAMP,damp,True,damp custom.jsdebugger.open.DAMP opt e10s fission stylo webrender,4768565,77,ms,firefox,,1703662483,2023-05-31T14:02:33,731.2174666944193,7d2ea0789fc8c8538febac2643670ed4a46de087,1249550
autoland,4768729,12,95f51e857a45cd76f1766c14d6bed804857cd27b,windows10-64-shippable-qr,True,False,,,102210fe594ee9b33d82058545b1ed14f4c8206e,custom.jsdebugger.open.DAMP,damp,True,damp custom.jsdebugger.open.DAMP opt e10s fission stylo webrender,4768565,77,ms,firefox,,1703750834,2023-05-31T15:08:35,729.1487608552779,513ac812d28fbd668a0b4216f4f52aef38b29501,1249582
autoland,4768729,12,95f51e857a45cd76f1766c14d6bed804857cd27b,windows10-64-shippable-qr,True,False,,,102210fe594ee9b33d82058545b1ed14f4c8206e,custom.jsdebugger.open.DAMP,damp,True,damp custom.jsdebugger.open.DAMP opt e10s fission stylo webrender,4768565,77,ms,firefox,,1703851679,2023-05-31T17:22:12,735.5023910379532,b1a1fe06a88b8bdb3f1c5564d12f6798261f34f8,1249712
autoland,4768729,12,95f51e857a45cd76f1766c14d6bed804857cd27b,windows10-64-shippable-qr,True,False,,,102210fe594ee9b33d82058545b1ed14f4c8206e,custom.jsdebugger.open.DAMP,damp,True,damp custom.jsdebugger.open.DAMP opt e10s fission stylo webrender,4768565,77,ms,firefox,,1703997261,2023-05-31T20:28:19,730.6685376249297,acd631722a01cb363c4967477af9f240d35cd218,1249881
autoland,4768729,12,95f51e857a45cd76f1766c14d6bed804857cd27b,windows10-64-shippable-qr,True,False,,,102210fe594ee9b33d82058545b1ed14f4c8206e,custom.jsdebugger.open.DAMP,damp,True,damp custom.jsdebugger.open.DAMP opt e10s fission stylo webrender,4768565,77,ms,firefox,,1704162652,2023-05-31T23:35:37,734.8598005791719,69cd9d943489100b8424cf1b19b0646cbc9c317c,1250055
autoland,4768729,12,95f51e857a45cd76f1766c14d6bed804857cd27b,windows10-64-shippable-qr,True,False,,,102210fe594ee9b33d82058545b1ed14f4c8206e,custom.jsdebugger.open.DAMP,damp,True,damp custom.jsdebugger.open.DAMP opt e10s fission stylo webrender,4768565,77,ms,firefox,,1704237998,2023-06-01T03:44:27,730.5662686833102,5d6127a9b7ed37774d6403efd4ee1ec813503592,1250134
autoland,4768729,12,95f51e857a45cd76f1766c14d6bed804857cd27b,windows10-64-shippable-qr,True,False,,,102210fe594ee9b33d82058545b1ed14f4c8206e,custom.jsdebugger.open.DAMP,damp,True,damp custom.jsdebugger.open.DAMP opt e10s fission stylo webrender,4768565,77,ms,firefox,,1704351061,2023-06-01T08:18:01,730.7834354944353,310a02cb1216c0fafadcbc049aac0875871eab96,1250206
autoland,4768729,12,95f51e857a45cd76f1766c14d6bed804857cd27b,windows10-64-shippable-qr,True,False,,,102210fe594ee9b33d82058545b1ed14f4c8206e,custom.jsdebugger.open.DAMP,damp,True,damp custom.jsdebugger.open.DAMP opt e10s fission stylo webrender,4768565,77,ms,firefox,,1704400198,2023-06-01T09:51:53,732.3761217057108,3ee1184f75ef01c3b8b3acb826d84a189cac75ce,1250243
autoland,4768729,12,95f51e857a45cd76f1766c14d6bed804857cd27b,windows10-64-shippable-qr,True,False,,,102210fe594ee9b33d82058545b1ed14f4c8206e,custom.jsdebugger.open.DAMP,damp,True,damp custom.jsdebugger.open.DAMP opt e10s fission stylo webrender,4768565,77,ms,firefox,,1704621932,2023-06-01T13:54:39,734.6751704105336,01e7e891e3d0793f8a185fe99b6f8cc9c6ffa74e,1250379
autoland,4768729,12,95f51e857a45cd76f1766c14d6bed804857cd27b,windows10-64-shippable-qr,True,False,,,102210fe594ee9b33d82058545b1ed14f4c8206e,custom.jsdebugger.open.DAMP,damp,True,damp custom.jsdebugger.open.DAMP opt e10s fission stylo webrender,4768565,77,ms,firefox,,1705945705,2023-06-01T19:32:49,731.9038627347763,d58641e1ccd1a3e181799d0a06a98678fc1bdf9c,1250623
autoland,4768729,12,95f51e857a45cd76f1766c14d6bed804857cd27b,windows10-64-shippable-qr,True,False,,,102210fe594ee9b33d82058545b1ed14f4c8206e,custom.jsdebugger.open.DAMP,damp,True,damp custom.jsdebugger.open.DAMP opt e10s fission stylo webrender,4768565,77,ms,firefox,,1704809300,2023-06-01T19:53:44,734.822034132616,ae0f513f1d25aef3f79ad009b5f2dd7407536827,1250634
autoland,4768729,12,95f51e857a45cd76f1766c14d6bed804857cd27b,windows10-64-shippable-qr,True,False,,,102210fe594ee9b33d82058545b1ed14f4c8206e,custom.jsdebugger.open.DAMP,damp,True,damp custom.jsdebugger.open.DAMP opt e10s fission stylo webrender,4768565,77,ms,firefox,,1705946386,2023-06-01T20:22:41,734.3179653819825,1fa8d2cfeeb886bdfea10f7bf40e6d4783101a56,1250646
autoland,4768729,12,95f51e857a45cd76f1766c14d6bed804857cd27b,windows10-64-shippable-qr,True,False,,,102210fe594ee9b33d82058545b1ed14f4c8206e,custom.jsdebugger.open.DAMP,damp,True,damp custom.jsdebugger.open.DAMP opt e10s fission stylo webrender,4768565,77,ms,firefox,,1705946136,2023-06-01T20:23:34,732.9798603333911,82e198deee76264730763e2f36fa52298456b773,1250647
autoland,4768729,12,95f51e857a45cd76f1766c14d6bed804857cd27b,windows10-64-shippable-qr,True,False,,,102210fe594ee9b33d82058545b1ed14f4c8206e,custom.jsdebugger.open.DAMP,damp,True,damp custom.jsdebugger.open.DAMP opt e10s fission stylo webrender,4768565,77,ms,firefox,,1705945973,2023-06-01T20:24:24,727.8811393587603,fb52e6ee18c65d0d8818f001f0a49805e43c16bc,1250649
autoland,4768729,12,95f51e857a45cd76f1766c14d6bed804857cd27b,windows10-64-shippable-qr,True,False,,,102210fe594ee9b33d82058545b1ed14f4c8206e,custom.jsdebugger.open.DAMP,damp,True,damp custom.jsdebugger.open.DAMP opt e10s fission stylo webrender,4768565,77,ms,firefox,,1705946057,2023-06-01T21:15:01,730.573292541776,1cf3742ac6dcf4fa57256506dad12b389e1e3071,1250666
autoland,4768729,12,95f51e857a45cd76f1766c14d6bed804857cd27b,windows10-64-shippable-qr,True,False,,,102210fe594ee9b33d82058545b1ed14f4c8206e,custom.jsdebugger.open.DAMP,damp,True,damp custom.jsdebugger.open.DAMP opt e10s fission stylo webrender,4768565,77,ms,firefox,,1704848527,2023-06-01T21:35:55,740.1933996317093,9718fca142ae7765c8ca6c3616fab6e303225556,1250675
autoland,4768729,12,95f51e857a45cd76f1766c14d6bed804857cd27b,windows10-64-shippable-qr,True,False,,,102210fe594ee9b33d82058545b1ed14f4c8206e,custom.jsdebugger.open.DAMP,damp,True,damp custom.jsdebugger.open.DAMP opt e10s fission stylo webrender,4768565,77,ms,firefox,,1705946332,2023-06-01T23:24:04,729.7315655473649,68ec5d009309ef9993821a1a63175de4fa85ae0f,1250715
autoland,4768729,12,95f51e857a45cd76f1766c14d6bed804857cd27b,windows10-64-shippable-qr,True,False,,,102210fe594ee9b33d82058545b1ed14f4c8206e,custom.jsdebugger.open.DAMP,damp,True,damp custom.jsdebugger.open.DAMP opt e10s fission stylo webrender,4768565,77,ms,firefox,,1705946512,2023-06-01T23:59:52,732.0903467293974,b37ec4bc7ce45179b2a60bd693aa4bd172c098e9,1250733
autoland,4768729,12,95f51e857a45cd76f1766c14d6bed804857cd27b,windows10-64-shippable-qr,True,False,,,102210fe594ee9b33d82058545b1ed14f4c8206e,custom.jsdebugger.open.DAMP,damp,True,damp custom.jsdebugger.open.DAMP opt e10s fission stylo webrender,4768565,77,ms,firefox,,1704931635,2023-06-02T02:04:00,729.1568248905678,c365694efc9c7ac4c2c010f9dc97afb7c80107ee,1250783
autoland,4768729,12,95f51e857a45cd76f1766c14d6bed804857cd27b,windows10-64-shippable-qr,True,False,,,102210fe594ee9b33d82058545b1ed14f4c8206e,custom.jsdebugger.open.DAMP,damp,True,damp custom.jsdebugger.open.DAMP opt e10s fission stylo webrender,4768565,77,ms,firefox,,1705946942,2023-06-02T03:33:05,727.4386616199445,9029aec22db868111a40c420805ea97f69651924,1250800
autoland,4768729,12,95f51e857a45cd76f1766c14d6bed804857cd27b,windows10-64-shippable-qr,True,False,,,102210fe594ee9b33d82058545b1ed14f4c8206e,custom.jsdebugger.open.DAMP,damp,True,damp custom.jsdebugger.open.DAMP opt e10s fission stylo webrender,4768565,77,ms,firefox,,1705946868,2023-06-02T06:59:21,730.5113926885097,e137dcbacf73e08e4d9142c97062c67cd28df32d,1250821
autoland,4768729,12,95f51e857a45cd76f1766c14d6bed804857cd27b,windows10-64-shippable-qr,True,False,,,102210fe594ee9b33d82058545b1ed14f4c8206e,custom.jsdebugger.open.DAMP,damp,True,damp custom.jsdebugger.open.DAMP opt e10s fission stylo webrender,4768565,77,ms,firefox,,1705948729,2023-06-02T07:55:18,733.9893196708872,34703ee9e3db6d0b2f07895b1b37c2d9c0fe5f94,1250840
autoland,4768729,12,95f51e857a45cd76f1766c14d6bed804857cd27b,windows10-64-shippable-qr,True,False,,,102210fe594ee9b33d82058545b1ed14f4c8206e,custom.jsdebugger.open.DAMP,damp,True,damp custom.jsdebugger.open.DAMP opt e10s fission stylo webrender,4768565,77,ms,firefox,,1705948836,2023-06-02T07:58:15,728.2591962895531,5ab03ad25178d0c84f7fb401f338b8157e8b5221,1250841
autoland,4768729,12,95f51e857a45cd76f1766c14d6bed804857cd27b,windows10-64-shippable-qr,True,False,,,102210fe594ee9b33d82058545b1ed14f4c8206e,custom.jsdebugger.open.DAMP,damp,True,damp custom.jsdebugger.open.DAMP opt e10s fission stylo webrender,4768565,77,ms,firefox,,1705946754,2023-06-02T08:02:51,729.8024705685675,5230be9ab9568683cb9e49352815ed9c0cb75392,1250843
autoland,4768729,12,95f51e857a45cd76f1766c14d6bed804857cd27b,windows10-64-shippable-qr,True,False,,,102210fe594ee9b33d82058545b1ed14f4c8206e,custom.jsdebugger.open.DAMP,damp,True,damp custom.jsdebugger.open.DAMP opt e10s fission stylo webrender,4768565,77,ms,firefox,,1705948782,2023-06-02T09:36:17,728.7110436333023,fdd5ba505c9159f283754655d2daa70c98c9c16f,1250880
autoland,4768729,12,95f51e857a45cd76f1766c14d6bed804857cd27b,windows10-64-shippable-qr,True,False,,,102210fe594ee9b33d82058545b1ed14f4c8206e,custom.jsdebugger.open.DAMP,damp,True,damp custom.jsdebugger.open.DAMP opt e10s fission stylo webrender,4768565,77,ms,firefox,,1705947098,2023-06-02T09:55:16,730.0406288858649,17def1f78e36506da8952f14c85d928f79c02f8b,1250895
autoland,4768729,12,95f51e857a45cd76f1766c14d6bed804857cd27b,windows10-64-shippable-qr,True,False,,,102210fe594ee9b33d82058545b1ed14f4c8206e,custom.jsdebugger.open.DAMP,damp,True,damp custom.jsdebugger.open.DAMP opt e10s fission stylo webrender,4768565,77,ms,firefox,,1705946829,2023-06-02T10:15:30,729.4609528386682,003c67f3d6dc6404f34b0f690276ec1e04e25bb2,1250909
autoland,4768729,12,95f51e857a45cd76f1766c14d6bed804857cd27b,windows10-64-shippable-qr,True,False,,,102210fe594ee9b33d82058545b1ed14f4c8206e,custom.jsdebugger.open.DAMP,damp,True,damp custom.jsdebugger.open.DAMP opt e10s fission stylo webrender,4768565,77,ms,firefox,,1705153701,2023-06-02T12:19:13,727.2050036710425,5d642eb9394b5f5e9e9f0a4b6be492055e341e31,1250979
autoland,4768729,12,95f51e857a45cd76f1766c14d6bed804857cd27b,windows10-64-shippable-qr,True,False,,,102210fe594ee9b33d82058545b1ed14f4c8206e,custom.jsdebugger.open.DAMP,damp,True,damp custom.jsdebugger.open.DAMP opt e10s fission stylo webrender,4768565,77,ms,firefox,,1706023298,2023-06-02T12:39:59,734.611853131224,44753b3cb852aea36a82fb219e6ea6aaab868587,1250990
autoland,4768729,12,95f51e857a45cd76f1766c14d6bed804857cd27b,windows10-64-shippable-qr,True,False,,,102210fe594ee9b33d82058545b1ed14f4c8206e,custom.jsdebugger.open.DAMP,damp,True,damp custom.jsdebugger.open.DAMP opt e10s fission stylo webrender,4768565,77,ms,firefox,,1706019794,2023-06-02T12:49:05,738.8598167653981,aeec9ca92e30d7b8ea35f492d8bc025eeecd9055,1250992
autoland,4768729,12,95f51e857a45cd76f1766c14d6bed804857cd27b,windows10-64-shippable-qr,True,False,,,102210fe594ee9b33d82058545b1ed14f4c8206e,custom.jsdebugger.open.DAMP,damp,True,damp custom.jsdebugger.open.DAMP opt e10s fission stylo webrender,4768565,77,ms,firefox,,1706026306,2023-06-02T12:51:52,735.6243175465497,50707b02bc59106d4a8da27cd675c7191a7c7cc1,1250993
autoland,4768729,12,95f51e857a45cd76f1766c14d6bed804857cd27b,windows10-64-shippable-qr,True,False,,,102210fe594ee9b33d82058545b1ed14f4c8206e,custom.jsdebugger.open.DAMP,damp,True,damp custom.jsdebugger.open.DAMP opt e10s fission stylo webrender,4768565,77,ms,firefox,,1706023792,2023-06-02T12:52:56,749.1795204200898,df773088226ee94f3ebdf30ba603944fb46d6c8b,1250994
autoland,4768729,12,95f51e857a45cd76f1766c14d6bed804857cd27b,windows10-64-shippable-qr,True,False,,,102210fe594ee9b33d82058545b1ed14f4c8206e,custom.jsdebugger.open.DAMP,damp,True,damp custom.jsdebugger.open.DAMP opt e10s fission stylo webrender,4768565,77,ms,firefox,,1706018829,2023-06-02T12:53:45,736.3562263285421,7a163a1658cda4abc5c2e9029e8e8886e8759716,1250995
autoland,4768729,12,95f51e857a45cd76f1766c14d6bed804857cd27b,windows10-64-shippable-qr,True,False,,,102210fe594ee9b33d82058545b1ed14f4c8206e,custom.jsdebugger.open.DAMP,damp,True,damp custom.jsdebugger.open.DAMP opt e10s fission stylo webrender,4768565,77,ms,firefox,,1705193205,2023-06-02T13:27:34,728.8655606319298,e2c71d0ed1e8bb2b9752f78b13c31171d5dde3a9,1251019
autoland,4768729,12,95f51e857a45cd76f1766c14d6bed804857cd27b,windows10-64-shippable-qr,True,False,,,102210fe594ee9b33d82058545b1ed14f4c8206e,custom.jsdebugger.open.DAMP,damp,True,damp custom.jsdebugger.open.DAMP opt e10s fission stylo webrender,4768565,77,ms,firefox,,1706013003,2023-06-02T15:21:30,737.5147840126374,37553193da6faf7b9f539d5fe6f1f08a6e6e6777,1251108
autoland,4768729,12,95f51e857a45cd76f1766c14d6bed804857cd27b,windows10-64-shippable-qr,True,False,,,102210fe594ee9b33d82058545b1ed14f4c8206e,custom.jsdebugger.open.DAMP,damp,True,damp custom.jsdebugger.open.DAMP opt e10s fission stylo webrender,4768565,77,ms,firefox,,1706022837,2023-06-02T15:22:21,736.7394627894009,2aad669b353db56e403bd4880cba05c12e1c669e,1251109
autoland,4768729,12,95f51e857a45cd76f1766c14d6bed804857cd27b,windows10-64-shippable-qr,True,False,,,102210fe594ee9b33d82058545b1ed14f4c8206e,custom.jsdebugger.open.DAMP,damp,True,damp custom.jsdebugger.open.DAMP opt e10s fission stylo webrender,4768565,77,ms,firefox,,1706022134,2023-06-02T15:53:38,737.794767084255,d64b08d610cbc8cc64747738d21d5eb46636549c,1251125
autoland,4768729,12,95f51e857a45cd76f1766c14d6bed804857cd27b,windows10-64-shippable-qr,True,False,,,102210fe594ee9b33d82058545b1ed14f4c8206e,custom.jsdebugger.open.DAMP,damp,True,damp custom.jsdebugger.open.DAMP opt e10s fission stylo webrender,4768565,77,ms,firefox,,1706021741,2023-06-02T15:54:33,736.228216948849,bcac67805db144dfc991f00dd96cb8715fff032f,1251126
autoland,4768729,12,95f51e857a45cd76f1766c14d6bed804857cd27b,windows10-64-shippable-qr,True,False,,,102210fe594ee9b33d82058545b1ed14f4c8206e,custom.jsdebugger.open.DAMP,damp,True,damp custom.jsdebugger.open.DAMP opt e10s fission stylo webrender,4768565,77,ms,firefox,,1706017844,2023-06-02T16:20:04,736.853539935677,7136ec4788a0389258351ee067aaf711a905f006,1251139
autoland,4768729,12,95f51e857a45cd76f1766c14d6bed804857cd27b,windows10-64-shippable-qr,True,False,,,102210fe594ee9b33d82058545b1ed14f4c8206e,custom.jsdebugger.open.DAMP,damp,True,damp custom.jsdebugger.open.DAMP opt e10s fission stylo webrender,4768565,77,ms,firefox,,1706021881,2023-06-02T16:24:50,733.342867899737,476d58f0e7e613bfae62114d93e6e6e104ce9ed3,1251141
autoland,4768729,12,95f51e857a45cd76f1766c14d6bed804857cd27b,windows10-64-shippable-qr,True,False,,,102210fe594ee9b33d82058545b1ed14f4c8206e,custom.jsdebugger.open.DAMP,damp,True,damp custom.jsdebugger.open.DAMP opt e10s fission stylo webrender,4768565,77,ms,firefox,,1706022415,2023-06-02T16:36:30,736.6166636174312,cbef096ccab33cad88107fe274d9aaee2e798f1f,1251145
autoland,4768729,12,95f51e857a45cd76f1766c14d6bed804857cd27b,windows10-64-shippable-qr,True,False,,,102210fe594ee9b33d82058545b1ed14f4c8206e,custom.jsdebugger.open.DAMP,damp,True,damp custom.jsdebugger.open.DAMP opt e10s fission stylo webrender,4768565,77,ms,firefox,,1706022188,2023-06-02T16:49:47,734.0323604093574,19fa69e2372fd460e6ece72c0de58b85fac06862,1251151
autoland,4768729,12,95f51e857a45cd76f1766c14d6bed804857cd27b,windows10-64-shippable-qr,True,False,,,102210fe594ee9b33d82058545b1ed14f4c8206e,custom.jsdebugger.open.DAMP,damp,True,damp custom.jsdebugger.open.DAMP opt e10s fission stylo webrender,4768565,77,ms,firefox,,1706018351,2023-06-02T17:27:24,737.278410477571,9999777adddd9fa18c8d026d8ade99ebf8d2f184,1251167
autoland,4768729,12,95f51e857a45cd76f1766c14d6bed804857cd27b,windows10-64-shippable-qr,True,False,,,102210fe594ee9b33d82058545b1ed14f4c8206e,custom.jsdebugger.open.DAMP,damp,True,damp custom.jsdebugger.open.DAMP opt e10s fission stylo webrender,4768565,77,ms,firefox,,1705303143,2023-06-02T17:59:13,732.7357042797885,ad7e9e56836f2bd7e0668d322719f548e825a685,1251185
autoland,4768729,12,95f51e857a45cd76f1766c14d6bed804857cd27b,windows10-64-shippable-qr,True,False,,,102210fe594ee9b33d82058545b1ed14f4c8206e,custom.jsdebugger.open.DAMP,damp,True,damp custom.jsdebugger.open.DAMP opt e10s fission stylo webrender,4768565,77,ms,firefox,,1705299898,2023-06-02T18:03:52,729.7494717016089,8c3b1c60fde747fcb4e3421062a37b829d6acb9f,1251187
autoland,4768729,12,95f51e857a45cd76f1766c14d6bed804857cd27b,windows10-64-shippable-qr,True,False,,,102210fe594ee9b33d82058545b1ed14f4c8206e,custom.jsdebugger.open.DAMP,damp,True,damp custom.jsdebugger.open.DAMP opt e10s fission stylo webrender,4768565,77,ms,firefox,,1705390966,2023-06-02T22:18:32,743.9102813538047,b9f63a24bc677e4c6a1f9bc801c2e3bf44dbd6e8,1251308
autoland,4768729,12,95f51e857a45cd76f1766c14d6bed804857cd27b,windows10-64-shippable-qr,True,False,,,102210fe594ee9b33d82058545b1ed14f4c8206e,custom.jsdebugger.open.DAMP,damp,True,damp custom.jsdebugger.open.DAMP opt e10s fission stylo webrender,4768565,77,ms,firefox,,1705442735,2023-06-03T05:40:17,729.0270543890147,64bce9d136ae9b4bd5482515721d6daf2da53dc3,1251358
autoland,4768729,12,95f51e857a45cd76f1766c14d6bed804857cd27b,windows10-64-shippable-qr,True,False,,,102210fe594ee9b33d82058545b1ed14f4c8206e,custom.jsdebugger.open.DAMP,damp,True,damp custom.jsdebugger.open.DAMP opt e10s fission stylo webrender,4768565,77,ms,firefox,,1705527245,2023-06-03T14:24:38,729.8580941042164,7bc8c25b2935765c57adc63333c221bbe5067831,1251409
autoland,4768729,12,95f51e857a45cd76f1766c14d6bed804857cd27b,windows10-64-shippable-qr,True,False,,,102210fe594ee9b33d82058545b1ed14f4c8206e,custom.jsdebugger.open.DAMP,damp,True,damp custom.jsdebugger.open.DAMP opt e10s fission stylo webrender,4768565,77,ms,firefox,,1706968001,2023-06-03T14:41:04,730.0679355385437,d1f2900a198788158d7195c01791ced76af07208,1251411
autoland,4768729,12,95f51e857a45cd76f1766c14d6bed804857cd27b,windows10-64-shippable-qr,True,False,,,102210fe594ee9b33d82058545b1ed14f4c8206e,custom.jsdebugger.open.DAMP,damp,True,damp custom.jsdebugger.open.DAMP opt e10s fission stylo webrender,4768565,77,ms,firefox,,1706953558,2023-06-03T15:41:37,729.4841775068498,57c995de1984a983ad1f5b79568c06feebfef08d,1251417
autoland,4768729,12,95f51e857a45cd76f1766c14d6bed804857cd27b,windows10-64-shippable-qr,True,False,,,102210fe594ee9b33d82058545b1ed14f4c8206e,custom.jsdebugger.open.DAMP,damp,True,damp custom.jsdebugger.open.DAMP opt e10s fission stylo webrender,4768565,77,ms,firefox,,1706962552,2023-06-03T16:38:40,730.3826313186291,909b53b0ab300dcaaed44f901c55eefc8abdb721,1251423
autoland,4768729,12,95f51e857a45cd76f1766c14d6bed804857cd27b,windows10-64-shippable-qr,True,False,,,102210fe594ee9b33d82058545b1ed14f4c8206e,custom.jsdebugger.open.DAMP,damp,True,damp custom.jsdebugger.open.DAMP opt e10s fission stylo webrender,4768565,77,ms,firefox,,1706963458,2023-06-03T18:01:10,728.0855354464657,0b1109629f937708d98f14c93bc143a01049f6a6,1251431
autoland,4768729,12,95f51e857a45cd76f1766c14d6bed804857cd27b,windows10-64-shippable-qr,True,False,,,102210fe594ee9b33d82058545b1ed14f4c8206e,custom.jsdebugger.open.DAMP,damp,True,damp custom.jsdebugger.open.DAMP opt e10s fission stylo webrender,4768565,77,ms,firefox,,1706964089,2023-06-03T19:01:47,731.2342581306511,4720aca3f9dfc8f6d01785443f51a62b50ee0804,1251442
autoland,4768729,12,95f51e857a45cd76f1766c14d6bed804857cd27b,windows10-64-shippable-qr,True,False,,,102210fe594ee9b33d82058545b1ed14f4c8206e,custom.jsdebugger.open.DAMP,damp,True,damp custom.jsdebugger.open.DAMP opt e10s fission stylo webrender,4768565,77,ms,firefox,,1706968117,2023-06-03T19:07:29,730.670887367829,07bbbe036b6c170b9e0517fe67798423f0290976,1251443
autoland,4768729,12,95f51e857a45cd76f1766c14d6bed804857cd27b,windows10-64-shippable-qr,True,False,,,102210fe594ee9b33d82058545b1ed14f4c8206e,custom.jsdebugger.open.DAMP,damp,True,damp custom.jsdebugger.open.DAMP opt e10s fission stylo webrender,4768565,77,ms,firefox,,1706963925,2023-06-03T19:49:54,731.3117535683832,5c6b55bcd9339265eb333669dcde06f0de94f7e8,1251444
autoland,4768729,12,95f51e857a45cd76f1766c14d6bed804857cd27b,windows10-64-shippable-qr,True,False,,,102210fe594ee9b33d82058545b1ed14f4c8206e,custom.jsdebugger.open.DAMP,damp,True,damp custom.jsdebugger.open.DAMP opt e10s fission stylo webrender,4768565,77,ms,firefox,,1706963874,2023-06-03T22:02:24,728.4063889440658,4b9e1eb5de10591d01c1d888c856936a7a3f322e,1251451
autoland,4768729,12,95f51e857a45cd76f1766c14d6bed804857cd27b,windows10-64-shippable-qr,True,False,,,102210fe594ee9b33d82058545b1ed14f4c8206e,custom.jsdebugger.open.DAMP,damp,True,damp custom.jsdebugger.open.DAMP opt e10s fission stylo webrender,4768565,77,ms,firefox,,1705590648,2023-06-03T23:39:13,730.9818420875672,b8f06acca6bf62e32647496ed613012fa4c27e9e,1251453
autoland,4768729,12,95f51e857a45cd76f1766c14d6bed804857cd27b,windows10-64-shippable-qr,True,False,,,102210fe594ee9b33d82058545b1ed14f4c8206e,custom.jsdebugger.open.DAMP,damp,True,damp custom.jsdebugger.open.DAMP opt e10s fission stylo webrender,4768565,77,ms,firefox,,1706961730,2023-06-04T07:02:58,730.8918219277912,e10e14ac31f817bb2aa37855cea73477f34796cb,1251463
autoland,4768729,12,95f51e857a45cd76f1766c14d6bed804857cd27b,windows10-64-shippable-qr,True,False,,,102210fe594ee9b33d82058545b1ed14f4c8206e,custom.jsdebugger.open.DAMP,damp,True,damp custom.jsdebugger.open.DAMP opt e10s fission stylo webrender,4768565,77,ms,firefox,,1706958074,2023-06-04T08:57:20,727.6979969225504,f4a44f1856df1327d96f98d7f1ef2aa63c19796b,1251470
autoland,4768729,12,95f51e857a45cd76f1766c14d6bed804857cd27b,windows10-64-shippable-qr,True,False,,,102210fe594ee9b33d82058545b1ed14f4c8206e,custom.jsdebugger.open.DAMP,damp,True,damp custom.jsdebugger.open.DAMP opt e10s fission stylo webrender,4768565,77,ms,firefox,,1706957920,2023-06-04T08:59:14,730.9964146303828,7c8f755bb185b66dbaf3d2f61f4702ea28a300fd,1251471
autoland,4768729,12,95f51e857a45cd76f1766c14d6bed804857cd27b,windows10-64-shippable-qr,True,False,,,102210fe594ee9b33d82058545b1ed14f4c8206e,custom.jsdebugger.open.DAMP,damp,True,damp custom.jsdebugger.open.DAMP opt e10s fission stylo webrender,4768565,77,ms,firefox,,1706962104,2023-06-04T08:59:14,728.086310926723,7c8f755bb185b66dbaf3d2f61f4702ea28a300fd,1251471
autoland,4768729,12,95f51e857a45cd76f1766c14d6bed804857cd27b,windows10-64-shippable-qr,True,False,,,102210fe594ee9b33d82058545b1ed14f4c8206e,custom.jsdebugger.open.DAMP,damp,True,damp custom.jsdebugger.open.DAMP opt e10s fission stylo webrender,4768565,77,ms,firefox,,1706966006,2023-06-04T10:25:29,732.5871568025541,96604e3a217e9a5b59a6f31a4c426ee7f5df03d1,1251479
autoland,4768729,12,95f51e857a45cd76f1766c14d6bed804857cd27b,windows10-64-shippable-qr,True,False,,,102210fe594ee9b33d82058545b1ed14f4c8206e,custom.jsdebugger.open.DAMP,damp,True,damp custom.jsdebugger.open.DAMP opt e10s fission stylo webrender,4768565,77,ms,firefox,,1706957165,2023-06-04T10:56:15,732.1066940643868,c77b553a85b1762e106fb38f350651ecf9a83748,1251480
autoland,4768729,12,95f51e857a45cd76f1766c14d6bed804857cd27b,windows10-64-shippable-qr,True,False,,,102210fe594ee9b33d82058545b1ed14f4c8206e,custom.jsdebugger.open.DAMP,damp,True,damp custom.jsdebugger.open.DAMP opt e10s fission stylo webrender,4768565,77,ms,firefox,,1705674025,2023-06-04T11:53:44,729.1956444493917,00802389f336283602445d4f08e53b8bd09b43eb,1251481
autoland,4768729,12,95f51e857a45cd76f1766c14d6bed804857cd27b,windows10-64-shippable-qr,True,False,,,102210fe594ee9b33d82058545b1ed14f4c8206e,custom.jsdebugger.open.DAMP,damp,True,damp custom.jsdebugger.open.DAMP opt e10s fission stylo webrender,4768565,77,ms,firefox,,1706961430,2023-06-04T12:16:03,727.0595182425313,54a959f32279f40b113d9f866a11411fd1401b01,1251484
autoland,4768729,12,95f51e857a45cd76f1766c14d6bed804857cd27b,windows10-64-shippable-qr,True,False,,,102210fe594ee9b33d82058545b1ed14f4c8206e,custom.jsdebugger.open.DAMP,damp,True,damp custom.jsdebugger.open.DAMP opt e10s fission stylo webrender,4768565,77,ms,firefox,,1706965778,2023-06-04T15:30:56,731.8895143640038,81afd61afe48ea4877eff969a6eda908bcf79231,1251486
autoland,4768729,12,95f51e857a45cd76f1766c14d6bed804857cd27b,windows10-64-shippable-qr,True,False,,,102210fe594ee9b33d82058545b1ed14f4c8206e,custom.jsdebugger.open.DAMP,damp,True,damp custom.jsdebugger.open.DAMP opt e10s fission stylo webrender,4768565,77,ms,firefox,,1706963253,2023-06-04T15:33:34,728.0081305669446,8a4b7b46101dab1ab91d388939059d21319cd034,1251487
autoland,4768729,12,95f51e857a45cd76f1766c14d6bed804857cd27b,windows10-64-shippable-qr,True,False,,,102210fe594ee9b33d82058545b1ed14f4c8206e,custom.jsdebugger.open.DAMP,damp,True,damp custom.jsdebugger.open.DAMP opt e10s fission stylo webrender,4768565,77,ms,firefox,,1706961815,2023-06-04T18:58:43,728.7876584726109,711f085aefdfb5da768b3be4fea2b93b914315a8,1251508
autoland,4768729,12,95f51e857a45cd76f1766c14d6bed804857cd27b,windows10-64-shippable-qr,True,False,,,102210fe594ee9b33d82058545b1ed14f4c8206e,custom.jsdebugger.open.DAMP,damp,True,damp custom.jsdebugger.open.DAMP opt e10s fission stylo webrender,4768565,77,ms,firefox,,1705710333,2023-06-04T20:28:08,730.6927982676498,eeba3a3c20a4dc53210a44734b25d2c0870b6523,1251514
autoland,4768729,12,95f51e857a45cd76f1766c14d6bed804857cd27b,windows10-64-shippable-qr,True,False,,,102210fe594ee9b33d82058545b1ed14f4c8206e,custom.jsdebugger.open.DAMP,damp,True,damp custom.jsdebugger.open.DAMP opt e10s fission stylo webrender,4768565,77,ms,firefox,,1705754312,2023-06-05T03:24:10,729.1202594684437,f8fa7749f7bdc93fa3491918a4e8b0fb4db659eb,1251552
autoland,4768729,12,95f51e857a45cd76f1766c14d6bed804857cd27b,windows10-64-shippable-qr,True,False,,,102210fe594ee9b33d82058545b1ed14f4c8206e,custom.jsdebugger.open.DAMP,damp,True,damp custom.jsdebugger.open.DAMP opt e10s fission stylo webrender,4768565,77,ms,firefox,,1705808690,2023-06-05T08:05:57,728.1109168168405,61d4558543daf8b284b3194aba84289d6e31ad2f,1251588
autoland,4768729,12,95f51e857a45cd76f1766c14d6bed804857cd27b,windows10-64-shippable-qr,True,False,,,102210fe594ee9b33d82058545b1ed14f4c8206e,custom.jsdebugger.open.DAMP,damp,True,damp custom.jsdebugger.open.DAMP opt e10s fission stylo webrender,4768565,77,ms,firefox,,1705906948,2023-06-05T12:01:26,627.9698097854125,00af548d93acc8c2c3ab652a04c882e3a80476a9,1251712
autoland,4768729,12,95f51e857a45cd76f1766c14d6bed804857cd27b,windows10-64-shippable-qr,True,False,,,102210fe594ee9b33d82058545b1ed14f4c8206e,custom.jsdebugger.open.DAMP,damp,True,damp custom.jsdebugger.open.DAMP opt e10s fission stylo webrender,4768565,77,ms,firefox,,1706069951,2023-06-05T16:13:31,631.7424369131331,c8df8c0bde6047b8fe23c9716940cbc1c07c2a65,1251888
autoland,4768729,12,95f51e857a45cd76f1766c14d6bed804857cd27b,windows10-64-shippable-qr,True,False,,,102210fe594ee9b33d82058545b1ed14f4c8206e,custom.jsdebugger.open.DAMP,damp,True,damp custom.jsdebugger.open.DAMP opt e10s fission stylo webrender,4768565,77,ms,firefox,,1706083581,2023-06-05T16:43:43,632.5211080497247,03d635b2bdb2041550924e64dc0dd20abf4499f9,1251915
autoland,4768729,12,95f51e857a45cd76f1766c14d6bed804857cd27b,windows10-64-shippable-qr,True,False,,,102210fe594ee9b33d82058545b1ed14f4c8206e,custom.jsdebugger.open.DAMP,damp,True,damp custom.jsdebugger.open.DAMP opt e10s fission stylo webrender,4768565,77,ms,firefox,,1706187154,2023-06-05T20:14:05,626.4783575856272,d73c2643092115d9b5859c16e121e421656264bc,1252060
autoland,4768729,12,95f51e857a45cd76f1766c14d6bed804857cd27b,windows10-64-shippable-qr,True,False,,,102210fe594ee9b33d82058545b1ed14f4c8206e,custom.jsdebugger.open.DAMP,damp,True,damp custom.jsdebugger.open.DAMP opt e10s fission stylo webrender,4768565,77,ms,firefox,,1706264768,2023-06-05T22:25:10,629.9664878761541,3a79e9a1c11da81af50cfb6e535537b5e8e7ce9f,1252165
autoland,4768729,12,95f51e857a45cd76f1766c14d6bed804857cd27b,windows10-64-shippable-qr,True,False,,,102210fe594ee9b33d82058545b1ed14f4c8206e,custom.jsdebugger.open.DAMP,damp,True,damp custom.jsdebugger.open.DAMP opt e10s fission stylo webrender,4768565,77,ms,firefox,,1706442467,2023-06-06T07:45:19,631.5661922698346,7974ac7e053aa00b02c6b9405b4fe87e6729456d,1252336
autoland,4768729,12,95f51e857a45cd76f1766c14d6bed804857cd27b,windows10-64-shippable-qr,True,False,,,102210fe594ee9b33d82058545b1ed14f4c8206e,custom.jsdebugger.open.DAMP,damp,True,damp custom.jsdebugger.open.DAMP opt e10s fission stylo webrender,4768565,77,ms,firefox,,1708023108,2023-06-06T09:54:47,631.1716021734901,d65af714b0fdd0ee5f9ce476b8fc190ba5f55b60,1252397
autoland,4768729,12,95f51e857a45cd76f1766c14d6bed804857cd27b,windows10-64-shippable-qr,True,False,,,102210fe594ee9b33d82058545b1ed14f4c8206e,custom.jsdebugger.open.DAMP,damp,True,damp custom.jsdebugger.open.DAMP opt e10s fission stylo webrender,4768565,77,ms,firefox,,1708023578,2023-06-06T10:19:29,632.9932972407696,3e4384557768738718080265a78d359c27c18f12,1252406
autoland,4768729,12,95f51e857a45cd76f1766c14d6bed804857cd27b,windows10-64-shippable-qr,True,False,,,102210fe594ee9b33d82058545b1ed14f4c8206e,custom.jsdebugger.open.DAMP,damp,True,damp custom.jsdebugger.open.DAMP opt e10s fission stylo webrender,4768565,77,ms,firefox,,1708023771,2023-06-06T10:23:19,633.3609585730592,832a5840ccf75993a3a7a21f1d93c854237d467a,1252407
autoland,4768729,12,95f51e857a45cd76f1766c14d6bed804857cd27b,windows10-64-shippable-qr,True,False,,,102210fe594ee9b33d82058545b1ed14f4c8206e,custom.jsdebugger.open.DAMP,damp,True,damp custom.jsdebugger.open.DAMP opt e10s fission stylo webrender,4768565,77,ms,firefox,,1708023689,2023-06-06T10:37:23,629.4912190338218,78f4ea7de45671de85a129f294afac8054b37639,1252411
autoland,4768729,12,95f51e857a45cd76f1766c14d6bed804857cd27b,windows10-64-shippable-qr,True,False,,,102210fe594ee9b33d82058545b1ed14f4c8206e,custom.jsdebugger.open.DAMP,damp,True,damp custom.jsdebugger.open.DAMP opt e10s fission stylo webrender,4768565,77,ms,firefox,,1708024117,2023-06-06T11:15:50,632.6011855857942,6f1ff2bca66b3dfdd8844e9e25ada2a2cffdcf70,1252438
autoland,4768729,12,95f51e857a45cd76f1766c14d6bed804857cd27b,windows10-64-shippable-qr,True,False,,,102210fe594ee9b33d82058545b1ed14f4c8206e,custom.jsdebugger.open.DAMP,damp,True,damp custom.jsdebugger.open.DAMP opt e10s fission stylo webrender,4768565,77,ms,firefox,,1708023893,2023-06-06T11:22:16,640.6310159989662,140e58bd0868043ccfb2d2fafc2d399ccb2be7d4,1252446
autoland,4768729,12,95f51e857a45cd76f1766c14d6bed804857cd27b,windows10-64-shippable-qr,True,False,,,102210fe594ee9b33d82058545b1ed14f4c8206e,custom.jsdebugger.open.DAMP,damp,True,damp custom.jsdebugger.open.DAMP opt e10s fission stylo webrender,4768565,77,ms,firefox,,1708024509,2023-06-06T11:23:06,632.2017456460599,9ccaad4630db78ad8e12abf18110e00ab1716fcc,1252448
autoland,4768729,12,95f51e857a45cd76f1766c14d6bed804857cd27b,windows10-64-shippable-qr,True,False,,,102210fe594ee9b33d82058545b1ed14f4c8206e,custom.jsdebugger.open.DAMP,damp,True,damp custom.jsdebugger.open.DAMP opt e10s fission stylo webrender,4768565,77,ms,firefox,,1708024300,2023-06-06T11:23:56,632.9192387577496,fd2577ea9b64ca2f858424cb1733a183dfc1563e,1252450
autoland,4768729,12,95f51e857a45cd76f1766c14d6bed804857cd27b,windows10-64-shippable-qr,True,False,,,102210fe594ee9b33d82058545b1ed14f4c8206e,custom.jsdebugger.open.DAMP,damp,True,damp custom.jsdebugger.open.DAMP opt e10s fission stylo webrender,4768565,77,ms,firefox,,1708024995,2023-06-06T11:26:27,634.0723304949206,eb3d18321ac2a30548014e6ad4b18cee6764ba51,1252452
autoland,4768729,12,95f51e857a45cd76f1766c14d6bed804857cd27b,windows10-64-shippable-qr,True,False,,,102210fe594ee9b33d82058545b1ed14f4c8206e,custom.jsdebugger.open.DAMP,damp,True,damp custom.jsdebugger.open.DAMP opt e10s fission stylo webrender,4768565,77,ms,firefox,,1706630354,2023-06-06T12:19:14,634.2875409044937,847d7aa42cbef71e48427dda557da27be7b8a938,1252475
autoland,4768729,12,95f51e857a45cd76f1766c14d6bed804857cd27b,windows10-64-shippable-qr,True,False,,,102210fe594ee9b33d82058545b1ed14f4c8206e,custom.jsdebugger.open.DAMP,damp,True,damp custom.jsdebugger.open.DAMP opt e10s fission stylo webrender,4768565,77,ms,firefox,,1708234716,2023-06-06T12:21:44,627.9625188501368,e888855e0aa08d99219dc3a4f5d1c2a706beed1c,1252478
autoland,4768729,12,95f51e857a45cd76f1766c14d6bed804857cd27b,windows10-64-shippable-qr,True,False,,,102210fe594ee9b33d82058545b1ed14f4c8206e,custom.jsdebugger.open.DAMP,damp,True,damp custom.jsdebugger.open.DAMP opt e10s fission stylo webrender,4768565,77,ms,firefox,,1708235015,2023-06-06T12:22:41,628.8269072114654,f0bb54e03054060649af1c6d5025c09c4e85ebf2,1252480
autoland,4768729,12,95f51e857a45cd76f1766c14d6bed804857cd27b,windows10-64-shippable-qr,True,False,,,102210fe594ee9b33d82058545b1ed14f4c8206e,custom.jsdebugger.open.DAMP,damp,True,damp custom.jsdebugger.open.DAMP opt e10s fission stylo webrender,4768565,77,ms,firefox,,1708235479,2023-06-06T12:22:41,626.1974418392638,f0bb54e03054060649af1c6d5025c09c4e85ebf2,1252480
autoland,4768729,12,95f51e857a45cd76f1766c14d6bed804857cd27b,windows10-64-shippable-qr,True,False,,,102210fe594ee9b33d82058545b1ed14f4c8206e,custom.jsdebugger.open.DAMP,damp,True,damp custom.jsdebugger.open.DAMP opt e10s fission stylo webrender,4768565,77,ms,firefox,,1708234270,2023-06-06T12:23:42,623.720213114917,503f95d5ddc57ff0ace957b7ceda7dd058b9f723,1252481
autoland,4768729,12,95f51e857a45cd76f1766c14d6bed804857cd27b,windows10-64-shippable-qr,True,False,,,102210fe594ee9b33d82058545b1ed14f4c8206e,custom.jsdebugger.open.DAMP,damp,True,damp custom.jsdebugger.open.DAMP opt e10s fission stylo webrender,4768565,77,ms,firefox,,1708234348,2023-06-06T12:23:42,628.2028176398526,503f95d5ddc57ff0ace957b7ceda7dd058b9f723,1252481
autoland,4768729,12,95f51e857a45cd76f1766c14d6bed804857cd27b,windows10-64-shippable-qr,True,False,,,102210fe594ee9b33d82058545b1ed14f4c8206e,custom.jsdebugger.open.DAMP,damp,True,damp custom.jsdebugger.open.DAMP opt e10s fission stylo webrender,4768565,77,ms,firefox,,1708234434,2023-06-06T12:24:40,621.4412592740364,4dd173e4015724a4671a076d73d8911568e1207f,1252482
autoland,4768729,12,95f51e857a45cd76f1766c14d6bed804857cd27b,windows10-64-shippable-qr,True,False,,,102210fe594ee9b33d82058545b1ed14f4c8206e,custom.jsdebugger.open.DAMP,damp,True,damp custom.jsdebugger.open.DAMP opt e10s fission stylo webrender,4768565,77,ms,firefox,,1708235074,2023-06-06T12:24:40,631.8662695362364,4dd173e4015724a4671a076d73d8911568e1207f,1252482
autoland,4768729,12,95f51e857a45cd76f1766c14d6bed804857cd27b,windows10-64-shippable-qr,True,False,,,102210fe594ee9b33d82058545b1ed14f4c8206e,custom.jsdebugger.open.DAMP,damp,True,damp custom.jsdebugger.open.DAMP opt e10s fission stylo webrender,4768565,77,ms,firefox,,1708234672,2023-06-06T12:31:34,625.2770774751989,cefcde9bc1caf4138a95e6cc847a1b6bff5f31ba,1252484
autoland,4768729,12,95f51e857a45cd76f1766c14d6bed804857cd27b,windows10-64-shippable-qr,True,False,,,102210fe594ee9b33d82058545b1ed14f4c8206e,custom.jsdebugger.open.DAMP,damp,True,damp custom.jsdebugger.open.DAMP opt e10s fission stylo webrender,4768565,77,ms,firefox,,1708234783,2023-06-06T12:31:34,623.5395634144079,cefcde9bc1caf4138a95e6cc847a1b6bff5f31ba,1252484
autoland,4768729,12,95f51e857a45cd76f1766c14d6bed804857cd27b,windows10-64-shippable-qr,True,False,,,102210fe594ee9b33d82058545b1ed14f4c8206e,custom.jsdebugger.open.DAMP,damp,True,damp custom.jsdebugger.open.DAMP opt e10s fission stylo webrender,4768565,77,ms,firefox,,1708234595,2023-06-06T12:33:25,631.6729306947364,b97c8d97b6469becb2138e0a621833d27aee5863,1252485
autoland,4768729,12,95f51e857a45cd76f1766c14d6bed804857cd27b,windows10-64-shippable-qr,True,False,,,102210fe594ee9b33d82058545b1ed14f4c8206e,custom.jsdebugger.open.DAMP,damp,True,damp custom.jsdebugger.open.DAMP opt e10s fission stylo webrender,4768565,77,ms,firefox,,1708235378,2023-06-06T12:33:25,626.0296332300786,b97c8d97b6469becb2138e0a621833d27aee5863,1252485
autoland,4768729,12,95f51e857a45cd76f1766c14d6bed804857cd27b,windows10-64-shippable-qr,True,False,,,102210fe594ee9b33d82058545b1ed14f4c8206e,custom.jsdebugger.open.DAMP,damp,True,damp custom.jsdebugger.open.DAMP opt e10s fission stylo webrender,4768565,77,ms,firefox,,1708234217,2023-06-06T12:36:53,881.1994165937722,d132c75f9ca2cdd84287910ccd9100989085f9e8,1252489
autoland,4768729,12,95f51e857a45cd76f1766c14d6bed804857cd27b,windows10-64-shippable-qr,True,False,,,102210fe594ee9b33d82058545b1ed14f4c8206e,custom.jsdebugger.open.DAMP,damp,True,damp custom.jsdebugger.open.DAMP opt e10s fission stylo webrender,4768565,77,ms,firefox,,1708234798,2023-06-06T12:36:53,891.7120554434368,d132c75f9ca2cdd84287910ccd9100989085f9e8,1252489
autoland,4768729,12,95f51e857a45cd76f1766c14d6bed804857cd27b,windows10-64-shippable-qr,True,False,,,102210fe594ee9b33d82058545b1ed14f4c8206e,custom.jsdebugger.open.DAMP,damp,True,damp custom.jsdebugger.open.DAMP opt e10s fission stylo webrender,4768565,77,ms,firefox,,1708265148,2023-06-06T13:10:58,882.169966337693,8dc3bd71e12a9a3971c0685c816aec7e6270c9ae,1252509
autoland,4768729,12,95f51e857a45cd76f1766c14d6bed804857cd27b,windows10-64-shippable-qr,True,False,,,102210fe594ee9b33d82058545b1ed14f4c8206e,custom.jsdebugger.open.DAMP,damp,True,damp custom.jsdebugger.open.DAMP opt e10s fission stylo webrender,4768565,77,ms,firefox,,1708247595,2023-06-06T13:15:30,890.613213311226,3d553b8ece8c1e6d47fc404d387f6283d8192387,1252512
autoland,4768729,12,95f51e857a45cd76f1766c14d6bed804857cd27b,windows10-64-shippable-qr,True,False,,,102210fe594ee9b33d82058545b1ed14f4c8206e,custom.jsdebugger.open.DAMP,damp,True,damp custom.jsdebugger.open.DAMP opt e10s fission stylo webrender,4768565,77,ms,firefox,,1708026460,2023-06-06T13:20:12,889.7031968613728,acd7574ed678967e69cf68f97b396373f558141c,1252517
autoland,4768729,12,95f51e857a45cd76f1766c14d6bed804857cd27b,windows10-64-shippable-qr,True,False,,,102210fe594ee9b33d82058545b1ed14f4c8206e,custom.jsdebugger.open.DAMP,damp,True,damp custom.jsdebugger.open.DAMP opt e10s fission stylo webrender,4768565,77,ms,firefox,,1708026802,2023-06-06T13:25:53,889.6940561588763,13d61302e4abee9d44a41b4f16495b4a133dc1a8,1252522
autoland,4768729,12,95f51e857a45cd76f1766c14d6bed804857cd27b,windows10-64-shippable-qr,True,False,,,102210fe594ee9b33d82058545b1ed14f4c8206e,custom.jsdebugger.open.DAMP,damp,True,damp custom.jsdebugger.open.DAMP opt e10s fission stylo webrender,4768565,77,ms,firefox,,1708026938,2023-06-06T13:29:27,891.108044426488,b44f42bf0f7bbe046669a5c3f40d7616a1d748c1,1252524
autoland,4768729,12,95f51e857a45cd76f1766c14d6bed804857cd27b,windows10-64-shippable-qr,True,False,,,102210fe594ee9b33d82058545b1ed14f4c8206e,custom.jsdebugger.open.DAMP,damp,True,damp custom.jsdebugger.open.DAMP opt e10s fission stylo webrender,4768565,77,ms,firefox,,1708027292,2023-06-06T14:51:47,891.8602170540544,4cc8e322f8832e379a9c7f48a29878cf0963d6b6,1252578
autoland,4768729,12,95f51e857a45cd76f1766c14d6bed804857cd27b,windows10-64-shippable-qr,True,False,,,102210fe594ee9b33d82058545b1ed14f4c8206e,custom.jsdebugger.open.DAMP,damp,True,damp custom.jsdebugger.open.DAMP opt e10s fission stylo webrender,4768565,77,ms,firefox,,1708026648,2023-06-06T15:02:17,891.5360982001948,08fb757d7ac853660e6026961ec799dd0a6a5e6c,1252582
autoland,4768729,12,95f51e857a45cd76f1766c14d6bed804857cd27b,windows10-64-shippable-qr,True,False,,,102210fe594ee9b33d82058545b1ed14f4c8206e,custom.jsdebugger.open.DAMP,damp,True,damp custom.jsdebugger.open.DAMP opt e10s fission stylo webrender,4768565,77,ms,firefox,,1708027417,2023-06-06T15:03:17,886.0485000947228,862bd1ab18fd2f92af4100fe30d15b23746f1620,1252583
autoland,4768729,12,95f51e857a45cd76f1766c14d6bed804857cd27b,windows10-64-shippable-qr,True,False,,,102210fe594ee9b33d82058545b1ed14f4c8206e,custom.jsdebugger.open.DAMP,damp,True,damp custom.jsdebugger.open.DAMP opt e10s fission stylo webrender,4768565,77,ms,firefox,,1708027240,2023-06-06T15:04:14,887.3924074482929,48770eeaa7829e74fd5c6e649d26edaad09e2077,1252584
autoland,4768729,12,95f51e857a45cd76f1766c14d6bed804857cd27b,windows10-64-shippable-qr,True,False,,,102210fe594ee9b33d82058545b1ed14f4c8206e,custom.jsdebugger.open.DAMP,damp,True,damp custom.jsdebugger.open.DAMP opt e10s fission stylo webrender,4768565,77,ms,firefox,,1708026636,2023-06-06T15:05:04,884.809090918403,58db56fb92e512ab38519e761371449b91f03577,1252586
autoland,4768729,12,95f51e857a45cd76f1766c14d6bed804857cd27b,windows10-64-shippable-qr,True,False,,,102210fe594ee9b33d82058545b1ed14f4c8206e,custom.jsdebugger.open.DAMP,damp,True,damp custom.jsdebugger.open.DAMP opt e10s fission stylo webrender,4768565,77,ms,firefox,,1708028164,2023-06-06T15:06:04,913.3412841230747,8a5e6b282c100e8fd6dcde510047b2ad3b4875e1,1252587
autoland,4768729,12,95f51e857a45cd76f1766c14d6bed804857cd27b,windows10-64-shippable-qr,True,False,,,102210fe594ee9b33d82058545b1ed14f4c8206e,custom.jsdebugger.open.DAMP,damp,True,damp custom.jsdebugger.open.DAMP opt e10s fission stylo webrender,4768565,77,ms,firefox,,1706710911,2023-06-06T15:07:26,881.9374779199788,51ecbed77cf45640a921f61934b70efadfb58982,1252589
autoland,4768729,12,95f51e857a45cd76f1766c14d6bed804857cd27b,windows10-64-shippable-qr,True,False,,,102210fe594ee9b33d82058545b1ed14f4c8206e,custom.jsdebugger.open.DAMP,damp,True,damp custom.jsdebugger.open.DAMP opt e10s fission stylo webrender,4768565,77,ms,firefox,,1708263849,2023-06-06T18:34:27,887.2428649350186,dbe49d0e5b60153da2f0ce323c61ad9cb57ff40f,1252700
autoland,4768729,12,95f51e857a45cd76f1766c14d6bed804857cd27b,windows10-64-shippable-qr,True,False,,,102210fe594ee9b33d82058545b1ed14f4c8206e,custom.jsdebugger.open.DAMP,damp,True,damp custom.jsdebugger.open.DAMP opt e10s fission stylo webrender,4768565,77,ms,firefox,,1708040662,2023-06-06T18:36:10,884.3305157408977,981a74ffa2035625bdb7b08a3b837418037864b4,1252703
autoland,4768729,12,95f51e857a45cd76f1766c14d6bed804857cd27b,windows10-64-shippable-qr,True,False,,,102210fe594ee9b33d82058545b1ed14f4c8206e,custom.jsdebugger.open.DAMP,damp,True,damp custom.jsdebugger.open.DAMP opt e10s fission stylo webrender,4768565,77,ms,firefox,,1708040901,2023-06-06T18:37:38,888.6728816671912,c944bf501c2cb95a73aedfce155e855eb628075a,1252704
autoland,4768729,12,95f51e857a45cd76f1766c14d6bed804857cd27b,windows10-64-shippable-qr,True,False,,,102210fe594ee9b33d82058545b1ed14f4c8206e,custom.jsdebugger.open.DAMP,damp,True,damp custom.jsdebugger.open.DAMP opt e10s fission stylo webrender,4768565,77,ms,firefox,,1708026243,2023-06-06T18:38:30,889.9184076382298,fa55914f4b75f48d57ab43d8802ea56412b703a0,1252705
autoland,4768729,12,95f51e857a45cd76f1766c14d6bed804857cd27b,windows10-64-shippable-qr,True,False,,,102210fe594ee9b33d82058545b1ed14f4c8206e,custom.jsdebugger.open.DAMP,damp,True,damp custom.jsdebugger.open.DAMP opt e10s fission stylo webrender,4768565,77,ms,firefox,,1708041205,2023-06-06T18:39:17,885.3174949926324,34efca17c445488ff2c8d877904ae571f1f6ce0c,1252707
autoland,4768729,12,95f51e857a45cd76f1766c14d6bed804857cd27b,windows10-64-shippable-qr,True,False,,,102210fe594ee9b33d82058545b1ed14f4c8206e,custom.jsdebugger.open.DAMP,damp,True,damp custom.jsdebugger.open.DAMP opt e10s fission stylo webrender,4768565,77,ms,firefox,,1708042311,2023-06-06T18:40:06,889.07620506901,b93f6512bbbc6433d09a482acf2f138f2f6677e0,1252708
autoland,4768729,12,95f51e857a45cd76f1766c14d6bed804857cd27b,windows10-64-shippable-qr,True,False,,,102210fe594ee9b33d82058545b1ed14f4c8206e,custom.jsdebugger.open.DAMP,damp,True,damp custom.jsdebugger.open.DAMP opt e10s fission stylo webrender,4768565,77,ms,firefox,,1708037406,2023-06-06T18:41:07,888.7423810120436,dbc987c2d0cda7bb0329c7503ec213fa2b7e522c,1252709
autoland,4768729,12,95f51e857a45cd76f1766c14d6bed804857cd27b,windows10-64-shippable-qr,True,False,,,102210fe594ee9b33d82058545b1ed14f4c8206e,custom.jsdebugger.open.DAMP,damp,True,damp custom.jsdebugger.open.DAMP opt e10s fission stylo webrender,4768565,77,ms,firefox,,1708039045,2023-06-06T18:41:58,888.8023229777536,da2e4e6f72c156d629d5397b8af3de2aaf60725f,1252710
autoland,4768729,12,95f51e857a45cd76f1766c14d6bed804857cd27b,windows10-64-shippable-qr,True,False,,,102210fe594ee9b33d82058545b1ed14f4c8206e,custom.jsdebugger.open.DAMP,damp,True,damp custom.jsdebugger.open.DAMP opt e10s fission stylo webrender,4768565,77,ms,firefox,,1708038040,2023-06-06T18:58:45,886.7452393378771,ea6da1713c98e4c01d6688c7ef02451dfe130ac9,1252713
autoland,4768729,12,95f51e857a45cd76f1766c14d6bed804857cd27b,windows10-64-shippable-qr,True,False,,,102210fe594ee9b33d82058545b1ed14f4c8206e,custom.jsdebugger.open.DAMP,damp,True,damp custom.jsdebugger.open.DAMP opt e10s fission stylo webrender,4768565,77,ms,firefox,,1706876781,2023-06-06T19:22:50,890.1137085479713,3e7d709ab2a3a86ff58f4406faa05e738ca49ec9,1252721
autoland,4768729,12,95f51e857a45cd76f1766c14d6bed804857cd27b,windows10-64-shippable-qr,True,False,,,102210fe594ee9b33d82058545b1ed14f4c8206e,custom.jsdebugger.open.DAMP,damp,True,damp custom.jsdebugger.open.DAMP opt e10s fission stylo webrender,4768565,77,ms,firefox,,1708046893,2023-06-06T19:38:01,887.5446037561633,ad11391dac323b2412b29c842279c2f661639b2e,1252733
autoland,4768729,12,95f51e857a45cd76f1766c14d6bed804857cd27b,windows10-64-shippable-qr,True,False,,,102210fe594ee9b33d82058545b1ed14f4c8206e,custom.jsdebugger.open.DAMP,damp,True,damp custom.jsdebugger.open.DAMP opt e10s fission stylo webrender,4768565,77,ms,firefox,,1708043287,2023-06-06T19:47:44,887.9331942969875,8a27d5959b3e8b398735e9d88bc8034cf831b5e1,1252739
autoland,4768729,12,95f51e857a45cd76f1766c14d6bed804857cd27b,windows10-64-shippable-qr,True,False,,,102210fe594ee9b33d82058545b1ed14f4c8206e,custom.jsdebugger.open.DAMP,damp,True,damp custom.jsdebugger.open.DAMP opt e10s fission stylo webrender,4768565,77,ms,firefox,,1708040524,2023-06-06T19:48:38,915.8850129331331,8a0c6cebd70d5958a8999f28a3ba87b18802cb8b,1252740
autoland,4768729,12,95f51e857a45cd76f1766c14d6bed804857cd27b,windows10-64-shippable-qr,True,False,,,102210fe594ee9b33d82058545b1ed14f4c8206e,custom.jsdebugger.open.DAMP,damp,True,damp custom.jsdebugger.open.DAMP opt e10s fission stylo webrender,4768565,77,ms,firefox,,1706895452,2023-06-06T19:49:29,891.8221952796202,9a56830b39f8d6802cef3772f81535d5f7bd475c,1252741
autoland,4768729,12,95f51e857a45cd76f1766c14d6bed804857cd27b,windows10-64-shippable-qr,True,False,,,102210fe594ee9b33d82058545b1ed14f4c8206e,custom.jsdebugger.open.DAMP,damp,True,damp custom.jsdebugger.open.DAMP opt e10s fission stylo webrender,4768565,77,ms,firefox,,1708359895,2023-06-06T20:14:55,899.1480656971544,e48e828cf2aa320e633cfbd2b2d9f5c65ec57c80,1252758
autoland,4768729,12,95f51e857a45cd76f1766c14d6bed804857cd27b,windows10-64-shippable-qr,True,False,,,102210fe594ee9b33d82058545b1ed14f4c8206e,custom.jsdebugger.open.DAMP,damp,True,damp custom.jsdebugger.open.DAMP opt e10s fission stylo webrender,4768565,77,ms,firefox,,1708360065,2023-06-06T20:50:56,887.968351600357,95375ea5e463ff5af29efe6ba3714445eef0b369,1252775
autoland,4768729,12,95f51e857a45cd76f1766c14d6bed804857cd27b,windows10-64-shippable-qr,True,False,,,102210fe594ee9b33d82058545b1ed14f4c8206e,custom.jsdebugger.open.DAMP,damp,True,damp custom.jsdebugger.open.DAMP opt e10s fission stylo webrender,4768565,77,ms,firefox,,1708360179,2023-06-06T21:45:16,888.7809516852794,ef89c8152d5bee5c475f8941a36e66a933e8edb4,1252802
autoland,4768729,12,95f51e857a45cd76f1766c14d6bed804857cd27b,windows10-64-shippable-qr,True,False,,,102210fe594ee9b33d82058545b1ed14f4c8206e,custom.jsdebugger.open.DAMP,damp,True,damp custom.jsdebugger.open.DAMP opt e10s fission stylo webrender,4768565,77,ms,firefox,,1708360272,2023-06-06T22:39:48,887.3195495894906,b525c4f4df5b5d1125acfb882852597f0029116e,1252822
autoland,4768729,12,95f51e857a45cd76f1766c14d6bed804857cd27b,windows10-64-shippable-qr,True,False,,,102210fe594ee9b33d82058545b1ed14f4c8206e,custom.jsdebugger.open.DAMP,damp,True,damp custom.jsdebugger.open.DAMP opt e10s fission stylo webrender,4768565,77,ms,firefox,,1708360686,2023-06-06T22:40:42,893.8563360907574,3fe83edc0cd8d44f5e6a381f84faee9a3dabb03d,1252823
autoland,4768729,12,95f51e857a45cd76f1766c14d6bed804857cd27b,windows10-64-shippable-qr,True,False,,,102210fe594ee9b33d82058545b1ed14f4c8206e,custom.jsdebugger.open.DAMP,damp,True,damp custom.jsdebugger.open.DAMP opt e10s fission stylo webrender,4768565,77,ms,firefox,,1708360500,2023-06-06T22:41:38,896.6555892867982,6fab104bb0320101e9c8f40f3bc8a49cea8c459f,1252825
autoland,4768729,12,95f51e857a45cd76f1766c14d6bed804857cd27b,windows10-64-shippable-qr,True,False,,,102210fe594ee9b33d82058545b1ed14f4c8206e,custom.jsdebugger.open.DAMP,damp,True,damp custom.jsdebugger.open.DAMP opt e10s fission stylo webrender,4768565,77,ms,firefox,,1708360737,2023-06-06T22:42:38,890.9438479456003,3198399979898c5f9ea615f0d703724dd4c83f4b,1252826
autoland,4768729,12,95f51e857a45cd76f1766c14d6bed804857cd27b,windows10-64-shippable-qr,True,False,,,102210fe594ee9b33d82058545b1ed14f4c8206e,custom.jsdebugger.open.DAMP,damp,True,damp custom.jsdebugger.open.DAMP opt e10s fission stylo webrender,4768565,77,ms,firefox,,1708360938,2023-06-06T22:43:37,888.7458890631606,f7fca8d65a69c8f37c7cb075a00c59597831e4e4,1252827
autoland,4768729,12,95f51e857a45cd76f1766c14d6bed804857cd27b,windows10-64-shippable-qr,True,False,,,102210fe594ee9b33d82058545b1ed14f4c8206e,custom.jsdebugger.open.DAMP,damp,True,damp custom.jsdebugger.open.DAMP opt e10s fission stylo webrender,4768565,77,ms,firefox,,1708361095,2023-06-06T22:45:51,892.2759378213814,71a5c483b603d80cfde6ba1a1346f254e728acc7,1252830
autoland,4768729,12,95f51e857a45cd76f1766c14d6bed804857cd27b,windows10-64-shippable-qr,True,False,,,102210fe594ee9b33d82058545b1ed14f4c8206e,custom.jsdebugger.open.DAMP,damp,True,damp custom.jsdebugger.open.DAMP opt e10s fission stylo webrender,4768565,77,ms,firefox,,1708361159,2023-06-06T22:45:51,890.6910160338084,71a5c483b603d80cfde6ba1a1346f254e728acc7,1252830
autoland,4768729,12,95f51e857a45cd76f1766c14d6bed804857cd27b,windows10-64-shippable-qr,True,False,,,102210fe594ee9b33d82058545b1ed14f4c8206e,custom.jsdebugger.open.DAMP,damp,True,damp custom.jsdebugger.open.DAMP opt e10s fission stylo webrender,4768565,77,ms,firefox,,1706975698,2023-06-06T22:47:19,893.570407497311,3a8e0dd854b5d9349d96a17de81427442d412db9,1252831
autoland,4768729,12,95f51e857a45cd76f1766c14d6bed804857cd27b,windows10-64-shippable-qr,True,False,,,102210fe594ee9b33d82058545b1ed14f4c8206e,custom.jsdebugger.open.DAMP,damp,True,damp custom.jsdebugger.open.DAMP opt e10s fission stylo webrender,4768565,77,ms,firefox,,1708395409,2023-06-06T22:48:15,891.5207382080407,b107f1dd8df29722caf654b6abc0eac9d6046a16,1252833
autoland,4768729,12,95f51e857a45cd76f1766c14d6bed804857cd27b,windows10-64-shippable-qr,True,False,,,102210fe594ee9b33d82058545b1ed14f4c8206e,custom.jsdebugger.open.DAMP,damp,True,damp custom.jsdebugger.open.DAMP opt e10s fission stylo webrender,4768565,77,ms,firefox,,1708397534,2023-06-06T22:51:35,885.8969330874534,c99a7b5ec3ae36c15406147c846f049a83ad2730,1252834
autoland,4768729,12,95f51e857a45cd76f1766c14d6bed804857cd27b,windows10-64-shippable-qr,True,False,,,102210fe594ee9b33d82058545b1ed14f4c8206e,custom.jsdebugger.open.DAMP,damp,True,damp custom.jsdebugger.open.DAMP opt e10s fission stylo webrender,4768565,77,ms,firefox,,1708398335,2023-06-06T23:47:13,883.9582003556716,7070ad7a7f9f74dd82aff60ee76fd377a8b9fdcb,1252859
autoland,4768729,12,95f51e857a45cd76f1766c14d6bed804857cd27b,windows10-64-shippable-qr,True,False,,,102210fe594ee9b33d82058545b1ed14f4c8206e,custom.jsdebugger.open.DAMP,damp,True,damp custom.jsdebugger.open.DAMP opt e10s fission stylo webrender,4768565,77,ms,firefox,,1708397311,2023-06-07T00:11:47,885.0927129441843,52fb29b7775534f4200acc4e48ae1430e6e572d5,1252868
autoland,4768729,12,95f51e857a45cd76f1766c14d6bed804857cd27b,windows10-64-shippable-qr,True,False,,,102210fe594ee9b33d82058545b1ed14f4c8206e,custom.jsdebugger.open.DAMP,damp,True,damp custom.jsdebugger.open.DAMP opt e10s fission stylo webrender,4768565,77,ms,firefox,,1708396355,2023-06-07T00:15:49,882.9809239137576,fbeeda98d792a92df75fc4b730f804caa763b2d1,1252869
autoland,4768729,12,95f51e857a45cd76f1766c14d6bed804857cd27b,windows10-64-shippable-qr,True,False,,,102210fe594ee9b33d82058545b1ed14f4c8206e,custom.jsdebugger.open.DAMP,damp,True,damp custom.jsdebugger.open.DAMP opt e10s fission stylo webrender,4768565,77,ms,firefox,,1708397096,2023-06-07T00:17:58,883.0555960414922,70255c96976d770f74c1d3e28e164d5c58a73885,1252871
autoland,4768729,12,95f51e857a45cd76f1766c14d6bed804857cd27b,windows10-64-shippable-qr,True,False,,,102210fe594ee9b33d82058545b1ed14f4c8206e,custom.jsdebugger.open.DAMP,damp,True,damp custom.jsdebugger.open.DAMP opt e10s fission stylo webrender,4768565,77,ms,firefox,,1708395969,2023-06-07T01:47:14,907.0538814319079,c89afdd4175dc491729fce40c10a99abbbc6126a,1252890
autoland,4768729,12,95f51e857a45cd76f1766c14d6bed804857cd27b,windows10-64-shippable-qr,True,False,,,102210fe594ee9b33d82058545b1ed14f4c8206e,custom.jsdebugger.open.DAMP,damp,True,damp custom.jsdebugger.open.DAMP opt e10s fission stylo webrender,4768565,77,ms,firefox,,1707070095,2023-06-07T02:52:45,884.8309103221764,714383968fdbbcb6ef5ff4fc599e11ae386d09ce,1252906
autoland,4768729,12,95f51e857a45cd76f1766c14d6bed804857cd27b,windows10-64-shippable-qr,True,False,,,102210fe594ee9b33d82058545b1ed14f4c8206e,custom.jsdebugger.open.DAMP,damp,True,damp custom.jsdebugger.open.DAMP opt e10s fission stylo webrender,4768565,77,ms,firefox,,1708365326,2023-06-07T03:45:23,889.1304013912713,535c66924d7524bce5edb4586910a1b4536aed29,1252921
autoland,4768729,12,95f51e857a45cd76f1766c14d6bed804857cd27b,windows10-64-shippable-qr,True,False,,,102210fe594ee9b33d82058545b1ed14f4c8206e,custom.jsdebugger.open.DAMP,damp,True,damp custom.jsdebugger.open.DAMP opt e10s fission stylo webrender,4768565,77,ms,firefox,,1708395878,2023-06-07T04:17:08,882.8217026745142,a8bcb8de017fa33164fd791dfcbc012c4dff7398,1252930
autoland,4768729,12,95f51e857a45cd76f1766c14d6bed804857cd27b,windows10-64-shippable-qr,True,False,,,102210fe594ee9b33d82058545b1ed14f4c8206e,custom.jsdebugger.open.DAMP,damp,True,damp custom.jsdebugger.open.DAMP opt e10s fission stylo webrender,4768565,77,ms,firefox,,1708395696,2023-06-07T05:01:06,885.2314257461694,c678db6a12350d450419e9658883d772984bc15c,1252938
autoland,4768729,12,95f51e857a45cd76f1766c14d6bed804857cd27b,windows10-64-shippable-qr,True,False,,,102210fe594ee9b33d82058545b1ed14f4c8206e,custom.jsdebugger.open.DAMP,damp,True,damp custom.jsdebugger.open.DAMP opt e10s fission stylo webrender,4768565,77,ms,firefox,,1708396022,2023-06-07T05:45:11,889.7778938314168,3b09ba800e21c908be8396a60741ddd646f42411,1252949
autoland,4768729,12,95f51e857a45cd76f1766c14d6bed804857cd27b,windows10-64-shippable-qr,True,False,,,102210fe594ee9b33d82058545b1ed14f4c8206e,custom.jsdebugger.open.DAMP,damp,True,damp custom.jsdebugger.open.DAMP opt e10s fission stylo webrender,4768565,77,ms,firefox,,1708395292,2023-06-07T06:32:53,880.9701302766407,11f1469d87bd674cbc7fafcab4a945b9ff97686f,1252956
autoland,4768729,12,95f51e857a45cd76f1766c14d6bed804857cd27b,windows10-64-shippable-qr,True,False,,,102210fe594ee9b33d82058545b1ed14f4c8206e,custom.jsdebugger.open.DAMP,damp,True,damp custom.jsdebugger.open.DAMP opt e10s fission stylo webrender,4768565,77,ms,firefox,,1708398135,2023-06-07T06:33:42,887.0659606074187,e10ad27f6d2b1de1e35471373db74ce09277b6f5,1252957
autoland,4768729,12,95f51e857a45cd76f1766c14d6bed804857cd27b,windows10-64-shippable-qr,True,False,,,102210fe594ee9b33d82058545b1ed14f4c8206e,custom.jsdebugger.open.DAMP,damp,True,damp custom.jsdebugger.open.DAMP opt e10s fission stylo webrender,4768565,77,ms,firefox,,1708399534,2023-06-07T06:52:38,887.0231782597839,1afeecd85aec7a9b11e17df5dc3e9231388a55e7,1252964
autoland,4768729,12,95f51e857a45cd76f1766c14d6bed804857cd27b,windows10-64-shippable-qr,True,False,,,102210fe594ee9b33d82058545b1ed14f4c8206e,custom.jsdebugger.open.DAMP,damp,True,damp custom.jsdebugger.open.DAMP opt e10s fission stylo webrender,4768565,77,ms,firefox,,1707203637,2023-06-07T06:55:53,884.3463482617954,29928f29c7a08d81bf5a480f4678c4c90b0abc68,1252967
autoland,4768729,12,95f51e857a45cd76f1766c14d6bed804857cd27b,windows10-64-shippable-qr,True,False,,,102210fe594ee9b33d82058545b1ed14f4c8206e,custom.jsdebugger.open.DAMP,damp,True,damp custom.jsdebugger.open.DAMP opt e10s fission stylo webrender,4768565,77,ms,firefox,,1707322487,2023-06-07T11:44:03,909.2012371262244,5c2039dcc9e34d981b3343ed3819d1f65ef07909,1253076
autoland,4768729,12,95f51e857a45cd76f1766c14d6bed804857cd27b,windows10-64-shippable-qr,True,False,,,102210fe594ee9b33d82058545b1ed14f4c8206e,custom.jsdebugger.open.DAMP,damp,True,damp custom.jsdebugger.open.DAMP opt e10s fission stylo webrender,4768565,77,ms,firefox,,1707354326,2023-06-07T13:36:12,884.6723742219183,ed7804ffc016687db27f68ab46e27c0ffefda3af,1253119
autoland,4768729,12,95f51e857a45cd76f1766c14d6bed804857cd27b,windows10-64-shippable-qr,True,False,,,102210fe594ee9b33d82058545b1ed14f4c8206e,custom.jsdebugger.open.DAMP,damp,True,damp custom.jsdebugger.open.DAMP opt e10s fission stylo webrender,4768565,77,ms,firefox,,1707453948,2023-06-07T16:40:09,887.9945372929506,1e9ddd307894fd2055ca49dcaa461478d0acea9e,1253256
autoland,4768729,12,95f51e857a45cd76f1766c14d6bed804857cd27b,windows10-64-shippable-qr,True,False,,,102210fe594ee9b33d82058545b1ed14f4c8206e,custom.jsdebugger.open.DAMP,damp,True,damp custom.jsdebugger.open.DAMP opt e10s fission stylo webrender,4768565,77,ms,firefox,,1707627944,2023-06-07T20:51:47,885.0915044994545,d777b008615418be897668f8099b9e68f6666a3c,1253401
autoland,4768729,12,95f51e857a45cd76f1766c14d6bed804857cd27b,windows10-64-shippable-qr,True,False,,,102210fe594ee9b33d82058545b1ed14f4c8206e,custom.jsdebugger.open.DAMP,damp,True,damp custom.jsdebugger.open.DAMP opt e10s fission stylo webrender,4768565,77,ms,firefox,,1707657101,2023-06-07T22:54:42,888.7856356084085,c18688c9011d0dc50b79d2f830dbf323c8c75604,1253472
autoland,4768729,12,95f51e857a45cd76f1766c14d6bed804857cd27b,windows10-64-shippable-qr,True,False,,,102210fe594ee9b33d82058545b1ed14f4c8206e,custom.jsdebugger.open.DAMP,damp,True,damp custom.jsdebugger.open.DAMP opt e10s fission stylo webrender,4768565,77,ms,firefox,,1707782985,2023-06-08T03:47:09,888.0495888643345,2b2fb0c1bd13f27bbd5094192791600a5e261c4b,1253596
autoland,4768729,12,95f51e857a45cd76f1766c14d6bed804857cd27b,windows10-64-shippable-qr,True,False,,,102210fe594ee9b33d82058545b1ed14f4c8206e,custom.jsdebugger.open.DAMP,damp,True,damp custom.jsdebugger.open.DAMP opt e10s fission stylo webrender,4768565,77,ms,firefox,,1707851073,2023-06-08T06:27:32,887.5621097500552,d588d40904f7880592d27c083cb64d31864340cb,1253626
autoland,4768729,12,95f51e857a45cd76f1766c14d6bed804857cd27b,windows10-64-shippable-qr,True,False,,,102210fe594ee9b33d82058545b1ed14f4c8206e,custom.jsdebugger.open.DAMP,damp,True,damp custom.jsdebugger.open.DAMP opt e10s fission stylo webrender,4768565,77,ms,firefox,,1708013157,2023-06-08T10:57:22,898.7835215104878,a86d5a3f177d480362c07a9ed34166ae41840ab6,1253788
autoland,4768729,12,95f51e857a45cd76f1766c14d6bed804857cd27b,windows10-64-shippable-qr,True,False,,,102210fe594ee9b33d82058545b1ed14f4c8206e,custom.jsdebugger.open.DAMP,damp,True,damp custom.jsdebugger.open.DAMP opt e10s fission stylo webrender,4768565,77,ms,firefox,,1708188300,2023-06-08T15:05:55,892.3330139595055,581d6b2a5146b01bfc5a4a599127e2e794918f78,1253951
autoland,4768729,12,95f51e857a45cd76f1766c14d6bed804857cd27b,windows10-64-shippable-qr,True,False,,,102210fe594ee9b33d82058545b1ed14f4c8206e,custom.jsdebugger.open.DAMP,damp,True,damp custom.jsdebugger.open.DAMP opt e10s fission stylo webrender,4768565,77,ms,firefox,,1708182673,2023-06-08T15:14:50,890.1099707545654,954d7d588e595404fbe8f79a002de1a32f4175fc,1253958
autoland,4768729,12,95f51e857a45cd76f1766c14d6bed804857cd27b,windows10-64-shippable-qr,True,False,,,102210fe594ee9b33d82058545b1ed14f4c8206e,custom.jsdebugger.open.DAMP,damp,True,damp custom.jsdebugger.open.DAMP opt e10s fission stylo webrender,4768565,77,ms,firefox,,1708354170,2023-06-08T21:44:04,890.7834801352292,c7b3905a77fb83c75344dddb5646c5c7f5d16714,1254265
autoland,4768729,12,95f51e857a45cd76f1766c14d6bed804857cd27b,windows10-64-shippable-qr,True,False,,,102210fe594ee9b33d82058545b1ed14f4c8206e,custom.jsdebugger.open.DAMP,damp,True,damp custom.jsdebugger.open.DAMP opt e10s fission stylo webrender,4768565,77,ms,firefox,,1708443179,2023-06-09T02:20:20,898.9881164698454,d18ffb52540958c2b12d76b4a392e12df3bc4280,1254350
autoland,4768729,12,95f51e857a45cd76f1766c14d6bed804857cd27b,windows10-64-shippable-qr,True,False,,,102210fe594ee9b33d82058545b1ed14f4c8206e,custom.jsdebugger.open.DAMP,damp,True,damp custom.jsdebugger.open.DAMP opt e10s fission stylo webrender,4768565,77,ms,firefox,,1708506167,2023-06-09T06:38:52,888.4198788064241,e76a7e9393add417bcf6a33d7e0c71909cc3c6d9,1254404
autoland,4768729,12,95f51e857a45cd76f1766c14d6bed804857cd27b,windows10-64-shippable-qr,True,False,,,102210fe594ee9b33d82058545b1ed14f4c8206e,custom.jsdebugger.open.DAMP,damp,True,damp custom.jsdebugger.open.DAMP opt e10s fission stylo webrender,4768565,77,ms,firefox,,1708541337,2023-06-09T08:40:41,893.1592963609728,6453bd709950f540a9b961069fe05277eec38c4e,1254469
autoland,4768729,12,95f51e857a45cd76f1766c14d6bed804857cd27b,windows10-64-shippable-qr,True,False,,,102210fe594ee9b33d82058545b1ed14f4c8206e,custom.jsdebugger.open.DAMP,damp,True,damp custom.jsdebugger.open.DAMP opt e10s fission stylo webrender,4768565,77,ms,firefox,,1708695053,2023-06-09T13:23:42,887.4522944569908,7467d3da5f29eddf7cf135a00cef8cf87b5c6911,1254611
autoland,4768729,12,95f51e857a45cd76f1766c14d6bed804857cd27b,windows10-64-shippable-qr,True,False,,,102210fe594ee9b33d82058545b1ed14f4c8206e,custom.jsdebugger.open.DAMP,damp,True,damp custom.jsdebugger.open.DAMP opt e10s fission stylo webrender,4768565,77,ms,firefox,,1708883141,2023-06-09T18:12:56,886.4920631399073,439e88bdf46b8545bcf3fbf4d1cac9bf084df91d,1254830
autoland,4768729,12,95f51e857a45cd76f1766c14d6bed804857cd27b,windows10-64-shippable-qr,True,False,,,102210fe594ee9b33d82058545b1ed14f4c8206e,custom.jsdebugger.open.DAMP,damp,True,damp custom.jsdebugger.open.DAMP opt e10s fission stylo webrender,4768565,77,ms,firefox,,1708911059,2023-06-09T19:52:31,892.8945676126677,14c10deaa83992232930103150b2cb2351a623a5,1254912
autoland,4768729,12,95f51e857a45cd76f1766c14d6bed804857cd27b,windows10-64-shippable-qr,True,False,,,102210fe594ee9b33d82058545b1ed14f4c8206e,custom.jsdebugger.open.DAMP,damp,True,damp custom.jsdebugger.open.DAMP opt e10s fission stylo webrender,4768565,77,ms,firefox,,1709019790,2023-06-10T01:55:58,885.6211894380613,463e881a627c52313496a136abc6c038a4b92af6,1255101
autoland,4768729,12,95f51e857a45cd76f1766c14d6bed804857cd27b,windows10-64-shippable-qr,True,False,,,102210fe594ee9b33d82058545b1ed14f4c8206e,custom.jsdebugger.open.DAMP,damp,True,damp custom.jsdebugger.open.DAMP opt e10s fission stylo webrender,4768565,77,ms,firefox,,1709163111,2023-06-10T13:36:02,891.4125726612838,9c9d29101b3d0533b84b4e75dc06e89fcad3d31a,1255207
autoland,4768729,12,95f51e857a45cd76f1766c14d6bed804857cd27b,windows10-64-shippable-qr,True,False,,,102210fe594ee9b33d82058545b1ed14f4c8206e,custom.jsdebugger.open.DAMP,damp,True,damp custom.jsdebugger.open.DAMP opt e10s fission stylo webrender,4768565,77,ms,firefox,,1709163165,2023-06-10T13:36:02,891.0048131388685,9c9d29101b3d0533b84b4e75dc06e89fcad3d31a,1255207
autoland,4768729,12,95f51e857a45cd76f1766c14d6bed804857cd27b,windows10-64-shippable-qr,True,False,,,102210fe594ee9b33d82058545b1ed14f4c8206e,custom.jsdebugger.open.DAMP,damp,True,damp custom.jsdebugger.open.DAMP opt e10s fission stylo webrender,4768565,77,ms,firefox,,1709163216,2023-06-10T13:36:02,893.3646814027161,9c9d29101b3d0533b84b4e75dc06e89fcad3d31a,1255207
autoland,4768729,12,95f51e857a45cd76f1766c14d6bed804857cd27b,windows10-64-shippable-qr,True,False,,,102210fe594ee9b33d82058545b1ed14f4c8206e,custom.jsdebugger.open.DAMP,damp,True,damp custom.jsdebugger.open.DAMP opt e10s fission stylo webrender,4768565,77,ms,firefox,,1709229780,2023-06-10T18:37:05,890.1628024300153,879c6932bb49782e5edfdbe48e93d997a2646d84,1255264
autoland,4768729,12,95f51e857a45cd76f1766c14d6bed804857cd27b,windows10-64-shippable-qr,True,False,,,102210fe594ee9b33d82058545b1ed14f4c8206e,custom.jsdebugger.open.DAMP,damp,True,damp custom.jsdebugger.open.DAMP opt e10s fission stylo webrender,4768565,77,ms,firefox,,1709259390,2023-06-10T20:39:30,887.1439552607626,711b87deb431206775bf67c5b0d04ace33eb3660,1255276
autoland,4768729,12,95f51e857a45cd76f1766c14d6bed804857cd27b,windows10-64-shippable-qr,True,False,,,102210fe594ee9b33d82058545b1ed14f4c8206e,custom.jsdebugger.open.DAMP,damp,True,damp custom.jsdebugger.open.DAMP opt e10s fission stylo webrender,4768565,77,ms,firefox,,1709469363,2023-06-11T14:35:35,886.1004454053182,3904ff924b73ed2df5a530453ab025bb1c2fdf90,1255360
autoland,4768729,12,95f51e857a45cd76f1766c14d6bed804857cd27b,windows10-64-shippable-qr,True,False,,,102210fe594ee9b33d82058545b1ed14f4c8206e,custom.jsdebugger.open.DAMP,damp,True,damp custom.jsdebugger.open.DAMP opt e10s fission stylo webrender,4768565,77,ms,firefox,,1709536874,2023-06-11T19:10:58,887.8833772629587,af0665af954105365927736b6a65c4d28533bc4d,1255387
autoland,4768729,12,95f51e857a45cd76f1766c14d6bed804857cd27b,windows10-64-shippable-qr,True,False,,,102210fe594ee9b33d82058545b1ed14f4c8206e,custom.jsdebugger.open.DAMP,damp,True,damp custom.jsdebugger.open.DAMP opt e10s fission stylo webrender,4768565,77,ms,firefox,,1709607584,2023-06-12T00:14:44,883.4021803019132,c73c9ac3fe19822fcf08c5bd0bc112056008b4da,1255422
autoland,4768729,12,95f51e857a45cd76f1766c14d6bed804857cd27b,windows10-64-shippable-qr,True,False,,,102210fe594ee9b33d82058545b1ed14f4c8206e,custom.jsdebugger.open.DAMP,damp,True,damp custom.jsdebugger.open.DAMP opt e10s fission stylo webrender,4768565,77,ms,firefox,,1709656226,2023-06-12T04:46:29,882.4611340070114,25564434f810ceea8a17b730bd5498b0ca9856c4,1255461
autoland,4768729,12,95f51e857a45cd76f1766c14d6bed804857cd27b,windows10-64-shippable-qr,True,False,,,102210fe594ee9b33d82058545b1ed14f4c8206e,custom.jsdebugger.open.DAMP,damp,True,damp custom.jsdebugger.open.DAMP opt e10s fission stylo webrender,4768565,77,ms,firefox,,1709745471,2023-06-12T09:00:15,887.2009027573149,6c51face7335165a532e8f6b035a975ced1be55c,1255535
autoland,4768729,12,95f51e857a45cd76f1766c14d6bed804857cd27b,windows10-64-shippable-qr,True,False,,,102210fe594ee9b33d82058545b1ed14f4c8206e,custom.jsdebugger.open.DAMP,damp,True,damp custom.jsdebugger.open.DAMP opt e10s fission stylo webrender,4768565,77,ms,firefox,,1709766467,2023-06-12T09:27:15,887.4755050959429,1dc3aecfed3a924c48ee323c36ee1e783f836dd7,1255558
autoland,4768729,12,95f51e857a45cd76f1766c14d6bed804857cd27b,windows10-64-shippable-qr,True,False,,,102210fe594ee9b33d82058545b1ed14f4c8206e,custom.jsdebugger.open.DAMP,damp,True,damp custom.jsdebugger.open.DAMP opt e10s fission stylo webrender,4768565,77,ms,firefox,,1709997220,2023-06-12T14:14:19,890.2101520708093,ee618a493ff9c25c0ecb9dc6087a6179874541da,1255741
autoland,4768729,12,95f51e857a45cd76f1766c14d6bed804857cd27b,windows10-64-shippable-qr,True,False,,,102210fe594ee9b33d82058545b1ed14f4c8206e,custom.jsdebugger.open.DAMP,damp,True,damp custom.jsdebugger.open.DAMP opt e10s fission stylo webrender,4768565,77,ms,firefox,,1710064519,2023-06-12T17:28:50,889.0380136041858,53b4b785ae2a7f70257069e77b138fe36b53698a,1255840
autoland,4768729,12,95f51e857a45cd76f1766c14d6bed804857cd27b,windows10-64-shippable-qr,True,False,,,102210fe594ee9b33d82058545b1ed14f4c8206e,custom.jsdebugger.open.DAMP,damp,True,damp custom.jsdebugger.open.DAMP opt e10s fission stylo webrender,4768565,77,ms,firefox,,1711559776,2023-06-12T19:39:34,888.3664967394143,844a8a0d35e37c4383aa97e570579d5a15ec6c74,1255922
autoland,4768729,12,95f51e857a45cd76f1766c14d6bed804857cd27b,windows10-64-shippable-qr,True,False,,,102210fe594ee9b33d82058545b1ed14f4c8206e,custom.jsdebugger.open.DAMP,damp,True,damp custom.jsdebugger.open.DAMP opt e10s fission stylo webrender,4768565,77,ms,firefox,,1711560548,2023-06-12T19:45:14,892.735616145188,c3d69f091115468a0db60aa8471cde3cc3a2e4bc,1255928
autoland,4768729,12,95f51e857a45cd76f1766c14d6bed804857cd27b,windows10-64-shippable-qr,True,False,,,102210fe594ee9b33d82058545b1ed14f4c8206e,custom.jsdebugger.open.DAMP,damp,True,damp custom.jsdebugger.open.DAMP opt e10s fission stylo webrender,4768565,77,ms,firefox,,1711560651,2023-06-12T19:48:33,888.6891896873567,1a7c806e2c8db802a9cedc95d3268052b94a0e28,1255931
autoland,4768729,12,95f51e857a45cd76f1766c14d6bed804857cd27b,windows10-64-shippable-qr,True,False,,,102210fe594ee9b33d82058545b1ed14f4c8206e,custom.jsdebugger.open.DAMP,damp,True,damp custom.jsdebugger.open.DAMP opt e10s fission stylo webrender,4768565,77,ms,firefox,,1711560334,2023-06-12T20:27:32,891.4047443992386,fc85dbdd86e9aeb4348d5673889e7715e0edad6f,1255963
autoland,4768729,12,95f51e857a45cd76f1766c14d6bed804857cd27b,windows10-64-shippable-qr,True,False,,,102210fe594ee9b33d82058545b1ed14f4c8206e,custom.jsdebugger.open.DAMP,damp,True,damp custom.jsdebugger.open.DAMP opt e10s fission stylo webrender,4768565,77,ms,firefox,,1711559478,2023-06-12T20:28:27,886.5905220656587,11d0cb525f1d1b5cbea7237b9a68b6407f8fa068,1255964
autoland,4768729,12,95f51e857a45cd76f1766c14d6bed804857cd27b,windows10-64-shippable-qr,True,False,,,102210fe594ee9b33d82058545b1ed14f4c8206e,custom.jsdebugger.open.DAMP,damp,True,damp custom.jsdebugger.open.DAMP opt e10s fission stylo webrender,4768565,77,ms,firefox,,1711560600,2023-06-12T20:29:50,893.8139487890876,7e809ca5c010b96ddc4db794b6b311871199f2c1,1255967
autoland,4768729,12,95f51e857a45cd76f1766c14d6bed804857cd27b,windows10-64-shippable-qr,True,False,,,102210fe594ee9b33d82058545b1ed14f4c8206e,custom.jsdebugger.open.DAMP,damp,True,damp custom.jsdebugger.open.DAMP opt e10s fission stylo webrender,4768565,77,ms,firefox,,1711559828,2023-06-12T20:33:52,891.6898318182793,c33c010f3a4fd2de9d4c591c1ed03676b1808802,1255971
autoland,4768729,12,95f51e857a45cd76f1766c14d6bed804857cd27b,windows10-64-shippable-qr,True,False,,,102210fe594ee9b33d82058545b1ed14f4c8206e,custom.jsdebugger.open.DAMP,damp,True,damp custom.jsdebugger.open.DAMP opt e10s fission stylo webrender,4768565,77,ms,firefox,,1711559140,2023-06-12T21:08:10,889.9408401167457,c552d41490c7670eb12076a3028b6863c23f4ff0,1255996
autoland,4768729,12,95f51e857a45cd76f1766c14d6bed804857cd27b,windows10-64-shippable-qr,True,False,,,102210fe594ee9b33d82058545b1ed14f4c8206e,custom.jsdebugger.open.DAMP,damp,True,damp custom.jsdebugger.open.DAMP opt e10s fission stylo webrender,4768565,77,ms,firefox,,1711475337,2023-06-12T21:12:53,887.2408939109009,5ed1439037c404a2393288d520ae0fc01d21f628,1256001
autoland,4768729,12,95f51e857a45cd76f1766c14d6bed804857cd27b,windows10-64-shippable-qr,True,False,,,102210fe594ee9b33d82058545b1ed14f4c8206e,custom.jsdebugger.open.DAMP,damp,True,damp custom.jsdebugger.open.DAMP opt e10s fission stylo webrender,4768565,77,ms,firefox,,1710193047,2023-06-12T21:22:21,887.9008235350702,eff1078e2398a9021cd61a20eff8062a582128e2,1256012
autoland,4768729,12,95f51e857a45cd76f1766c14d6bed804857cd27b,windows10-64-shippable-qr,True,False,,,102210fe594ee9b33d82058545b1ed14f4c8206e,custom.jsdebugger.open.DAMP,damp,True,damp custom.jsdebugger.open.DAMP opt e10s fission stylo webrender,4768565,77,ms,firefox,,1711502279,2023-06-12T22:16:30,906.124410602366,7f88f4a1748334e06137fc25f4a53ccf930c408f,1256047
autoland,4768729,12,95f51e857a45cd76f1766c14d6bed804857cd27b,windows10-64-shippable-qr,True,False,,,102210fe594ee9b33d82058545b1ed14f4c8206e,custom.jsdebugger.open.DAMP,damp,True,damp custom.jsdebugger.open.DAMP opt e10s fission stylo webrender,4768565,77,ms,firefox,,1711489224,2023-06-12T22:25:03,882.0212753248197,eebce79aa786aceb30215a968599bffacc84d2f4,1256055
autoland,4768729,12,95f51e857a45cd76f1766c14d6bed804857cd27b,windows10-64-shippable-qr,True,False,,,102210fe594ee9b33d82058545b1ed14f4c8206e,custom.jsdebugger.open.DAMP,damp,True,damp custom.jsdebugger.open.DAMP opt e10s fission stylo webrender,4768565,77,ms,firefox,,1711492565,2023-06-12T23:18:00,883.6860903769775,64d1a1e2d93e19fbec70165d04cfab57ab1dbe1f,1256094
autoland,4768729,12,95f51e857a45cd76f1766c14d6bed804857cd27b,windows10-64-shippable-qr,True,False,,,102210fe594ee9b33d82058545b1ed14f4c8206e,custom.jsdebugger.open.DAMP,damp,True,damp custom.jsdebugger.open.DAMP opt e10s fission stylo webrender,4768565,77,ms,firefox,,1711497659,2023-06-12T23:39:36,885.0781925199262,1b140d3a27708ab1a8cc60a70d2963b3b1cd96a5,1256108
autoland,4768729,12,95f51e857a45cd76f1766c14d6bed804857cd27b,windows10-64-shippable-qr,True,False,,,102210fe594ee9b33d82058545b1ed14f4c8206e,custom.jsdebugger.open.DAMP,damp,True,damp custom.jsdebugger.open.DAMP opt e10s fission stylo webrender,4768565,77,ms,firefox,,1711489053,2023-06-13T00:27:17,886.5471957139453,aa31e8faae1f74d71325ff4255aefbe5aab1e5ec,1256122
autoland,4768729,12,95f51e857a45cd76f1766c14d6bed804857cd27b,windows10-64-shippable-qr,True,False,,,102210fe594ee9b33d82058545b1ed14f4c8206e,custom.jsdebugger.open.DAMP,damp,True,damp custom.jsdebugger.open.DAMP opt e10s fission stylo webrender,4768565,77,ms,firefox,,1711501546,2023-06-13T00:33:19,880.3239457580348,5b5f38cf2107059eac44287c43546030cc2dab35,1256125
autoland,4768729,12,95f51e857a45cd76f1766c14d6bed804857cd27b,windows10-64-shippable-qr,True,False,,,102210fe594ee9b33d82058545b1ed14f4c8206e,custom.jsdebugger.open.DAMP,damp,True,damp custom.jsdebugger.open.DAMP opt e10s fission stylo webrender,4768565,77,ms,firefox,,1711473449,2023-06-13T00:34:11,887.9543951904634,f2b4a1f9f940c8b638678d57049d4d9589bbf619,1256126
autoland,4768729,12,95f51e857a45cd76f1766c14d6bed804857cd27b,windows10-64-shippable-qr,True,False,,,102210fe594ee9b33d82058545b1ed14f4c8206e,custom.jsdebugger.open.DAMP,damp,True,damp custom.jsdebugger.open.DAMP opt e10s fission stylo webrender,4768565,77,ms,firefox,,1711495914,2023-06-13T00:36:07,888.7376782996507,db17b8c7548bf954a535f49818d65c39bc27973d,1256127
autoland,4768729,12,95f51e857a45cd76f1766c14d6bed804857cd27b,windows10-64-shippable-qr,True,False,,,102210fe594ee9b33d82058545b1ed14f4c8206e,custom.jsdebugger.open.DAMP,damp,True,damp custom.jsdebugger.open.DAMP opt e10s fission stylo webrender,4768565,77,ms,firefox,,1711488245,2023-06-13T01:16:33,884.7801043457002,2fbfefb8c6cfddd0278b53353298837afd1f7d70,1256145
autoland,4768729,12,95f51e857a45cd76f1766c14d6bed804857cd27b,windows10-64-shippable-qr,True,False,,,102210fe594ee9b33d82058545b1ed14f4c8206e,custom.jsdebugger.open.DAMP,damp,True,damp custom.jsdebugger.open.DAMP opt e10s fission stylo webrender,4768565,77,ms,firefox,,1710274809,2023-06-13T02:32:41,882.1601481113175,2bdaa9d6ac390362734ba199115ca10186243e87,1256169
autoland,4768729,12,95f51e857a45cd76f1766c14d6bed804857cd27b,windows10-64-shippable-qr,True,False,,,102210fe594ee9b33d82058545b1ed14f4c8206e,custom.jsdebugger.open.DAMP,damp,True,damp custom.jsdebugger.open.DAMP opt e10s fission stylo webrender,4768565,77,ms,firefox,,1711492590,2023-06-13T03:45:50,891.2533036783207,fb69d7772108dadd70bbe67d27de0e817c297291,1256178
autoland,4768729,12,95f51e857a45cd76f1766c14d6bed804857cd27b,windows10-64-shippable-qr,True,False,,,102210fe594ee9b33d82058545b1ed14f4c8206e,custom.jsdebugger.open.DAMP,damp,True,damp custom.jsdebugger.open.DAMP opt e10s fission stylo webrender,4768565,77,ms,firefox,,1711560033,2023-06-13T04:14:39,889.5513233176825,8f96604b79a63fe139dc8182dfff1bd83f4029b0,1256186
autoland,4768729,12,95f51e857a45cd76f1766c14d6bed804857cd27b,windows10-64-shippable-qr,True,False,,,102210fe594ee9b33d82058545b1ed14f4c8206e,custom.jsdebugger.open.DAMP,damp,True,damp custom.jsdebugger.open.DAMP opt e10s fission stylo webrender,4768565,77,ms,firefox,,1711557350,2023-06-13T04:15:29,889.6215228379224,2c5b5021aecc3d17db137b828c805288ee4ade3e,1256187
autoland,4768729,12,95f51e857a45cd76f1766c14d6bed804857cd27b,windows10-64-shippable-qr,True,False,,,102210fe594ee9b33d82058545b1ed14f4c8206e,custom.jsdebugger.open.DAMP,damp,True,damp custom.jsdebugger.open.DAMP opt e10s fission stylo webrender,4768565,77,ms,firefox,,1711557642,2023-06-13T04:25:17,888.7796243149351,3661d47fd7f743c3a24092a879ebcbffa26f84c8,1256191
autoland,4768729,12,95f51e857a45cd76f1766c14d6bed804857cd27b,windows10-64-shippable-qr,True,False,,,102210fe594ee9b33d82058545b1ed14f4c8206e,custom.jsdebugger.open.DAMP,damp,True,damp custom.jsdebugger.open.DAMP opt e10s fission stylo webrender,4768565,77,ms,firefox,,1711560282,2023-06-13T04:47:41,898.8857873114321,69915e51348105d47423c4b1d4f0dfa0173d01bc,1256195
autoland,4768729,12,95f51e857a45cd76f1766c14d6bed804857cd27b,windows10-64-shippable-qr,True,False,,,102210fe594ee9b33d82058545b1ed14f4c8206e,custom.jsdebugger.open.DAMP,damp,True,damp custom.jsdebugger.open.DAMP opt e10s fission stylo webrender,4768565,77,ms,firefox,,1711499560,2023-06-13T05:08:04,886.5886447332814,24cab11905b4a9ff6096fd916c8a49f921bdfa51,1256209
autoland,4768729,12,95f51e857a45cd76f1766c14d6bed804857cd27b,windows10-64-shippable-qr,True,False,,,102210fe594ee9b33d82058545b1ed14f4c8206e,custom.jsdebugger.open.DAMP,damp,True,damp custom.jsdebugger.open.DAMP opt e10s fission stylo webrender,4768565,77,ms,firefox,,1710360633,2023-06-13T05:20:45,890.1665945884379,1a37acad51201ba77a18b0951d3a93bc8c9eebf7,1256212
autoland,4768729,12,95f51e857a45cd76f1766c14d6bed804857cd27b,windows10-64-shippable-qr,True,False,,,102210fe594ee9b33d82058545b1ed14f4c8206e,custom.jsdebugger.open.DAMP,damp,True,damp custom.jsdebugger.open.DAMP opt e10s fission stylo webrender,4768565,77,ms,firefox,,1711743122,2023-06-13T05:22:58,890.8310745611552,272170eab9b256ebca0c4741d125257324f787cc,1256213
autoland,4768729,12,95f51e857a45cd76f1766c14d6bed804857cd27b,windows10-64-shippable-qr,True,False,,,102210fe594ee9b33d82058545b1ed14f4c8206e,custom.jsdebugger.open.DAMP,damp,True,damp custom.jsdebugger.open.DAMP opt e10s fission stylo webrender,4768565,77,ms,firefox,,1711747074,2023-06-13T05:32:03,894.1767598778097,d27814dbcf7f8c99c7e5e8a22fa36bdf6d1532ec,1256217
autoland,4768729,12,95f51e857a45cd76f1766c14d6bed804857cd27b,windows10-64-shippable-qr,True,False,,,102210fe594ee9b33d82058545b1ed14f4c8206e,custom.jsdebugger.open.DAMP,damp,True,damp custom.jsdebugger.open.DAMP opt e10s fission stylo webrender,4768565,77,ms,firefox,,1711744019,2023-06-13T06:31:49,897.3582789389038,4db7649b842ecb68a337f7f736a479185af0b377,1256234
autoland,4768729,12,95f51e857a45cd76f1766c14d6bed804857cd27b,windows10-64-shippable-qr,True,False,,,102210fe594ee9b33d82058545b1ed14f4c8206e,custom.jsdebugger.open.DAMP,damp,True,damp custom.jsdebugger.open.DAMP opt e10s fission stylo webrender,4768565,77,ms,firefox,,1711746072,2023-06-13T06:50:05,893.6438196064846,203bf275e99e99882638a6b3357c0a6a2f97bffc,1256245
autoland,4768729,12,95f51e857a45cd76f1766c14d6bed804857cd27b,windows10-64-shippable-qr,True,False,,,102210fe594ee9b33d82058545b1ed14f4c8206e,custom.jsdebugger.open.DAMP,damp,True,damp custom.jsdebugger.open.DAMP opt e10s fission stylo webrender,4768565,77,ms,firefox,,1711750288,2023-06-13T07:00:06,892.6482956546897,eb804e3fb789a2c18371c53a680c3533f4ea8828,1256252
autoland,4768729,12,95f51e857a45cd76f1766c14d6bed804857cd27b,windows10-64-shippable-qr,True,False,,,102210fe594ee9b33d82058545b1ed14f4c8206e,custom.jsdebugger.open.DAMP,damp,True,damp custom.jsdebugger.open.DAMP opt e10s fission stylo webrender,4768565,77,ms,firefox,,1711747179,2023-06-13T07:22:18,888.0145817724333,5f82a3eb8cb7e261de2cab3c7bf62cd25a174369,1256256
autoland,4768729,12,95f51e857a45cd76f1766c14d6bed804857cd27b,windows10-64-shippable-qr,True,False,,,102210fe594ee9b33d82058545b1ed14f4c8206e,custom.jsdebugger.open.DAMP,damp,True,damp custom.jsdebugger.open.DAMP opt e10s fission stylo webrender,4768565,77,ms,firefox,,1711490289,2023-06-13T08:00:46,888.0262075509527,9084ef70cf2aaa4b662efba124d92bb28e9646e5,1256276
autoland,4768729,12,95f51e857a45cd76f1766c14d6bed804857cd27b,windows10-64-shippable-qr,True,False,,,102210fe594ee9b33d82058545b1ed14f4c8206e,custom.jsdebugger.open.DAMP,damp,True,damp custom.jsdebugger.open.DAMP opt e10s fission stylo webrender,4768565,77,ms,firefox,,1711559578,2023-06-13T08:06:30,896.346364882229,3999920d4893c9c0f758962c1e0ab9fe5a3ea28e,1256278
autoland,4768729,12,95f51e857a45cd76f1766c14d6bed804857cd27b,windows10-64-shippable-qr,True,False,,,102210fe594ee9b33d82058545b1ed14f4c8206e,custom.jsdebugger.open.DAMP,damp,True,damp custom.jsdebugger.open.DAMP opt e10s fission stylo webrender,4768565,77,ms,firefox,,1711475394,2023-06-13T08:07:23,896.519768303132,48bedd7ad73f194f4b7544587d4889eb45db570c,1256279
autoland,4768729,12,95f51e857a45cd76f1766c14d6bed804857cd27b,windows10-64-shippable-qr,True,False,,,102210fe594ee9b33d82058545b1ed14f4c8206e,custom.jsdebugger.open.DAMP,damp,True,damp custom.jsdebugger.open.DAMP opt e10s fission stylo webrender,4768565,77,ms,firefox,,1711499767,2023-06-13T08:48:06,889.8033406321847,d483b78ddcff871a55ec7de383e5c7003b4b6e77,1256302
autoland,4768729,12,95f51e857a45cd76f1766c14d6bed804857cd27b,windows10-64-shippable-qr,True,False,,,102210fe594ee9b33d82058545b1ed14f4c8206e,custom.jsdebugger.open.DAMP,damp,True,damp custom.jsdebugger.open.DAMP opt e10s fission stylo webrender,4768565,77,ms,firefox,,1711491421,2023-06-13T08:49:38,890.1294267512494,c1d723b1a88ffc044bb38659f7b841b33255e783,1256306
autoland,4768729,12,95f51e857a45cd76f1766c14d6bed804857cd27b,windows10-64-shippable-qr,True,False,,,102210fe594ee9b33d82058545b1ed14f4c8206e,custom.jsdebugger.open.DAMP,damp,True,damp custom.jsdebugger.open.DAMP opt e10s fission stylo webrender,4768565,77,ms,firefox,,1711500548,2023-06-13T08:50:35,886.4218878906249,449ecd31e0496eb73aa09f3b059f137f73cd0089,1256307
autoland,4768729,12,95f51e857a45cd76f1766c14d6bed804857cd27b,windows10-64-shippable-qr,True,False,,,102210fe594ee9b33d82058545b1ed14f4c8206e,custom.jsdebugger.open.DAMP,damp,True,damp custom.jsdebugger.open.DAMP opt e10s fission stylo webrender,4768565,77,ms,firefox,,1711558147,2023-06-13T08:51:35,892.5426530060358,6e1ed6cba6942bf676c684a291c2b9f3376fddd9,1256308
autoland,4768729,12,95f51e857a45cd76f1766c14d6bed804857cd27b,windows10-64-shippable-qr,True,False,,,102210fe594ee9b33d82058545b1ed14f4c8206e,custom.jsdebugger.open.DAMP,damp,True,damp custom.jsdebugger.open.DAMP opt e10s fission stylo webrender,4768565,77,ms,firefox,,1711501403,2023-06-13T09:05:55,892.9756342654873,0e2af922ec2aa5011ff5cdc73bda4582199f3279,1256317
autoland,4768729,12,95f51e857a45cd76f1766c14d6bed804857cd27b,windows10-64-shippable-qr,True,False,,,102210fe594ee9b33d82058545b1ed14f4c8206e,custom.jsdebugger.open.DAMP,damp,True,damp custom.jsdebugger.open.DAMP opt e10s fission stylo webrender,4768565,77,ms,firefox,,1711489337,2023-06-13T09:12:12,890.2645198154423,7e25f3ce929faf2be5790da1cc42f39b49cfb174,1256318
autoland,4768729,12,95f51e857a45cd76f1766c14d6bed804857cd27b,windows10-64-shippable-qr,True,False,,,102210fe594ee9b33d82058545b1ed14f4c8206e,custom.jsdebugger.open.DAMP,damp,True,damp custom.jsdebugger.open.DAMP opt e10s fission stylo webrender,4768565,77,ms,firefox,,1710418002,2023-06-13T09:27:30,887.6228458456899,c7b5ae0c3e2d58a11af3dbe818dd67837d0ff44a,1256328
autoland,4768729,12,95f51e857a45cd76f1766c14d6bed804857cd27b,windows10-64-shippable-qr,True,False,,,102210fe594ee9b33d82058545b1ed14f4c8206e,custom.jsdebugger.open.DAMP,damp,True,damp custom.jsdebugger.open.DAMP opt e10s fission stylo webrender,4768565,77,ms,firefox,,1711638652,2023-06-13T09:30:12,882.9736869142444,d73828988448b1a0f8d2424e94054ff32b0a72b9,1256330
autoland,4768729,12,95f51e857a45cd76f1766c14d6bed804857cd27b,windows10-64-shippable-qr,True,False,,,102210fe594ee9b33d82058545b1ed14f4c8206e,custom.jsdebugger.open.DAMP,damp,True,damp custom.jsdebugger.open.DAMP opt e10s fission stylo webrender,4768565,77,ms,firefox,,1711645715,2023-06-13T09:52:54,897.61783669945,a82a7b158575e47a0d54ce924638ec31445d2cf5,1256343
autoland,4768729,12,95f51e857a45cd76f1766c14d6bed804857cd27b,windows10-64-shippable-qr,True,False,,,102210fe594ee9b33d82058545b1ed14f4c8206e,custom.jsdebugger.open.DAMP,damp,True,damp custom.jsdebugger.open.DAMP opt e10s fission stylo webrender,4768565,77,ms,firefox,,1710462238,2023-06-13T10:02:00,892.8849127381982,2b9574ef0cc196618dae379b79b53958470216b3,1256346
autoland,4768729,12,95f51e857a45cd76f1766c14d6bed804857cd27b,windows10-64-shippable-qr,True,False,,,102210fe594ee9b33d82058545b1ed14f4c8206e,custom.jsdebugger.open.DAMP,damp,True,damp custom.jsdebugger.open.DAMP opt e10s fission stylo webrender,4768565,77,ms,firefox,,1710553660,2023-06-13T13:01:33,891.0974698977807,8cd7aee6cae85ce9804794d4a45bc2f34aa04b66,1256450
autoland,4768729,12,95f51e857a45cd76f1766c14d6bed804857cd27b,windows10-64-shippable-qr,True,False,,,102210fe594ee9b33d82058545b1ed14f4c8206e,custom.jsdebugger.open.DAMP,damp,True,damp custom.jsdebugger.open.DAMP opt e10s fission stylo webrender,4768565,77,ms,firefox,,1710663140,2023-06-13T16:01:20,893.2942574333138,93520e8ffd9617b46d026ea530fde0169def3a80,1256570
autoland,4768729,12,95f51e857a45cd76f1766c14d6bed804857cd27b,windows10-64-shippable-qr,True,False,,,102210fe594ee9b33d82058545b1ed14f4c8206e,custom.jsdebugger.open.DAMP,damp,True,damp custom.jsdebugger.open.DAMP opt e10s fission stylo webrender,4768565,77,ms,firefox,,1710750354,2023-06-13T18:36:15,897.4668318262993,2d8fa86b279358b19ca794787248a9600c86ef5a,1256676
autoland,4768729,12,95f51e857a45cd76f1766c14d6bed804857cd27b,windows10-64-shippable-qr,True,False,,,102210fe594ee9b33d82058545b1ed14f4c8206e,custom.jsdebugger.open.DAMP,damp,True,damp custom.jsdebugger.open.DAMP opt e10s fission stylo webrender,4768565,77,ms,firefox,,1710844454,2023-06-13T22:49:33,890.6882266342946,0e2078b102ffd940ea83c3a5a8b1a176bdd3a8fb,1256827
autoland,4768729,12,95f51e857a45cd76f1766c14d6bed804857cd27b,windows10-64-shippable-qr,True,False,,,102210fe594ee9b33d82058545b1ed14f4c8206e,custom.jsdebugger.open.DAMP,damp,True,damp custom.jsdebugger.open.DAMP opt e10s fission stylo webrender,4768565,77,ms,firefox,,1710883268,2023-06-14T00:25:00,891.7293666806581,4c6c30b03e25cbd9d4dfc96f082e8cf241f51109,1256858
autoland,4768729,12,95f51e857a45cd76f1766c14d6bed804857cd27b,windows10-64-shippable-qr,True,False,,,102210fe594ee9b33d82058545b1ed14f4c8206e,custom.jsdebugger.open.DAMP,damp,True,damp custom.jsdebugger.open.DAMP opt e10s fission stylo webrender,4768565,77,ms,firefox,,1712293821,2023-06-14T01:32:58,888.2451345518202,478fa5088af6db7b941fc57497af382cb12d7958,1256888
autoland,4768729,12,95f51e857a45cd76f1766c14d6bed804857cd27b,windows10-64-shippable-qr,True,False,,,102210fe594ee9b33d82058545b1ed14f4c8206e,custom.jsdebugger.open.DAMP,damp,True,damp custom.jsdebugger.open.DAMP opt e10s fission stylo webrender,4768565,77,ms,firefox,,1712294155,2023-06-14T01:56:39,901.5660386696836,e08f1d03c6b19fc31fc093df7160fdf0e8931cd4,1256905
autoland,4768729,12,95f51e857a45cd76f1766c14d6bed804857cd27b,windows10-64-shippable-qr,True,False,,,102210fe594ee9b33d82058545b1ed14f4c8206e,custom.jsdebugger.open.DAMP,damp,True,damp custom.jsdebugger.open.DAMP opt e10s fission stylo webrender,4768565,77,ms,firefox,,1712294429,2023-06-14T02:23:29,889.82668437963,36b6a21c7806bf54d03adf205da6f7bcf537d95d,1256921
autoland,4768729,12,95f51e857a45cd76f1766c14d6bed804857cd27b,windows10-64-shippable-qr,True,False,,,102210fe594ee9b33d82058545b1ed14f4c8206e,custom.jsdebugger.open.DAMP,damp,True,damp custom.jsdebugger.open.DAMP opt e10s fission stylo webrender,4768565,77,ms,firefox,,1712294870,2023-06-14T02:29:03,887.5987051172124,28e0c5e32d212ce4de10b6c9aedeecb2e31e5eaf,1256922
autoland,4768729,12,95f51e857a45cd76f1766c14d6bed804857cd27b,windows10-64-shippable-qr,True,False,,,102210fe594ee9b33d82058545b1ed14f4c8206e,custom.jsdebugger.open.DAMP,damp,True,damp custom.jsdebugger.open.DAMP opt e10s fission stylo webrender,4768565,77,ms,firefox,,1712294770,2023-06-14T02:29:52,891.6071324952454,8f2cf32883cd9bfff3f7d88190344681f9be581b,1256923
autoland,4768729,12,95f51e857a45cd76f1766c14d6bed804857cd27b,windows10-64-shippable-qr,True,False,,,102210fe594ee9b33d82058545b1ed14f4c8206e,custom.jsdebugger.open.DAMP,damp,True,damp custom.jsdebugger.open.DAMP opt e10s fission stylo webrender,4768565,77,ms,firefox,,1712296458,2023-06-14T02:31:12,894.8108126189545,3050defe32206d8d1569cfc90e56a59d0ba66144,1256924
autoland,4768729,12,95f51e857a45cd76f1766c14d6bed804857cd27b,windows10-64-shippable-qr,True,False,,,102210fe594ee9b33d82058545b1ed14f4c8206e,custom.jsdebugger.open.DAMP,damp,True,damp custom.jsdebugger.open.DAMP opt e10s fission stylo webrender,4768565,77,ms,firefox,,1712296244,2023-06-14T03:33:20,897.1380180039996,a5f61c0fd4419744d50f6dc88792d96fce081805,1256930
autoland,4768729,12,95f51e857a45cd76f1766c14d6bed804857cd27b,windows10-64-shippable-qr,True,False,,,102210fe594ee9b33d82058545b1ed14f4c8206e,custom.jsdebugger.open.DAMP,damp,True,damp custom.jsdebugger.open.DAMP opt e10s fission stylo webrender,4768565,77,ms,firefox,,1712296626,2023-06-14T03:34:24,887.223012408489,c17cd784a966eaf1204b3ad93d57fa071641e8a9,1256931
autoland,4768729,12,95f51e857a45cd76f1766c14d6bed804857cd27b,windows10-64-shippable-qr,True,False,,,102210fe594ee9b33d82058545b1ed14f4c8206e,custom.jsdebugger.open.DAMP,damp,True,damp custom.jsdebugger.open.DAMP opt e10s fission stylo webrender,4768565,77,ms,firefox,,1712297106,2023-06-14T04:06:40,895.9841744024161,579cee2f1eda0d09614190e78e731ae2240b5d6f,1256937
autoland,4768729,12,95f51e857a45cd76f1766c14d6bed804857cd27b,windows10-64-shippable-qr,True,False,,,102210fe594ee9b33d82058545b1ed14f4c8206e,custom.jsdebugger.open.DAMP,damp,True,damp custom.jsdebugger.open.DAMP opt e10s fission stylo webrender,4768565,77,ms,firefox,,1710981044,2023-06-14T05:14:15,896.742488113101,b9e3497b939c3bdfee632c7297184b79cfeec9cc,1256948
autoland,4768729,12,95f51e857a45cd76f1766c14d6bed804857cd27b,windows10-64-shippable-qr,True,False,,,102210fe594ee9b33d82058545b1ed14f4c8206e,custom.jsdebugger.open.DAMP,damp,True,damp custom.jsdebugger.open.DAMP opt e10s fission stylo webrender,4768565,77,ms,firefox,,1712293689,2023-06-14T08:51:06,896.4901016696094,bf687698c6425dfc6ca9e3ec388531063854a9e4,1257017
autoland,4768729,12,95f51e857a45cd76f1766c14d6bed804857cd27b,windows10-64-shippable-qr,True,False,,,102210fe594ee9b33d82058545b1ed14f4c8206e,custom.jsdebugger.open.DAMP,damp,True,damp custom.jsdebugger.open.DAMP opt e10s fission stylo webrender,4768565,77,ms,firefox,,1712293524,2023-06-14T08:52:21,888.1832409175695,4e863389418f5bebcab8bace945cb80712f8cb7a,1257018
autoland,4768729,12,95f51e857a45cd76f1766c14d6bed804857cd27b,windows10-64-shippable-qr,True,False,,,102210fe594ee9b33d82058545b1ed14f4c8206e,custom.jsdebugger.open.DAMP,damp,True,damp custom.jsdebugger.open.DAMP opt e10s fission stylo webrender,4768565,77,ms,firefox,,1712294824,2023-06-14T08:53:32,895.3833991878928,a11cee386b07bbfe45280321176fda11449dd688,1257019
autoland,4768729,12,95f51e857a45cd76f1766c14d6bed804857cd27b,windows10-64-shippable-qr,True,False,,,102210fe594ee9b33d82058545b1ed14f4c8206e,custom.jsdebugger.open.DAMP,damp,True,damp custom.jsdebugger.open.DAMP opt e10s fission stylo webrender,4768565,77,ms,firefox,,1712295121,2023-06-14T09:39:20,888.0565861917057,7235742df5a05c4db6f7893111dc094750eb9426,1257047
autoland,4768729,12,95f51e857a45cd76f1766c14d6bed804857cd27b,windows10-64-shippable-qr,True,False,,,102210fe594ee9b33d82058545b1ed14f4c8206e,custom.jsdebugger.open.DAMP,damp,True,damp custom.jsdebugger.open.DAMP opt e10s fission stylo webrender,4768565,77,ms,firefox,,1712295290,2023-06-14T09:45:20,888.3627801750554,b05fabf03de5edad086f4d74463e2f7d91687085,1257051
autoland,4768729,12,95f51e857a45cd76f1766c14d6bed804857cd27b,windows10-64-shippable-qr,True,False,,,102210fe594ee9b33d82058545b1ed14f4c8206e,custom.jsdebugger.open.DAMP,damp,True,damp custom.jsdebugger.open.DAMP opt e10s fission stylo webrender,4768565,77,ms,firefox,,1712295820,2023-06-14T09:47:07,888.9189072951267,9891d17d6abe2c190871d5ca239c67797208a6e1,1257053
autoland,4768729,12,95f51e857a45cd76f1766c14d6bed804857cd27b,windows10-64-shippable-qr,True,False,,,102210fe594ee9b33d82058545b1ed14f4c8206e,custom.jsdebugger.open.DAMP,damp,True,damp custom.jsdebugger.open.DAMP opt e10s fission stylo webrender,4768565,77,ms,firefox,,1712293978,2023-06-14T10:03:21,895.6547873422387,aeb80976d2f2b9f479a52a042ebe51c30a2be6c2,1257061
autoland,4768729,12,95f51e857a45cd76f1766c14d6bed804857cd27b,windows10-64-shippable-qr,True,False,,,102210fe594ee9b33d82058545b1ed14f4c8206e,custom.jsdebugger.open.DAMP,damp,True,damp custom.jsdebugger.open.DAMP opt e10s fission stylo webrender,4768565,77,ms,firefox,,1712294441,2023-06-14T10:29:13,898.8968116080505,5d56ea2530692aee9cf889854b974ffb5d30d143,1257068
autoland,4768729,12,95f51e857a45cd76f1766c14d6bed804857cd27b,windows10-64-shippable-qr,True,False,,,102210fe594ee9b33d82058545b1ed14f4c8206e,custom.jsdebugger.open.DAMP,damp,True,damp custom.jsdebugger.open.DAMP opt e10s fission stylo webrender,4768565,77,ms,firefox,,1712296682,2023-06-14T10:55:02,890.7069626526791,63bfa2f152875df07d59f4ad6a3ff25b7653de1e,1257075
autoland,4768729,12,95f51e857a45cd76f1766c14d6bed804857cd27b,windows10-64-shippable-qr,True,False,,,102210fe594ee9b33d82058545b1ed14f4c8206e,custom.jsdebugger.open.DAMP,damp,True,damp custom.jsdebugger.open.DAMP opt e10s fission stylo webrender,4768565,77,ms,firefox,,1711079812,2023-06-14T11:48:24,890.8580026269119,c6fa16c28b26a19d81b8853153057f32cec6f2fd,1257091
autoland,4768729,12,95f51e857a45cd76f1766c14d6bed804857cd27b,windows10-64-shippable-qr,True,False,,,102210fe594ee9b33d82058545b1ed14f4c8206e,custom.jsdebugger.open.DAMP,damp,True,damp custom.jsdebugger.open.DAMP opt e10s fission stylo webrender,4768565,77,ms,firefox,,1712298179,2023-06-14T12:52:25,886.8432954396121,d9af112f1bea9195399fb0f4c1fb12bf0f86de29,1257104
autoland,4768729,12,95f51e857a45cd76f1766c14d6bed804857cd27b,windows10-64-shippable-qr,True,False,,,102210fe594ee9b33d82058545b1ed14f4c8206e,custom.jsdebugger.open.DAMP,damp,True,damp custom.jsdebugger.open.DAMP opt e10s fission stylo webrender,4768565,77,ms,firefox,,1712295550,2023-06-14T12:56:09,893.968365903941,1b340c6a4e28871fce7c4c93f6fca37846580be8,1257109
autoland,4768729,12,95f51e857a45cd76f1766c14d6bed804857cd27b,windows10-64-shippable-qr,True,False,,,102210fe594ee9b33d82058545b1ed14f4c8206e,custom.jsdebugger.open.DAMP,damp,True,damp custom.jsdebugger.open.DAMP opt e10s fission stylo webrender,4768565,77,ms,firefox,,1712296356,2023-06-14T13:00:55,892.3925268416278,9210dc0831b13b3268066426b570aaf606f2f508,1257111
autoland,4768729,12,95f51e857a45cd76f1766c14d6bed804857cd27b,windows10-64-shippable-qr,True,False,,,102210fe594ee9b33d82058545b1ed14f4c8206e,custom.jsdebugger.open.DAMP,damp,True,damp custom.jsdebugger.open.DAMP opt e10s fission stylo webrender,4768565,77,ms,firefox,,1712296377,2023-06-14T13:01:51,896.4488710060614,e3d9dc6c7424ca00fb47bc32f23dc12c67d72c4f,1257112
autoland,4768729,12,95f51e857a45cd76f1766c14d6bed804857cd27b,windows10-64-shippable-qr,True,False,,,102210fe594ee9b33d82058545b1ed14f4c8206e,custom.jsdebugger.open.DAMP,damp,True,damp custom.jsdebugger.open.DAMP opt e10s fission stylo webrender,4768565,77,ms,firefox,,1712294269,2023-06-14T13:02:42,889.5393746303016,7c549efee36645c73571e187b51ed4ee322ead39,1257114
autoland,4768729,12,95f51e857a45cd76f1766c14d6bed804857cd27b,windows10-64-shippable-qr,True,False,,,102210fe594ee9b33d82058545b1ed14f4c8206e,custom.jsdebugger.open.DAMP,damp,True,damp custom.jsdebugger.open.DAMP opt e10s fission stylo webrender,4768565,77,ms,firefox,,1711186110,2023-06-14T13:20:02,893.1607098361947,928a5d849e038bf4277f06519f8f7ab3c94cc7ff,1257127
autoland,4768729,12,95f51e857a45cd76f1766c14d6bed804857cd27b,windows10-64-shippable-qr,True,False,,,102210fe594ee9b33d82058545b1ed14f4c8206e,custom.jsdebugger.open.DAMP,damp,True,damp custom.jsdebugger.open.DAMP opt e10s fission stylo webrender,4768565,77,ms,firefox,,1712297811,2023-06-14T13:35:19,891.6025984984153,301d3e2bdac376f35bb2245b05ebe9da010f1733,1257135
autoland,4768729,12,95f51e857a45cd76f1766c14d6bed804857cd27b,windows10-64-shippable-qr,True,False,,,102210fe594ee9b33d82058545b1ed14f4c8206e,custom.jsdebugger.open.DAMP,damp,True,damp custom.jsdebugger.open.DAMP opt e10s fission stylo webrender,4768565,77,ms,firefox,,1712295495,2023-06-14T13:38:53,896.4799030068825,f62e9abb68f8a5244bc598ecc41822c7d04bde16,1257136
autoland,4768729,12,95f51e857a45cd76f1766c14d6bed804857cd27b,windows10-64-shippable-qr,True,False,,,102210fe594ee9b33d82058545b1ed14f4c8206e,custom.jsdebugger.open.DAMP,damp,True,damp custom.jsdebugger.open.DAMP opt e10s fission stylo webrender,4768565,77,ms,firefox,,1712296078,2023-06-14T13:53:45,893.4122974271013,029016670d4aed9df8e1718a7ab5d9d7ec471a98,1257145
autoland,4768729,12,95f51e857a45cd76f1766c14d6bed804857cd27b,windows10-64-shippable-qr,True,False,,,102210fe594ee9b33d82058545b1ed14f4c8206e,custom.jsdebugger.open.DAMP,damp,True,damp custom.jsdebugger.open.DAMP opt e10s fission stylo webrender,4768565,77,ms,firefox,,1712296521,2023-06-14T14:11:42,893.6143922787596,0accfdd3671420ce9a3da67370e1cb587c9a4161,1257150
autoland,4768729,12,95f51e857a45cd76f1766c14d6bed804857cd27b,windows10-64-shippable-qr,True,False,,,102210fe594ee9b33d82058545b1ed14f4c8206e,custom.jsdebugger.open.DAMP,damp,True,damp custom.jsdebugger.open.DAMP opt e10s fission stylo webrender,4768565,77,ms,firefox,,1712323516,2023-06-14T14:15:49,898.6607429333817,222a7bcd543bd23f0f45d339a68f81105c310f69,1257153
autoland,4768729,12,95f51e857a45cd76f1766c14d6bed804857cd27b,windows10-64-shippable-qr,True,False,,,102210fe594ee9b33d82058545b1ed14f4c8206e,custom.jsdebugger.open.DAMP,damp,True,damp custom.jsdebugger.open.DAMP opt e10s fission stylo webrender,4768565,77,ms,firefox,,1712321229,2023-06-14T14:24:57,888.4031718042243,1c8972458674728ca0f927aa3264078980fe0643,1257161
autoland,4768729,12,95f51e857a45cd76f1766c14d6bed804857cd27b,windows10-64-shippable-qr,True,False,,,102210fe594ee9b33d82058545b1ed14f4c8206e,custom.jsdebugger.open.DAMP,damp,True,damp custom.jsdebugger.open.DAMP opt e10s fission stylo webrender,4768565,77,ms,firefox,,1712321018,2023-06-14T16:34:42,888.0300946619318,d242be9ed14eaa1cbe26517c0aaa51a1c3720d00,1257238
autoland,4768729,12,95f51e857a45cd76f1766c14d6bed804857cd27b,windows10-64-shippable-qr,True,False,,,102210fe594ee9b33d82058545b1ed14f4c8206e,custom.jsdebugger.open.DAMP,damp,True,damp custom.jsdebugger.open.DAMP opt e10s fission stylo webrender,4768565,77,ms,firefox,,1711347150,2023-06-14T17:41:50,888.1379559400339,933dd3c3e1c8beb677df8e4d51b1e99b41599f65,1257281
autoland,4768729,12,95f51e857a45cd76f1766c14d6bed804857cd27b,windows10-64-shippable-qr,True,False,,,102210fe594ee9b33d82058545b1ed14f4c8206e,custom.jsdebugger.open.DAMP,damp,True,damp custom.jsdebugger.open.DAMP opt e10s fission stylo webrender,4768565,77,ms,firefox,,1711390082,2023-06-14T18:25:51,899.9852544025198,d730841eed9459e5541190a9525313fb1ff98e75,1257330
autoland,4768729,12,95f51e857a45cd76f1766c14d6bed804857cd27b,windows10-64-shippable-qr,True,False,,,102210fe594ee9b33d82058545b1ed14f4c8206e,custom.jsdebugger.open.DAMP,damp,True,damp custom.jsdebugger.open.DAMP opt e10s fission stylo webrender,4768565,77,ms,firefox,,1711454706,2023-06-14T20:09:05,890.3182424049037,ff79aa6f7ba8605e7ea59acddd521284f75136e4,1257422
autoland,4768729,12,95f51e857a45cd76f1766c14d6bed804857cd27b,windows10-64-shippable-qr,True,False,,,102210fe594ee9b33d82058545b1ed14f4c8206e,custom.jsdebugger.open.DAMP,damp,True,damp custom.jsdebugger.open.DAMP opt e10s fission stylo webrender,4768565,77,ms,firefox,,1711502726,2023-06-14T21:46:45,893.9063880798349,4b1c6fc1fc0f3e664d546c4bf5c24f0c157bc2c5,1257512
autoland,4768729,12,95f51e857a45cd76f1766c14d6bed804857cd27b,windows10-64-shippable-qr,True,False,,,102210fe594ee9b33d82058545b1ed14f4c8206e,custom.jsdebugger.open.DAMP,damp,True,damp custom.jsdebugger.open.DAMP opt e10s fission stylo webrender,4768565,77,ms,firefox,,1711643011,2023-06-15T01:50:09,886.7396846559641,53e8e97bbe4e0c8fc4deff56e5b8d03391c0c023,1257663
autoland,4768729,12,95f51e857a45cd76f1766c14d6bed804857cd27b,windows10-64-shippable-qr,True,False,,,102210fe594ee9b33d82058545b1ed14f4c8206e,custom.jsdebugger.open.DAMP,damp,True,damp custom.jsdebugger.open.DAMP opt e10s fission stylo webrender,4768565,77,ms,firefox,,1711656433,2023-06-15T02:43:47,903.7267790972983,abf8f424d2d09f957d7ecd02af086a9b7adde3f8,1257688
autoland,4768729,12,95f51e857a45cd76f1766c14d6bed804857cd27b,windows10-64-shippable-qr,True,False,,,102210fe594ee9b33d82058545b1ed14f4c8206e,custom.jsdebugger.open.DAMP,damp,True,damp custom.jsdebugger.open.DAMP opt e10s fission stylo webrender,4768565,77,ms,firefox,,1711753371,2023-06-15T06:54:30,906.5437707168094,900ba46a6df5d5b6dde0d5de391246157de49c8a,1257783
autoland,4768729,12,95f51e857a45cd76f1766c14d6bed804857cd27b,windows10-64-shippable-qr,True,False,,,102210fe594ee9b33d82058545b1ed14f4c8206e,custom.jsdebugger.open.DAMP,damp,True,damp custom.jsdebugger.open.DAMP opt e10s fission stylo webrender,4768565,77,ms,firefox,,1711836254,2023-06-15T10:33:37,892.7831465782701,86864bda9b5f7077819eb76b661bcefb89fd19fa,1257909
autoland,4768729,12,95f51e857a45cd76f1766c14d6bed804857cd27b,windows10-64-shippable-qr,True,False,,,102210fe594ee9b33d82058545b1ed14f4c8206e,custom.jsdebugger.open.DAMP,damp,True,damp custom.jsdebugger.open.DAMP opt e10s fission stylo webrender,4768565,77,ms,firefox,,1713383271,2023-06-15T13:34:57,888.0511630748806,a44656c2ad83d278286aa51507864e53a3911df3,1258006
autoland,4768729,12,95f51e857a45cd76f1766c14d6bed804857cd27b,windows10-64-shippable-qr,True,False,,,102210fe594ee9b33d82058545b1ed14f4c8206e,custom.jsdebugger.open.DAMP,damp,True,damp custom.jsdebugger.open.DAMP opt e10s fission stylo webrender,4768565,77,ms,firefox,,1713383424,2023-06-15T13:36:02,890.2253414015577,15a57a8cf9c1a82df222dfec76e5f167ea53107b,1258007
autoland,4768729,12,95f51e857a45cd76f1766c14d6bed804857cd27b,windows10-64-shippable-qr,True,False,,,102210fe594ee9b33d82058545b1ed14f4c8206e,custom.jsdebugger.open.DAMP,damp,True,damp custom.jsdebugger.open.DAMP opt e10s fission stylo webrender,4768565,77,ms,firefox,,1713383373,2023-06-15T13:50:46,888.1287781301144,71a53b2520f2d70c17c0b28eb2746ab1879f0704,1258018
autoland,4768729,12,95f51e857a45cd76f1766c14d6bed804857cd27b,windows10-64-shippable-qr,True,False,,,102210fe594ee9b33d82058545b1ed14f4c8206e,custom.jsdebugger.open.DAMP,damp,True,damp custom.jsdebugger.open.DAMP opt e10s fission stylo webrender,4768565,77,ms,firefox,,1713383527,2023-06-15T14:06:21,883.7018830030065,8fa5403a47ee05e4324a8d096d42a05b8e42b8c6,1258028
autoland,4768729,12,95f51e857a45cd76f1766c14d6bed804857cd27b,windows10-64-shippable-qr,True,False,,,102210fe594ee9b33d82058545b1ed14f4c8206e,custom.jsdebugger.open.DAMP,damp,True,damp custom.jsdebugger.open.DAMP opt e10s fission stylo webrender,4768565,77,ms,firefox,,1713383322,2023-06-15T14:14:47,883.5172494536237,d70485ffa51ee08043739e2db9a6a9880777d0fd,1258029
autoland,4768729,12,95f51e857a45cd76f1766c14d6bed804857cd27b,windows10-64-shippable-qr,True,False,,,102210fe594ee9b33d82058545b1ed14f4c8206e,custom.jsdebugger.open.DAMP,damp,True,damp custom.jsdebugger.open.DAMP opt e10s fission stylo webrender,4768565,77,ms,firefox,,1713383752,2023-06-15T14:15:45,892.1937970763393,ecab7f04e7d616a69e1d213ac8e660ebae99926d,1258032
autoland,4768729,12,95f51e857a45cd76f1766c14d6bed804857cd27b,windows10-64-shippable-qr,True,False,,,102210fe594ee9b33d82058545b1ed14f4c8206e,custom.jsdebugger.open.DAMP,damp,True,damp custom.jsdebugger.open.DAMP opt e10s fission stylo webrender,4768565,77,ms,firefox,,1713383476,2023-06-15T14:17:38,887.887985265319,214490a419fb2f60b4ea03f3bf17c3f0d5bb4d09,1258033
autoland,4768729,12,95f51e857a45cd76f1766c14d6bed804857cd27b,windows10-64-shippable-qr,True,False,,,102210fe594ee9b33d82058545b1ed14f4c8206e,custom.jsdebugger.open.DAMP,damp,True,damp custom.jsdebugger.open.DAMP opt e10s fission stylo webrender,4768565,77,ms,firefox,,1711970492,2023-06-15T14:40:40,891.4469731930585,02d601db620c1b64867202e025ce19938938a04f,1258053
autoland,4768729,12,95f51e857a45cd76f1766c14d6bed804857cd27b,windows10-64-shippable-qr,True,False,,,102210fe594ee9b33d82058545b1ed14f4c8206e,custom.jsdebugger.open.DAMP,damp,True,damp custom.jsdebugger.open.DAMP opt e10s fission stylo webrender,4768565,77,ms,firefox,,1713393856,2023-06-15T14:41:30,888.3026292255381,a0dc8dc759b39da8d17a1e40ccfa45dafddd682a,1258055
autoland,4768729,12,95f51e857a45cd76f1766c14d6bed804857cd27b,windows10-64-shippable-qr,True,False,,,102210fe594ee9b33d82058545b1ed14f4c8206e,custom.jsdebugger.open.DAMP,damp,True,damp custom.jsdebugger.open.DAMP opt e10s fission stylo webrender,4768565,77,ms,firefox,,1712018168,2023-06-15T14:52:05,894.5400366591493,c71789b596556b921a7d6ce12b4102f252631c4b,1258066
autoland,4768729,12,95f51e857a45cd76f1766c14d6bed804857cd27b,windows10-64-shippable-qr,True,False,,,102210fe594ee9b33d82058545b1ed14f4c8206e,custom.jsdebugger.open.DAMP,damp,True,damp custom.jsdebugger.open.DAMP opt e10s fission stylo webrender,4768565,77,ms,firefox,,1713395261,2023-06-15T15:48:13,884.5912418750013,2d5289bd983bae6ecac3e9f7428bc7c5f59758c0,1258121
autoland,4768729,12,95f51e857a45cd76f1766c14d6bed804857cd27b,windows10-64-shippable-qr,True,False,,,102210fe594ee9b33d82058545b1ed14f4c8206e,custom.jsdebugger.open.DAMP,damp,True,damp custom.jsdebugger.open.DAMP opt e10s fission stylo webrender,4768565,77,ms,firefox,,1713396584,2023-06-15T16:04:48,891.4680988105683,77411a7cae99d18b80f0f647ac92fedc6b019354,1258131
autoland,4768729,12,95f51e857a45cd76f1766c14d6bed804857cd27b,windows10-64-shippable-qr,True,False,,,102210fe594ee9b33d82058545b1ed14f4c8206e,custom.jsdebugger.open.DAMP,damp,True,damp custom.jsdebugger.open.DAMP opt e10s fission stylo webrender,4768565,77,ms,firefox,,1713394238,2023-06-15T16:05:43,888.1868429127844,208ba0efbefb610471f8b8adcfb056aed4f38435,1258133
autoland,4768729,12,95f51e857a45cd76f1766c14d6bed804857cd27b,windows10-64-shippable-qr,True,False,,,102210fe594ee9b33d82058545b1ed14f4c8206e,custom.jsdebugger.open.DAMP,damp,True,damp custom.jsdebugger.open.DAMP opt e10s fission stylo webrender,4768565,77,ms,firefox,,1713396643,2023-06-15T16:31:16,891.0249889920069,6c39860fcf06aea505ec64e630610573792de27a,1258155
autoland,4768729,12,95f51e857a45cd76f1766c14d6bed804857cd27b,windows10-64-shippable-qr,True,False,,,102210fe594ee9b33d82058545b1ed14f4c8206e,custom.jsdebugger.open.DAMP,damp,True,damp custom.jsdebugger.open.DAMP opt e10s fission stylo webrender,4768565,77,ms,firefox,,1713394588,2023-06-15T17:08:44,889.5047868578549,e31965aaf77ac81823bb86418199c600d1f64fb3,1258183
autoland,4768729,12,95f51e857a45cd76f1766c14d6bed804857cd27b,windows10-64-shippable-qr,True,False,,,102210fe594ee9b33d82058545b1ed14f4c8206e,custom.jsdebugger.open.DAMP,damp,True,damp custom.jsdebugger.open.DAMP opt e10s fission stylo webrender,4768565,77,ms,firefox,,1713396230,2023-06-15T17:09:41,889.2485589777207,81ac1990bb44e81a2146c84d6b226408e0df0891,1258185
autoland,4768729,12,95f51e857a45cd76f1766c14d6bed804857cd27b,windows10-64-shippable-qr,True,False,,,102210fe594ee9b33d82058545b1ed14f4c8206e,custom.jsdebugger.open.DAMP,damp,True,damp custom.jsdebugger.open.DAMP opt e10s fission stylo webrender,4768565,77,ms,firefox,,1713396529,2023-06-15T17:11:43,891.6580138622667,9c1c9f4c2dd4cac7554705af41d4e7c2c412ccc7,1258188
autoland,4768729,12,95f51e857a45cd76f1766c14d6bed804857cd27b,windows10-64-shippable-qr,True,False,,,102210fe594ee9b33d82058545b1ed14f4c8206e,custom.jsdebugger.open.DAMP,damp,True,damp custom.jsdebugger.open.DAMP opt e10s fission stylo webrender,4768565,77,ms,firefox,,1713396422,2023-06-15T17:12:51,887.3679252206348,764a1a55a06209b9b3a1361692ffba613937c3a0,1258189
autoland,4768729,12,95f51e857a45cd76f1766c14d6bed804857cd27b,windows10-64-shippable-qr,True,False,,,102210fe594ee9b33d82058545b1ed14f4c8206e,custom.jsdebugger.open.DAMP,damp,True,damp custom.jsdebugger.open.DAMP opt e10s fission stylo webrender,4768565,77,ms,firefox,,1713395423,2023-06-15T17:22:26,887.3058409672594,53310b02f8709dc07c821e4997b890ca98c248a1,1258197
autoland,4768729,12,95f51e857a45cd76f1766c14d6bed804857cd27b,windows10-64-shippable-qr,True,False,,,102210fe594ee9b33d82058545b1ed14f4c8206e,custom.jsdebugger.open.DAMP,damp,True,damp custom.jsdebugger.open.DAMP opt e10s fission stylo webrender,4768565,77,ms,firefox,,1712097077,2023-06-15T17:49:05,887.2153105932375,91738dd5bb441001f7837d0cae71c0be46925602,1258216
autoland,4768729,12,95f51e857a45cd76f1766c14d6bed804857cd27b,windows10-64-shippable-qr,True,False,,,102210fe594ee9b33d82058545b1ed14f4c8206e,custom.jsdebugger.open.DAMP,damp,True,damp custom.jsdebugger.open.DAMP opt e10s fission stylo webrender,4768565,77,ms,firefox,,1713394113,2023-06-15T20:06:44,889.7010911397083,7c3887834371b6753580ca3ca3d6ac5551874f2a,1258334
autoland,4768729,12,95f51e857a45cd76f1766c14d6bed804857cd27b,windows10-64-shippable-qr,True,False,,,102210fe594ee9b33d82058545b1ed14f4c8206e,custom.jsdebugger.open.DAMP,damp,True,damp custom.jsdebugger.open.DAMP opt e10s fission stylo webrender,4768565,77,ms,firefox,,1713396096,2023-06-15T20:07:44,890.6499440383195,b8840fb5e631cd065b26bbedfbae923a98acbcfb,1258335
autoland,4768729,12,95f51e857a45cd76f1766c14d6bed804857cd27b,windows10-64-shippable-qr,True,False,,,102210fe594ee9b33d82058545b1ed14f4c8206e,custom.jsdebugger.open.DAMP,damp,True,damp custom.jsdebugger.open.DAMP opt e10s fission stylo webrender,4768565,77,ms,firefox,,1713395735,2023-06-15T20:25:34,889.7952440588269,4eb17b12d0f95a461ede957a634561a8a169af3a,1258350
autoland,4768729,12,95f51e857a45cd76f1766c14d6bed804857cd27b,windows10-64-shippable-qr,True,False,,,102210fe594ee9b33d82058545b1ed14f4c8206e,custom.jsdebugger.open.DAMP,damp,True,damp custom.jsdebugger.open.DAMP opt e10s fission stylo webrender,4768565,77,ms,firefox,,1713394924,2023-06-15T20:28:38,887.5451712693903,41868dc85a0869a0e6e589d1d8baa715df3884dd,1258353
autoland,4768729,12,95f51e857a45cd76f1766c14d6bed804857cd27b,windows10-64-shippable-qr,True,False,,,102210fe594ee9b33d82058545b1ed14f4c8206e,custom.jsdebugger.open.DAMP,damp,True,damp custom.jsdebugger.open.DAMP opt e10s fission stylo webrender,4768565,77,ms,firefox,,1713394715,2023-06-15T20:45:45,886.5126593685418,5be10443a2ea112d0f5d288bdb6c7e469f5d2245,1258366
autoland,4768729,12,95f51e857a45cd76f1766c14d6bed804857cd27b,windows10-64-shippable-qr,True,False,,,102210fe594ee9b33d82058545b1ed14f4c8206e,custom.jsdebugger.open.DAMP,damp,True,damp custom.jsdebugger.open.DAMP opt e10s fission stylo webrender,4768565,77,ms,firefox,,1713396795,2023-06-15T20:46:41,891.5942358445755,344699b2ba990e14777751aa61c1145e4fe05cbc,1258367
autoland,4768729,12,95f51e857a45cd76f1766c14d6bed804857cd27b,windows10-64-shippable-qr,True,False,,,102210fe594ee9b33d82058545b1ed14f4c8206e,custom.jsdebugger.open.DAMP,damp,True,damp custom.jsdebugger.open.DAMP opt e10s fission stylo webrender,4768565,77,ms,firefox,,1713393503,2023-06-15T20:47:35,886.4073348549864,eaab5c6d228e61b3e513ac7777cb29305b181bba,1258369
autoland,4768729,12,95f51e857a45cd76f1766c14d6bed804857cd27b,windows10-64-shippable-qr,True,False,,,102210fe594ee9b33d82058545b1ed14f4c8206e,custom.jsdebugger.open.DAMP,damp,True,damp custom.jsdebugger.open.DAMP opt e10s fission stylo webrender,4768565,77,ms,firefox,,1713394525,2023-06-15T20:48:42,888.5409182215808,1d182c34223de76ed58fa45d26735b6ecb18bbab,1258371
autoland,4768729,12,95f51e857a45cd76f1766c14d6bed804857cd27b,windows10-64-shippable-qr,True,False,,,102210fe594ee9b33d82058545b1ed14f4c8206e,custom.jsdebugger.open.DAMP,damp,True,damp custom.jsdebugger.open.DAMP opt e10s fission stylo webrender,4768565,77,ms,firefox,,1713395843,2023-06-15T20:49:55,888.8797108226136,0547cc1781796962077ad44d53796a4470a2f798,1258373
autoland,4768729,12,95f51e857a45cd76f1766c14d6bed804857cd27b,windows10-64-shippable-qr,True,False,,,102210fe594ee9b33d82058545b1ed14f4c8206e,custom.jsdebugger.open.DAMP,damp,True,damp custom.jsdebugger.open.DAMP opt e10s fission stylo webrender,4768565,77,ms,firefox,,1712209422,2023-06-15T20:51:19,893.5394441588578,ba00fe639072b671be556332e4628092d64d31df,1258374
autoland,4768729,12,95f51e857a45cd76f1766c14d6bed804857cd27b,windows10-64-shippable-qr,True,False,,,102210fe594ee9b33d82058545b1ed14f4c8206e,custom.jsdebugger.open.DAMP,damp,True,damp custom.jsdebugger.open.DAMP opt e10s fission stylo webrender,4768565,77,ms,firefox,,1713395088,2023-06-15T21:39:26,893.1683168992622,c706cfefa438426e7aab791d6cd5a3f0e3afe419,1258413
autoland,4768729,12,95f51e857a45cd76f1766c14d6bed804857cd27b,windows10-64-shippable-qr,True,False,,,102210fe594ee9b33d82058545b1ed14f4c8206e,custom.jsdebugger.open.DAMP,damp,True,damp custom.jsdebugger.open.DAMP opt e10s fission stylo webrender,4768565,77,ms,firefox,,1713395327,2023-06-15T22:23:33,886.9135166999095,f9cb00c2cdc956ea9c3083d9ba66cd9848cd26db,1258451
autoland,4768729,12,95f51e857a45cd76f1766c14d6bed804857cd27b,windows10-64-shippable-qr,True,False,,,102210fe594ee9b33d82058545b1ed14f4c8206e,custom.jsdebugger.open.DAMP,damp,True,damp custom.jsdebugger.open.DAMP opt e10s fission stylo webrender,4768565,77,ms,firefox,,1713393280,2023-06-15T22:25:53,897.0550086255025,3b0228cca008167f79ffd8fc270b2279b2f96941,1258453
autoland,4768729,12,95f51e857a45cd76f1766c14d6bed804857cd27b,windows10-64-shippable-qr,True,False,,,102210fe594ee9b33d82058545b1ed14f4c8206e,custom.jsdebugger.open.DAMP,damp,True,damp custom.jsdebugger.open.DAMP opt e10s fission stylo webrender,4768565,77,ms,firefox,,1713393114,2023-06-15T22:30:32,888.6984629773069,eafce10b1632c73750e254e838387d1ea12de820,1258459
autoland,4768729,12,95f51e857a45cd76f1766c14d6bed804857cd27b,windows10-64-shippable-qr,True,False,,,102210fe594ee9b33d82058545b1ed14f4c8206e,custom.jsdebugger.open.DAMP,damp,True,damp custom.jsdebugger.open.DAMP opt e10s fission stylo webrender,4768565,77,ms,firefox,,1713395610,2023-06-15T22:51:10,892.651294370793,78204d8945ed635f208bee5527e6c693160f7992,1258476
autoland,4768729,12,95f51e857a45cd76f1766c14d6bed804857cd27b,windows10-64-shippable-qr,True,False,,,102210fe594ee9b33d82058545b1ed14f4c8206e,custom.jsdebugger.open.DAMP,damp,True,damp custom.jsdebugger.open.DAMP opt e10s fission stylo webrender,4768565,77,ms,firefox,,1713393451,2023-06-15T23:14:46,891.6034601695719,3b18400b7e1a9aab0d7d9fdd88e18576367ee5d5,1258494
autoland,4768729,12,95f51e857a45cd76f1766c14d6bed804857cd27b,windows10-64-shippable-qr,True,False,,,102210fe594ee9b33d82058545b1ed14f4c8206e,custom.jsdebugger.open.DAMP,damp,True,damp custom.jsdebugger.open.DAMP opt e10s fission stylo webrender,4768565,77,ms,firefox,,1713387530,2023-06-16T00:17:21,887.0193686153361,08fd41d3ba9b86259882ef3f3a02a49faa61a5c5,1258544
autoland,4768729,12,95f51e857a45cd76f1766c14d6bed804857cd27b,windows10-64-shippable-qr,True,False,,,102210fe594ee9b33d82058545b1ed14f4c8206e,custom.jsdebugger.open.DAMP,damp,True,damp custom.jsdebugger.open.DAMP opt e10s fission stylo webrender,4768565,77,ms,firefox,,1713394025,2023-06-16T00:28:10,891.5738155142171,e600dd0bf914eb759d814e2ed7dc54f62d07c843,1258555
autoland,4768729,12,95f51e857a45cd76f1766c14d6bed804857cd27b,windows10-64-shippable-qr,True,False,,,102210fe594ee9b33d82058545b1ed14f4c8206e,custom.jsdebugger.open.DAMP,damp,True,damp custom.jsdebugger.open.DAMP opt e10s fission stylo webrender,4768565,77,ms,firefox,,1712312946,2023-06-16T01:17:42,898.8000091477734,6bc2d3f9b1aaecde92c9388f00f3d564d136d00a,1258594
autoland,4768729,12,95f51e857a45cd76f1766c14d6bed804857cd27b,windows10-64-shippable-qr,True,False,,,102210fe594ee9b33d82058545b1ed14f4c8206e,custom.jsdebugger.open.DAMP,damp,True,damp custom.jsdebugger.open.DAMP opt e10s fission stylo webrender,4768565,77,ms,firefox,,1712414009,2023-06-16T06:01:05,891.2461578633956,6a640a4dd3245b82ce97d863bf842b0cd4089ce5,1258674
autoland,4768729,12,95f51e857a45cd76f1766c14d6bed804857cd27b,windows10-64-shippable-qr,True,False,,,102210fe594ee9b33d82058545b1ed14f4c8206e,custom.jsdebugger.open.DAMP,damp,True,damp custom.jsdebugger.open.DAMP opt e10s fission stylo webrender,4768565,77,ms,firefox,,1712470694,2023-06-16T08:20:05,892.1686253494336,34ee66e105968b161583947185cad1fcebdc6641,1258718
autoland,4768729,12,95f51e857a45cd76f1766c14d6bed804857cd27b,windows10-64-shippable-qr,True,False,,,102210fe594ee9b33d82058545b1ed14f4c8206e,custom.jsdebugger.open.DAMP,damp,True,damp custom.jsdebugger.open.DAMP opt e10s fission stylo webrender,4768565,77,ms,firefox,,1712670551,2023-06-16T12:30:26,897.4244015062432,439d02859a2ebe8406cb74f8d6c7b148011d1658,1258826
autoland,4768729,12,95f51e857a45cd76f1766c14d6bed804857cd27b,windows10-64-shippable-qr,True,False,,,102210fe594ee9b33d82058545b1ed14f4c8206e,custom.jsdebugger.open.DAMP,damp,True,damp custom.jsdebugger.open.DAMP opt e10s fission stylo webrender,4768565,77,ms,firefox,,1712718203,2023-06-16T14:03:27,898.5869802296074,1d8c3788eb6fa2e81d627829a32004244d0271df,1258891
autoland,4768729,12,95f51e857a45cd76f1766c14d6bed804857cd27b,windows10-64-shippable-qr,True,False,,,102210fe594ee9b33d82058545b1ed14f4c8206e,custom.jsdebugger.open.DAMP,damp,True,damp custom.jsdebugger.open.DAMP opt e10s fission stylo webrender,4768565,77,ms,firefox,,1712837343,2023-06-16T16:55:49,890.5651386769023,e59de52b8ebea2db606a46a888a941400375fe0f,1259018
autoland,4768729,12,95f51e857a45cd76f1766c14d6bed804857cd27b,windows10-64-shippable-qr,True,False,,,102210fe594ee9b33d82058545b1ed14f4c8206e,custom.jsdebugger.open.DAMP,damp,True,damp custom.jsdebugger.open.DAMP opt e10s fission stylo webrender,4768565,77,ms,firefox,,1712948324,2023-06-16T19:50:08,885.2868251769833,789349491e2fe15a39f350fe470db7d696989434,1259157
autoland,4768729,12,95f51e857a45cd76f1766c14d6bed804857cd27b,windows10-64-shippable-qr,True,False,,,102210fe594ee9b33d82058545b1ed14f4c8206e,custom.jsdebugger.open.DAMP,damp,True,damp custom.jsdebugger.open.DAMP opt e10s fission stylo webrender,4768565,77,ms,firefox,,1713046770,2023-06-17T00:30:00,893.7568992129964,901b7ccc8be5e49a1b9736555af9653d46de349e,1259314
autoland,4768729,12,95f51e857a45cd76f1766c14d6bed804857cd27b,windows10-64-shippable-qr,True,False,,,102210fe594ee9b33d82058545b1ed14f4c8206e,custom.jsdebugger.open.DAMP,damp,True,damp custom.jsdebugger.open.DAMP opt e10s fission stylo webrender,4768565,77,ms,firefox,,1713218334,2023-06-17T15:38:59,895.3330088385119,e0262ee6a9a7a642c11266a1e9cfa4bc3fbd4b3b,1259384
autoland,4768729,12,95f51e857a45cd76f1766c14d6bed804857cd27b,windows10-64-shippable-qr,True,False,,,102210fe594ee9b33d82058545b1ed14f4c8206e,custom.jsdebugger.open.DAMP,damp,True,damp custom.jsdebugger.open.DAMP opt e10s fission stylo webrender,4768565,77,ms,firefox,,1713335434,2023-06-17T23:38:11,889.5926801761816,72d2cda2651d8fe01c8649f60e0620bc794a87fe,1259423
autoland,4768729,12,95f51e857a45cd76f1766c14d6bed804857cd27b,windows10-64-shippable-qr,True,False,,,102210fe594ee9b33d82058545b1ed14f4c8206e,custom.jsdebugger.open.DAMP,damp,True,damp custom.jsdebugger.open.DAMP opt e10s fission stylo webrender,4768565,77,ms,firefox,,1713475113,2023-06-18T11:39:33,889.1410584134137,1634cff61cb0e270b9660ebdc234cfcf3fed2c68,1259465
autoland,4768729,12,95f51e857a45cd76f1766c14d6bed804857cd27b,windows10-64-shippable-qr,True,False,,,102210fe594ee9b33d82058545b1ed14f4c8206e,custom.jsdebugger.open.DAMP,damp,True,damp custom.jsdebugger.open.DAMP opt e10s fission stylo webrender,4768565,77,ms,firefox,,1713707350,2023-06-19T00:32:35,889.6560551731382,1c059369d43547f90439b0a44cc76b54a0a3af97,1259516
autoland,4768729,12,95f51e857a45cd76f1766c14d6bed804857cd27b,windows10-64-shippable-qr,True,False,,,102210fe594ee9b33d82058545b1ed14f4c8206e,custom.jsdebugger.open.DAMP,damp,True,damp custom.jsdebugger.open.DAMP opt e10s fission stylo webrender,4768565,77,ms,firefox,,1715698455,2023-06-19T04:26:54,896.9176570739564,64a74f5c324cada7c9dc3043ee4ea1d038b3ff11,1259531
autoland,4768729,12,95f51e857a45cd76f1766c14d6bed804857cd27b,windows10-64-shippable-qr,True,False,,,102210fe594ee9b33d82058545b1ed14f4c8206e,custom.jsdebugger.open.DAMP,damp,True,damp custom.jsdebugger.open.DAMP opt e10s fission stylo webrender,4768565,77,ms,firefox,,1713764009,2023-06-19T05:49:35,887.3467625359053,a9e342522ebdb9602671208a06e988a285d3af18,1259544
autoland,4768729,12,95f51e857a45cd76f1766c14d6bed804857cd27b,windows10-64-shippable-qr,True,False,,,102210fe594ee9b33d82058545b1ed14f4c8206e,custom.jsdebugger.open.DAMP,damp,True,damp custom.jsdebugger.open.DAMP opt e10s fission stylo webrender,4768565,77,ms,firefox,,1715693969,2023-06-19T07:00:55,893.0889086255775,7f2f2bfb71760da911abb1e0795352c850bac426,1259557
autoland,4768729,12,95f51e857a45cd76f1766c14d6bed804857cd27b,windows10-64-shippable-qr,True,False,,,102210fe594ee9b33d82058545b1ed14f4c8206e,custom.jsdebugger.open.DAMP,damp,True,damp custom.jsdebugger.open.DAMP opt e10s fission stylo webrender,4768565,77,ms,firefox,,1715699499,2023-06-19T07:52:05,892.6614369857998,ef725e0a6e5d4de9613fc2c961b48dcb8d49dd32,1259581
autoland,4768729,12,95f51e857a45cd76f1766c14d6bed804857cd27b,windows10-64-shippable-qr,True,False,,,102210fe594ee9b33d82058545b1ed14f4c8206e,custom.jsdebugger.open.DAMP,damp,True,damp custom.jsdebugger.open.DAMP opt e10s fission stylo webrender,4768565,77,ms,firefox,,1715694227,2023-06-19T08:18:22,890.9035489054804,09073d17c6819b180c15a1692615cc1aecc121ce,1259592
autoland,4768729,12,95f51e857a45cd76f1766c14d6bed804857cd27b,windows10-64-shippable-qr,True,False,,,102210fe594ee9b33d82058545b1ed14f4c8206e,custom.jsdebugger.open.DAMP,damp,True,damp custom.jsdebugger.open.DAMP opt e10s fission stylo webrender,4768565,77,ms,firefox,,1715694585,2023-06-19T08:27:42,893.3915124721098,7524a63fd9e815bedb91d25238d84a3ed2723d92,1259599
autoland,4768729,12,95f51e857a45cd76f1766c14d6bed804857cd27b,windows10-64-shippable-qr,True,False,,,102210fe594ee9b33d82058545b1ed14f4c8206e,custom.jsdebugger.open.DAMP,damp,True,damp custom.jsdebugger.open.DAMP opt e10s fission stylo webrender,4768565,77,ms,firefox,,1715711969,2023-06-19T09:07:21,892.9382462198118,9d0febec22e44c8ed71d569f8c03733102c47199,1259607
autoland,4768729,12,95f51e857a45cd76f1766c14d6bed804857cd27b,windows10-64-shippable-qr,True,False,,,102210fe594ee9b33d82058545b1ed14f4c8206e,custom.jsdebugger.open.DAMP,damp,True,damp custom.jsdebugger.open.DAMP opt e10s fission stylo webrender,4768565,77,ms,firefox,,1715700384,2023-06-19T09:10:20,893.5964831738002,a97115e2be2374e480bb480120c62488e87739d5,1259610
autoland,4768729,12,95f51e857a45cd76f1766c14d6bed804857cd27b,windows10-64-shippable-qr,True,False,,,102210fe594ee9b33d82058545b1ed14f4c8206e,custom.jsdebugger.open.DAMP,damp,True,damp custom.jsdebugger.open.DAMP opt e10s fission stylo webrender,4768565,77,ms,firefox,,1715648286,2023-06-19T09:31:25,891.4354049184185,c6ba7e7602d85a24db682c500d6d9dbef68437cb,1259615
autoland,4768729,12,95f51e857a45cd76f1766c14d6bed804857cd27b,windows10-64-shippable-qr,True,False,,,102210fe594ee9b33d82058545b1ed14f4c8206e,custom.jsdebugger.open.DAMP,damp,True,damp custom.jsdebugger.open.DAMP opt e10s fission stylo webrender,4768565,77,ms,firefox,,1713836822,2023-06-19T09:32:15,906.6393872647895,0274a8c06c67e5ee1dccdb4e151ccf0ec70af43f,1259616
autoland,4768729,12,95f51e857a45cd76f1766c14d6bed804857cd27b,windows10-64-shippable-qr,True,False,,,102210fe594ee9b33d82058545b1ed14f4c8206e,custom.jsdebugger.open.DAMP,damp,True,damp custom.jsdebugger.open.DAMP opt e10s fission stylo webrender,4768565,77,ms,firefox,,1715648407,2023-06-19T12:21:35,888.4443024498469,4cfdbab324ecef776398e73d2e7d7df276627d85,1259709
autoland,4768729,12,95f51e857a45cd76f1766c14d6bed804857cd27b,windows10-64-shippable-qr,True,False,,,102210fe594ee9b33d82058545b1ed14f4c8206e,custom.jsdebugger.open.DAMP,damp,True,damp custom.jsdebugger.open.DAMP opt e10s fission stylo webrender,4768565,77,ms,firefox,,1715648542,2023-06-19T12:29:14,876.9882663273602,d9bcdd99921a975e7d59491a3061b03900fe175c,1259714
autoland,4768729,12,95f51e857a45cd76f1766c14d6bed804857cd27b,windows10-64-shippable-qr,True,False,,,102210fe594ee9b33d82058545b1ed14f4c8206e,custom.jsdebugger.open.DAMP,damp,True,damp custom.jsdebugger.open.DAMP opt e10s fission stylo webrender,4768565,77,ms,firefox,,1715648753,2023-06-19T12:30:04,880.6969900839031,569ee35398db24e428d99ff22a6b9995a345395c,1259715
autoland,4768729,12,95f51e857a45cd76f1766c14d6bed804857cd27b,windows10-64-shippable-qr,True,False,,,102210fe594ee9b33d82058545b1ed14f4c8206e,custom.jsdebugger.open.DAMP,damp,True,damp custom.jsdebugger.open.DAMP opt e10s fission stylo webrender,4768565,77,ms,firefox,,1715648465,2023-06-19T12:30:52,881.2905291427305,5f1f0f5559e239e38d683a443db7f8649327d102,1259716
autoland,4768729,12,95f51e857a45cd76f1766c14d6bed804857cd27b,windows10-64-shippable-qr,True,False,,,102210fe594ee9b33d82058545b1ed14f4c8206e,custom.jsdebugger.open.DAMP,damp,True,damp custom.jsdebugger.open.DAMP opt e10s fission stylo webrender,4768565,77,ms,firefox,,1715648618,2023-06-19T12:46:32,878.4457179213932,1f44bd42ebc26f6649ceb625e083dd37727b6611,1259727
autoland,4768729,12,95f51e857a45cd76f1766c14d6bed804857cd27b,windows10-64-shippable-qr,True,False,,,102210fe594ee9b33d82058545b1ed14f4c8206e,custom.jsdebugger.open.DAMP,damp,True,damp custom.jsdebugger.open.DAMP opt e10s fission stylo webrender,4768565,77,ms,firefox,,1713985645,2023-06-19T13:01:53,881.4504441096287,89c8bf4e9209c0c4b1eb87efab68e96d6dbf8145,1259739
autoland,4768729,12,95f51e857a45cd76f1766c14d6bed804857cd27b,windows10-64-shippable-qr,True,False,,,102210fe594ee9b33d82058545b1ed14f4c8206e,custom.jsdebugger.open.DAMP,damp,True,damp custom.jsdebugger.open.DAMP opt e10s fission stylo webrender,4768565,77,ms,firefox,,1715684119,2023-06-19T15:02:14,887.2861975157721,8b00e3ecb05c7b19cc9945a01725d8083612f071,1259812
autoland,4768729,12,95f51e857a45cd76f1766c14d6bed804857cd27b,windows10-64-shippable-qr,True,False,,,102210fe594ee9b33d82058545b1ed14f4c8206e,custom.jsdebugger.open.DAMP,damp,True,damp custom.jsdebugger.open.DAMP opt e10s fission stylo webrender,4768565,77,ms,firefox,,1715697736,2023-06-19T15:03:02,884.6937730613135,d84bcf432e12c2a8385aa5fadb41f973bbb10a56,1259813
autoland,4768729,12,95f51e857a45cd76f1766c14d6bed804857cd27b,windows10-64-shippable-qr,True,False,,,102210fe594ee9b33d82058545b1ed14f4c8206e,custom.jsdebugger.open.DAMP,damp,True,damp custom.jsdebugger.open.DAMP opt e10s fission stylo webrender,4768565,77,ms,firefox,,1715702938,2023-06-19T15:03:54,885.5963111417805,d6954fee046033204051091189999f6c520deea6,1259814
autoland,4768729,12,95f51e857a45cd76f1766c14d6bed804857cd27b,windows10-64-shippable-qr,True,False,,,102210fe594ee9b33d82058545b1ed14f4c8206e,custom.jsdebugger.open.DAMP,damp,True,damp custom.jsdebugger.open.DAMP opt e10s fission stylo webrender,4768565,77,ms,firefox,,1715702653,2023-06-19T15:37:57,885.3334844302735,83770e500714a732d514758e51c41484608f7dce,1259823
autoland,4768729,12,95f51e857a45cd76f1766c14d6bed804857cd27b,windows10-64-shippable-qr,True,False,,,102210fe594ee9b33d82058545b1ed14f4c8206e,custom.jsdebugger.open.DAMP,damp,True,damp custom.jsdebugger.open.DAMP opt e10s fission stylo webrender,4768565,77,ms,firefox,,1715699336,2023-06-19T15:43:30,883.7855374994033,41581deb338a0f524c02f374390e58c71f6656ec,1259827
autoland,4768729,12,95f51e857a45cd76f1766c14d6bed804857cd27b,windows10-64-shippable-qr,True,False,,,102210fe594ee9b33d82058545b1ed14f4c8206e,custom.jsdebugger.open.DAMP,damp,True,damp custom.jsdebugger.open.DAMP opt e10s fission stylo webrender,4768565,77,ms,firefox,,1715702438,2023-06-19T15:44:33,880.6716499168397,b2d23872d92d11290c2c43d919562305d2173902,1259828
autoland,4768729,12,95f51e857a45cd76f1766c14d6bed804857cd27b,windows10-64-shippable-qr,True,False,,,102210fe594ee9b33d82058545b1ed14f4c8206e,custom.jsdebugger.open.DAMP,damp,True,damp custom.jsdebugger.open.DAMP opt e10s fission stylo webrender,4768565,77,ms,firefox,,1715696036,2023-06-19T15:45:32,882.7698493696953,a7d3d1ff5e6d4107158c82919ff558a386e43b93,1259829
autoland,4768729,12,95f51e857a45cd76f1766c14d6bed804857cd27b,windows10-64-shippable-qr,True,False,,,102210fe594ee9b33d82058545b1ed14f4c8206e,custom.jsdebugger.open.DAMP,damp,True,damp custom.jsdebugger.open.DAMP opt e10s fission stylo webrender,4768565,77,ms,firefox,,1715704440,2023-06-19T15:51:53,881.2466506695491,009415898de1b16fd6b0a7bc9fe889f5b6033e9f,1259832
autoland,4768729,12,95f51e857a45cd76f1766c14d6bed804857cd27b,windows10-64-shippable-qr,True,False,,,102210fe594ee9b33d82058545b1ed14f4c8206e,custom.jsdebugger.open.DAMP,damp,True,damp custom.jsdebugger.open.DAMP opt e10s fission stylo webrender,4768565,77,ms,firefox,,1715703709,2023-06-19T16:01:29,886.8325272750444,2e0c179db6fbc7070ab826bc771fa7c04ff51a68,1259836
autoland,4768729,12,95f51e857a45cd76f1766c14d6bed804857cd27b,windows10-64-shippable-qr,True,False,,,102210fe594ee9b33d82058545b1ed14f4c8206e,custom.jsdebugger.open.DAMP,damp,True,damp custom.jsdebugger.open.DAMP opt e10s fission stylo webrender,4768565,77,ms,firefox,,1714068560,2023-06-19T16:21:16,883.2193675693779,9ecde3181716f5d8ad265d976575224cc04b2887,1259851
autoland,4768729,12,95f51e857a45cd76f1766c14d6bed804857cd27b,windows10-64-shippable-qr,True,False,,,102210fe594ee9b33d82058545b1ed14f4c8206e,custom.jsdebugger.open.DAMP,damp,True,damp custom.jsdebugger.open.DAMP opt e10s fission stylo webrender,4768565,77,ms,firefox,,1715650444,2023-06-19T17:46:12,877.2942716084508,b040fff76ed7ecee270c125c9c3229c5e9ee1ff0,1259890
autoland,4768729,12,95f51e857a45cd76f1766c14d6bed804857cd27b,windows10-64-shippable-qr,True,False,,,102210fe594ee9b33d82058545b1ed14f4c8206e,custom.jsdebugger.open.DAMP,damp,True,damp custom.jsdebugger.open.DAMP opt e10s fission stylo webrender,4768565,77,ms,firefox,,1715684833,2023-06-19T18:01:00,884.5355127653384,f9f8e7cfe057c0d11fd0795b1b8da2400880840c,1259896
autoland,4768729,12,95f51e857a45cd76f1766c14d6bed804857cd27b,windows10-64-shippable-qr,True,False,,,102210fe594ee9b33d82058545b1ed14f4c8206e,custom.jsdebugger.open.DAMP,damp,True,damp custom.jsdebugger.open.DAMP opt e10s fission stylo webrender,4768565,77,ms,firefox,,1715697503,2023-06-19T18:26:12,887.1474622195383,c8f1d9f2dbf28345000613f309fdf7de281beb74,1259906
autoland,4768729,12,95f51e857a45cd76f1766c14d6bed804857cd27b,windows10-64-shippable-qr,True,False,,,102210fe594ee9b33d82058545b1ed14f4c8206e,custom.jsdebugger.open.DAMP,damp,True,damp custom.jsdebugger.open.DAMP opt e10s fission stylo webrender,4768565,77,ms,firefox,,1715650391,2023-06-19T18:37:51,872.8232279134754,5f266371028f0ed5fe633f259a012880a2a6df89,1259913
autoland,4768729,12,95f51e857a45cd76f1766c14d6bed804857cd27b,windows10-64-shippable-qr,True,False,,,102210fe594ee9b33d82058545b1ed14f4c8206e,custom.jsdebugger.open.DAMP,damp,True,damp custom.jsdebugger.open.DAMP opt e10s fission stylo webrender,4768565,77,ms,firefox,,1715650541,2023-06-19T18:48:22,886.6787020614865,03a00f2c2bc451f4edbf350398a03d2342d68101,1259919
autoland,4768729,12,95f51e857a45cd76f1766c14d6bed804857cd27b,windows10-64-shippable-qr,True,False,,,102210fe594ee9b33d82058545b1ed14f4c8206e,custom.jsdebugger.open.DAMP,damp,True,damp custom.jsdebugger.open.DAMP opt e10s fission stylo webrender,4768565,77,ms,firefox,,1715695446,2023-06-19T18:59:52,884.0440579638525,d248322e9501e005fe38de9e614a734fba6a4e86,1259927
autoland,4768729,12,95f51e857a45cd76f1766c14d6bed804857cd27b,windows10-64-shippable-qr,True,False,,,102210fe594ee9b33d82058545b1ed14f4c8206e,custom.jsdebugger.open.DAMP,damp,True,damp custom.jsdebugger.open.DAMP opt e10s fission stylo webrender,4768565,77,ms,firefox,,1714140754,2023-06-19T19:03:14,873.8695026494242,e06365982ef6b00590cb160ebe9f4978558d1052,1259928
autoland,4768729,12,95f51e857a45cd76f1766c14d6bed804857cd27b,windows10-64-shippable-qr,True,False,,,102210fe594ee9b33d82058545b1ed14f4c8206e,custom.jsdebugger.open.DAMP,damp,True,damp custom.jsdebugger.open.DAMP opt e10s fission stylo webrender,4768565,77,ms,firefox,,1714222884,2023-06-19T23:03:46,873.7079673384869,edef1940a6bd4d95b235e43b1cada493f561f78a,1260042
autoland,4768729,12,95f51e857a45cd76f1766c14d6bed804857cd27b,windows10-64-shippable-qr,True,False,,,102210fe594ee9b33d82058545b1ed14f4c8206e,custom.jsdebugger.open.DAMP,damp,True,damp custom.jsdebugger.open.DAMP opt e10s fission stylo webrender,4768565,77,ms,firefox,,1714314587,2023-06-20T04:00:20,873.6350495018996,a4b679a79f2fa00877013dfcc1a886078d728328,1260102
autoland,4768729,12,95f51e857a45cd76f1766c14d6bed804857cd27b,windows10-64-shippable-qr,True,False,,,102210fe594ee9b33d82058545b1ed14f4c8206e,custom.jsdebugger.open.DAMP,damp,True,damp custom.jsdebugger.open.DAMP opt e10s fission stylo webrender,4768565,77,ms,firefox,,1714589482,2023-06-20T05:17:25,883.1603965343675,ce5a84713c8b968709940f18f143d251da4fcb83,1260124
autoland,4768729,12,95f51e857a45cd76f1766c14d6bed804857cd27b,windows10-64-shippable-qr,True,False,,,102210fe594ee9b33d82058545b1ed14f4c8206e,custom.jsdebugger.open.DAMP,damp,True,damp custom.jsdebugger.open.DAMP opt e10s fission stylo webrender,4768565,77,ms,firefox,,1714654874,2023-06-20T09:18:46,883.6469840515638,caf02cdd31992e89c9bd81c5ec4d391070651f3a,1260213
autoland,4768729,12,95f51e857a45cd76f1766c14d6bed804857cd27b,windows10-64-shippable-qr,True,False,,,102210fe594ee9b33d82058545b1ed14f4c8206e,custom.jsdebugger.open.DAMP,damp,True,damp custom.jsdebugger.open.DAMP opt e10s fission stylo webrender,4768565,77,ms,firefox,,1714717510,2023-06-20T12:29:52,884.7612650067094,5ade2b37847325019878bde832493c342759d7eb,1260284
autoland,4768729,12,95f51e857a45cd76f1766c14d6bed804857cd27b,windows10-64-shippable-qr,True,False,,,102210fe594ee9b33d82058545b1ed14f4c8206e,custom.jsdebugger.open.DAMP,damp,True,damp custom.jsdebugger.open.DAMP opt e10s fission stylo webrender,4768565,77,ms,firefox,,1714885654,2023-06-20T16:34:00,884.5700792336138,1877c1e6db6f8a23c52ab9238c7f62d0b696f0ce,1260512
autoland,4768729,12,95f51e857a45cd76f1766c14d6bed804857cd27b,windows10-64-shippable-qr,True,False,,,102210fe594ee9b33d82058545b1ed14f4c8206e,custom.jsdebugger.open.DAMP,damp,True,damp custom.jsdebugger.open.DAMP opt e10s fission stylo webrender,4768565,77,ms,firefox,,1714899513,2023-06-20T16:35:53,900.1406976239814,2ad5c2418b372960126440af5aa568104de3bfb8,1260515
autoland,4768729,12,95f51e857a45cd76f1766c14d6bed804857cd27b,windows10-64-shippable-qr,True,False,,,102210fe594ee9b33d82058545b1ed14f4c8206e,custom.jsdebugger.open.DAMP,damp,True,damp custom.jsdebugger.open.DAMP opt e10s fission stylo webrender,4768565,77,ms,firefox,,1715276360,2023-06-21T00:51:29,877.813606344971,143aa1574b8d50e4d2ddd1a2826b25a8418f13c1,1260862
autoland,4768729,12,95f51e857a45cd76f1766c14d6bed804857cd27b,windows10-64-shippable-qr,True,False,,,102210fe594ee9b33d82058545b1ed14f4c8206e,custom.jsdebugger.open.DAMP,damp,True,damp custom.jsdebugger.open.DAMP opt e10s fission stylo webrender,4768565,77,ms,firefox,,1715313736,2023-06-21T02:28:11,874.6831580363068,7bdf45ed2f6b565e69fdbc44285af78de3271a4e,1260905
autoland,4768729,12,95f51e857a45cd76f1766c14d6bed804857cd27b,windows10-64-shippable-qr,True,False,,,102210fe594ee9b33d82058545b1ed14f4c8206e,custom.jsdebugger.open.DAMP,damp,True,damp custom.jsdebugger.open.DAMP opt e10s fission stylo webrender,4768565,77,ms,firefox,,1715428412,2023-06-21T06:55:17,874.4015990808539,8a382f0bd3211346516d54c647d157320335a806,1260969
autoland,4768729,12,95f51e857a45cd76f1766c14d6bed804857cd27b,windows10-64-shippable-qr,True,False,,,102210fe594ee9b33d82058545b1ed14f4c8206e,custom.jsdebugger.open.DAMP,damp,True,damp custom.jsdebugger.open.DAMP opt e10s fission stylo webrender,4768565,77,ms,firefox,,1716901782,2023-06-21T06:58:14,895.9818847233109,3a2d8da23d13f992206e474e947a8e6405dcf7dd,1260971
autoland,4768729,12,95f51e857a45cd76f1766c14d6bed804857cd27b,windows10-64-shippable-qr,True,False,,,102210fe594ee9b33d82058545b1ed14f4c8206e,custom.jsdebugger.open.DAMP,damp,True,damp custom.jsdebugger.open.DAMP opt e10s fission stylo webrender,4768565,77,ms,firefox,,1716777790,2023-06-21T07:06:42,889.2075233924261,dedf1536e842cf528af6c5746d4f6068241328ad,1260976
autoland,4768729,12,95f51e857a45cd76f1766c14d6bed804857cd27b,windows10-64-shippable-qr,True,False,,,102210fe594ee9b33d82058545b1ed14f4c8206e,custom.jsdebugger.open.DAMP,damp,True,damp custom.jsdebugger.open.DAMP opt e10s fission stylo webrender,4768565,77,ms,firefox,,1716903000,2023-06-21T07:10:44,881.3029706214511,2d7083c6241d1088731d98b9728357d9c8ebe9b0,1260977
autoland,4768729,12,95f51e857a45cd76f1766c14d6bed804857cd27b,windows10-64-shippable-qr,True,False,,,102210fe594ee9b33d82058545b1ed14f4c8206e,custom.jsdebugger.open.DAMP,damp,True,damp custom.jsdebugger.open.DAMP opt e10s fission stylo webrender,4768565,77,ms,firefox,,1716901628,2023-06-21T07:13:55,883.5098196429717,a69c0deca1907a5aa0ab4ac99f1af814bca47523,1260978
autoland,4768729,12,95f51e857a45cd76f1766c14d6bed804857cd27b,windows10-64-shippable-qr,True,False,,,102210fe594ee9b33d82058545b1ed14f4c8206e,custom.jsdebugger.open.DAMP,damp,True,damp custom.jsdebugger.open.DAMP opt e10s fission stylo webrender,4768565,77,ms,firefox,,1716902774,2023-06-21T07:17:27,881.4166028088366,bb3c35dfb321af4d7e67e08c22df53c3c6ff0609,1260980
autoland,4768729,12,95f51e857a45cd76f1766c14d6bed804857cd27b,windows10-64-shippable-qr,True,False,,,102210fe594ee9b33d82058545b1ed14f4c8206e,custom.jsdebugger.open.DAMP,damp,True,damp custom.jsdebugger.open.DAMP opt e10s fission stylo webrender,4768565,77,ms,firefox,,1716777728,2023-06-21T07:18:33,880.5892101027785,782b982f3a81e011e992b2a40b23d21f83027946,1260982
autoland,4768729,12,95f51e857a45cd76f1766c14d6bed804857cd27b,windows10-64-shippable-qr,True,False,,,102210fe594ee9b33d82058545b1ed14f4c8206e,custom.jsdebugger.open.DAMP,damp,True,damp custom.jsdebugger.open.DAMP opt e10s fission stylo webrender,4768565,77,ms,firefox,,1716901851,2023-06-21T07:19:23,877.5681915617024,fb9464de6de987e4d63f28df3cd609c668e987bd,1260983
autoland,4768729,12,95f51e857a45cd76f1766c14d6bed804857cd27b,windows10-64-shippable-qr,True,False,,,102210fe594ee9b33d82058545b1ed14f4c8206e,custom.jsdebugger.open.DAMP,damp,True,damp custom.jsdebugger.open.DAMP opt e10s fission stylo webrender,4768565,77,ms,firefox,,1716902865,2023-06-21T07:21:49,882.9266627640827,22c38e18f9e88ca912a22de5fe1b578e9f77959a,1260985
autoland,4768729,12,95f51e857a45cd76f1766c14d6bed804857cd27b,windows10-64-shippable-qr,True,False,,,102210fe594ee9b33d82058545b1ed14f4c8206e,custom.jsdebugger.open.DAMP,damp,True,damp custom.jsdebugger.open.DAMP opt e10s fission stylo webrender,4768565,77,ms,firefox,,1715447660,2023-06-21T07:34:24,877.5123835712002,4c90403735bebf09d72af91e99745cfcbbae2a35,1260998
autoland,4768729,12,95f51e857a45cd76f1766c14d6bed804857cd27b,windows10-64-shippable-qr,True,False,,,102210fe594ee9b33d82058545b1ed14f4c8206e,custom.jsdebugger.open.DAMP,damp,True,damp custom.jsdebugger.open.DAMP opt e10s fission stylo webrender,4768565,77,ms,firefox,,1716793591,2023-06-21T09:48:38,882.2922942227888,20ddf56bef8aad155f52ba245320dacf0107aadf,1261092
autoland,4768729,12,95f51e857a45cd76f1766c14d6bed804857cd27b,windows10-64-shippable-qr,True,False,,,102210fe594ee9b33d82058545b1ed14f4c8206e,custom.jsdebugger.open.DAMP,damp,True,damp custom.jsdebugger.open.DAMP opt e10s fission stylo webrender,4768565,77,ms,firefox,,1716902009,2023-06-21T09:55:35,884.7466403430435,3dabb9290349e7a9ea00dc24a9f9a8d9645dcf1d,1261099
autoland,4768729,12,95f51e857a45cd76f1766c14d6bed804857cd27b,windows10-64-shippable-qr,True,False,,,102210fe594ee9b33d82058545b1ed14f4c8206e,custom.jsdebugger.open.DAMP,damp,True,damp custom.jsdebugger.open.DAMP opt e10s fission stylo webrender,4768565,77,ms,firefox,,1716902167,2023-06-21T10:29:51,888.6626230078982,8eb871cb02a1c8594fb604376e40b27cebd7b8bd,1261123
autoland,4768729,12,95f51e857a45cd76f1766c14d6bed804857cd27b,windows10-64-shippable-qr,True,False,,,102210fe594ee9b33d82058545b1ed14f4c8206e,custom.jsdebugger.open.DAMP,damp,True,damp custom.jsdebugger.open.DAMP opt e10s fission stylo webrender,4768565,77,ms,firefox,,1716794143,2023-06-21T10:30:39,883.6796447399684,6e760185c049c9b07756b413ce702e3b70af0efc,1261124
autoland,4768729,12,95f51e857a45cd76f1766c14d6bed804857cd27b,windows10-64-shippable-qr,True,False,,,102210fe594ee9b33d82058545b1ed14f4c8206e,custom.jsdebugger.open.DAMP,damp,True,damp custom.jsdebugger.open.DAMP opt e10s fission stylo webrender,4768565,77,ms,firefox,,1716901541,2023-06-21T11:18:49,881.4490699685848,d30811fca62a1e6095cd3a74600d0ec8bf749ed0,1261155
autoland,4768729,12,95f51e857a45cd76f1766c14d6bed804857cd27b,windows10-64-shippable-qr,True,False,,,102210fe594ee9b33d82058545b1ed14f4c8206e,custom.jsdebugger.open.DAMP,damp,True,damp custom.jsdebugger.open.DAMP opt e10s fission stylo webrender,4768565,77,ms,firefox,,1715628553,2023-06-21T12:20:35,875.7531094618535,14edc9bcbe5615f748cdb086881c6b983aedf04d,1261182
autoland,4768729,12,95f51e857a45cd76f1766c14d6bed804857cd27b,windows10-64-shippable-qr,True,False,,,102210fe594ee9b33d82058545b1ed14f4c8206e,custom.jsdebugger.open.DAMP,damp,True,damp custom.jsdebugger.open.DAMP opt e10s fission stylo webrender,4768565,77,ms,firefox,,1716738591,2023-06-21T12:28:53,879.7797243602108,33d2377b255dbfbe7ca7d86e2211b6336f44bff4,1261192
autoland,4768729,12,95f51e857a45cd76f1766c14d6bed804857cd27b,windows10-64-shippable-qr,True,False,,,102210fe594ee9b33d82058545b1ed14f4c8206e,custom.jsdebugger.open.DAMP,damp,True,damp custom.jsdebugger.open.DAMP opt e10s fission stylo webrender,4768565,77,ms,firefox,,1715692202,2023-06-21T12:59:17,880.4114161039688,b94f3d418f54f964368486a65cd5d15e828867db,1261207
autoland,4768729,12,95f51e857a45cd76f1766c14d6bed804857cd27b,windows10-64-shippable-qr,True,False,,,102210fe594ee9b33d82058545b1ed14f4c8206e,custom.jsdebugger.open.DAMP,damp,True,damp custom.jsdebugger.open.DAMP opt e10s fission stylo webrender,4768565,77,ms,firefox,,1716793911,2023-06-21T16:02:14,878.2946363535302,38086418279c11860cdd0b8cf7ac8b717bb78d3e,1261270
autoland,4768729,12,95f51e857a45cd76f1766c14d6bed804857cd27b,windows10-64-shippable-qr,True,False,,,102210fe594ee9b33d82058545b1ed14f4c8206e,custom.jsdebugger.open.DAMP,damp,True,damp custom.jsdebugger.open.DAMP opt e10s fission stylo webrender,4768565,77,ms,firefox,,1716902088,2023-06-21T16:16:24,883.0862650997151,509cdf880d7beadc241f51f3bbc739018abb28f2,1261273
autoland,4768729,12,95f51e857a45cd76f1766c14d6bed804857cd27b,windows10-64-shippable-qr,True,False,,,102210fe594ee9b33d82058545b1ed14f4c8206e,custom.jsdebugger.open.DAMP,damp,True,damp custom.jsdebugger.open.DAMP opt e10s fission stylo webrender,4768565,77,ms,firefox,,1716903647,2023-06-21T16:29:44,906.091973522125,dfcc0494fe8d5b92b1b42a04019c811bc7c9ce17,1261275
autoland,4768729,12,95f51e857a45cd76f1766c14d6bed804857cd27b,windows10-64-shippable-qr,True,False,,,102210fe594ee9b33d82058545b1ed14f4c8206e,custom.jsdebugger.open.DAMP,damp,True,damp custom.jsdebugger.open.DAMP opt e10s fission stylo webrender,4768565,77,ms,firefox,,1716901852,2023-06-21T16:31:13,880.4740508027098,92f63f8df9d5b0262710464e797bdf6d12678780,1261276
autoland,4768729,12,95f51e857a45cd76f1766c14d6bed804857cd27b,windows10-64-shippable-qr,True,False,,,102210fe594ee9b33d82058545b1ed14f4c8206e,custom.jsdebugger.open.DAMP,damp,True,damp custom.jsdebugger.open.DAMP opt e10s fission stylo webrender,4768565,77,ms,firefox,,1716968720,2023-06-21T16:32:01,880.2741928326723,36d83102c92103f8941c845c6523b94d1d474f57,1261277
autoland,4768729,12,95f51e857a45cd76f1766c14d6bed804857cd27b,windows10-64-shippable-qr,True,False,,,102210fe594ee9b33d82058545b1ed14f4c8206e,custom.jsdebugger.open.DAMP,damp,True,damp custom.jsdebugger.open.DAMP opt e10s fission stylo webrender,4768565,77,ms,firefox,,1715761030,2023-06-21T16:33:07,881.3756427738917,702dc0aa87a8c3e4929277c1dc8220a7dd72418f,1261278
autoland,4768729,12,95f51e857a45cd76f1766c14d6bed804857cd27b,windows10-64-shippable-qr,True,False,,,102210fe594ee9b33d82058545b1ed14f4c8206e,custom.jsdebugger.open.DAMP,damp,True,damp custom.jsdebugger.open.DAMP opt e10s fission stylo webrender,4768565,77,ms,firefox,,1715960676,2023-06-21T20:43:57,885.3300961329587,78880280c2765ec0520ece3184fc8fdbac5b5356,1261541
autoland,4768729,12,95f51e857a45cd76f1766c14d6bed804857cd27b,windows10-64-shippable-qr,True,False,,,102210fe594ee9b33d82058545b1ed14f4c8206e,custom.jsdebugger.open.DAMP,damp,True,damp custom.jsdebugger.open.DAMP opt e10s fission stylo webrender,4768565,77,ms,firefox,,1716022530,2023-06-22T00:43:42,872.6932294224898,109834499ca10a69681c6868a23ec828dcf160cf,1261782
autoland,4768729,12,95f51e857a45cd76f1766c14d6bed804857cd27b,windows10-64-shippable-qr,True,False,,,102210fe594ee9b33d82058545b1ed14f4c8206e,custom.jsdebugger.open.DAMP,damp,True,damp custom.jsdebugger.open.DAMP opt e10s fission stylo webrender,4768565,77,ms,firefox,,1716090346,2023-06-22T05:48:27,880.7969116133654,57884604206ce9bb39718006eac660e6e32e5044,1261863
autoland,4768729,12,95f51e857a45cd76f1766c14d6bed804857cd27b,windows10-64-shippable-qr,True,False,,,102210fe594ee9b33d82058545b1ed14f4c8206e,custom.jsdebugger.open.DAMP,damp,True,damp custom.jsdebugger.open.DAMP opt e10s fission stylo webrender,4768565,77,ms,firefox,,1716120856,2023-06-22T07:29:35,874.866069219046,45769d7ff3c64d7abfcfedd8f05bb7dcb442270c,1261886
autoland,4768729,12,95f51e857a45cd76f1766c14d6bed804857cd27b,windows10-64-shippable-qr,True,False,,,102210fe594ee9b33d82058545b1ed14f4c8206e,custom.jsdebugger.open.DAMP,damp,True,damp custom.jsdebugger.open.DAMP opt e10s fission stylo webrender,4768565,77,ms,firefox,,1716230480,2023-06-22T11:39:08,880.0623956800991,3d85ee9f4f736ebc38b26fed33c8681bb512aa92,1262053
autoland,4768729,12,95f51e857a45cd76f1766c14d6bed804857cd27b,windows10-64-shippable-qr,True,False,,,102210fe594ee9b33d82058545b1ed14f4c8206e,custom.jsdebugger.open.DAMP,damp,True,damp custom.jsdebugger.open.DAMP opt e10s fission stylo webrender,4768565,77,ms,firefox,,1716400525,2023-06-22T14:41:02,878.240018568511,b9e51e69d0451a93822b61cc15d72666124f02dd,1262179
autoland,4768729,12,95f51e857a45cd76f1766c14d6bed804857cd27b,windows10-64-shippable-qr,True,False,,,102210fe594ee9b33d82058545b1ed14f4c8206e,custom.jsdebugger.open.DAMP,damp,True,damp custom.jsdebugger.open.DAMP opt e10s fission stylo webrender,4768565,77,ms,firefox,,1716466368,2023-06-22T18:48:21,882.8163213340013,9a98c67180c5914db4ca78d4fc36d6d0721d24a9,1262325
autoland,4768729,12,95f51e857a45cd76f1766c14d6bed804857cd27b,windows10-64-shippable-qr,True,False,,,102210fe594ee9b33d82058545b1ed14f4c8206e,custom.jsdebugger.open.DAMP,damp,True,damp custom.jsdebugger.open.DAMP opt e10s fission stylo webrender,4768565,77,ms,firefox,,1716482006,2023-06-22T19:02:55,886.0737825503784,4b261191412d4972eaab59ddb358f2eef865280d,1262337
autoland,4768729,12,95f51e857a45cd76f1766c14d6bed804857cd27b,windows10-64-shippable-qr,True,False,,,102210fe594ee9b33d82058545b1ed14f4c8206e,custom.jsdebugger.open.DAMP,damp,True,damp custom.jsdebugger.open.DAMP opt e10s fission stylo webrender,4768565,77,ms,firefox,,1716597966,2023-06-22T22:58:49,883.3590300137439,ec702239c313d37f8ee8d6b4d9b78aba8d4b6580,1262495
autoland,4768729,12,95f51e857a45cd76f1766c14d6bed804857cd27b,windows10-64-shippable-qr,True,False,,,102210fe594ee9b33d82058545b1ed14f4c8206e,custom.jsdebugger.open.DAMP,damp,True,damp custom.jsdebugger.open.DAMP opt e10s fission stylo webrender,4768565,77,ms,firefox,,1716717931,2023-06-23T03:22:10,877.8260310074547,a9c0bee966a1e0b10528a9b41b3dcea34ee95b83,1262648
autoland,4768729,12,95f51e857a45cd76f1766c14d6bed804857cd27b,windows10-64-shippable-qr,True,False,,,102210fe594ee9b33d82058545b1ed14f4c8206e,custom.jsdebugger.open.DAMP,damp,True,damp custom.jsdebugger.open.DAMP opt e10s fission stylo webrender,4768565,77,ms,firefox,,1716956631,2023-06-23T06:38:21,883.398254966567,e6ebe768e49bf43fc6465b297a817d1e4994af82,1262712
autoland,4768729,12,95f51e857a45cd76f1766c14d6bed804857cd27b,windows10-64-shippable-qr,True,False,,,102210fe594ee9b33d82058545b1ed14f4c8206e,custom.jsdebugger.open.DAMP,damp,True,damp custom.jsdebugger.open.DAMP opt e10s fission stylo webrender,4768565,77,ms,firefox,,1716996233,2023-06-23T10:04:46,883.7461134926853,bd328e6b49f984c8a1b8e2e0e0b2194267d023ac,1262825
autoland,4768729,12,95f51e857a45cd76f1766c14d6bed804857cd27b,windows10-64-shippable-qr,True,False,,,102210fe594ee9b33d82058545b1ed14f4c8206e,custom.jsdebugger.open.DAMP,damp,True,damp custom.jsdebugger.open.DAMP opt e10s fission stylo webrender,4768565,77,ms,firefox,,1717094739,2023-06-23T14:10:04,879.2396536016895,21d4902198ae482d7fd52735881f90fb09ffaa07,1262960
autoland,4768729,12,95f51e857a45cd76f1766c14d6bed804857cd27b,windows10-64-shippable-qr,True,False,,,102210fe594ee9b33d82058545b1ed14f4c8206e,custom.jsdebugger.open.DAMP,damp,True,damp custom.jsdebugger.open.DAMP opt e10s fission stylo webrender,4768565,77,ms,firefox,,1717104991,2023-06-23T14:24:51,886.5588325848003,801ba619d741b520231e6a0791457e7b44bef641,1262973
autoland,4768729,12,95f51e857a45cd76f1766c14d6bed804857cd27b,windows10-64-shippable-qr,True,False,,,102210fe594ee9b33d82058545b1ed14f4c8206e,custom.jsdebugger.open.DAMP,damp,True,damp custom.jsdebugger.open.DAMP opt e10s fission stylo webrender,4768565,77,ms,firefox,,1717222450,2023-06-23T18:49:22,890.9300829270214,efb1631077da0ef473b1fe37d64cd6f652c34f37,1263094
autoland,4768729,12,95f51e857a45cd76f1766c14d6bed804857cd27b,windows10-64-shippable-qr,True,False,,,102210fe594ee9b33d82058545b1ed14f4c8206e,custom.jsdebugger.open.DAMP,damp,True,damp custom.jsdebugger.open.DAMP opt e10s fission stylo webrender,4768565,77,ms,firefox,,1717227559,2023-06-23T19:29:51,885.062767818803,3cfaf216653a2de7529a3bc74907ea4fecc21912,1263108
autoland,4768729,12,95f51e857a45cd76f1766c14d6bed804857cd27b,windows10-64-shippable-qr,True,False,,,102210fe594ee9b33d82058545b1ed14f4c8206e,custom.jsdebugger.open.DAMP,damp,True,damp custom.jsdebugger.open.DAMP opt e10s fission stylo webrender,4768565,77,ms,firefox,,1717263326,2023-06-23T23:33:35,878.0850533674529,45c221c4d7560f0ab2b6f7c4d113e2f96d73e994,1263150
autoland,4768729,12,95f51e857a45cd76f1766c14d6bed804857cd27b,windows10-64-shippable-qr,True,False,,,102210fe594ee9b33d82058545b1ed14f4c8206e,custom.jsdebugger.open.DAMP,damp,True,damp custom.jsdebugger.open.DAMP opt e10s fission stylo webrender,4768565,77,ms,firefox,,1717388787,2023-06-24T17:55:21,880.353048074132,31d5ffaf0b16a722c89e3bc6043d1a6dd2df4f59,1263267
autoland,4768729,12,95f51e857a45cd76f1766c14d6bed804857cd27b,windows10-64-shippable-qr,True,False,,,102210fe594ee9b33d82058545b1ed14f4c8206e,custom.jsdebugger.open.DAMP,damp,True,damp custom.jsdebugger.open.DAMP opt e10s fission stylo webrender,4768565,77,ms,firefox,,1717499883,2023-06-25T11:25:42,872.7020606275692,a529a3830f684519fc2c2ffb6fbe1b1e77930e71,1263317
autoland,4768729,12,95f51e857a45cd76f1766c14d6bed804857cd27b,windows10-64-shippable-qr,True,False,,,102210fe594ee9b33d82058545b1ed14f4c8206e,custom.jsdebugger.open.DAMP,damp,True,damp custom.jsdebugger.open.DAMP opt e10s fission stylo webrender,4768565,77,ms,firefox,,1717632203,2023-06-26T01:53:17,875.6976003571763,391b29854d65124c758af8d7a7765b53ec46b9bf,1263401
autoland,4768729,12,95f51e857a45cd76f1766c14d6bed804857cd27b,windows10-64-shippable-qr,True,False,,,102210fe594ee9b33d82058545b1ed14f4c8206e,custom.jsdebugger.open.DAMP,damp,True,damp custom.jsdebugger.open.DAMP opt e10s fission stylo webrender,4768565,77,ms,firefox,,1717726661,2023-06-26T08:39:50,875.2660692879435,b8784b3350a10d9ba119e133ba1afe2fa2862b64,1263470
autoland,4768729,12,95f51e857a45cd76f1766c14d6bed804857cd27b,windows10-64-shippable-qr,True,False,,,102210fe594ee9b33d82058545b1ed14f4c8206e,custom.jsdebugger.open.DAMP,damp,True,damp custom.jsdebugger.open.DAMP opt e10s fission stylo webrender,4768565,77,ms,firefox,,1717829050,2023-06-26T12:15:47,884.8306083000771,147bbf0910da38bd103a6cac5b77bca042225107,1263599
autoland,4768729,12,95f51e857a45cd76f1766c14d6bed804857cd27b,windows10-64-shippable-qr,True,False,,,102210fe594ee9b33d82058545b1ed14f4c8206e,custom.jsdebugger.open.DAMP,damp,True,damp custom.jsdebugger.open.DAMP opt e10s fission stylo webrender,4768565,77,ms,firefox,,1717934715,2023-06-26T15:17:27,884.976134009994,a9a1430953c45602083b397b0d0bb8e55a69fa46,1263769
autoland,4768729,12,95f51e857a45cd76f1766c14d6bed804857cd27b,windows10-64-shippable-qr,True,False,,,102210fe594ee9b33d82058545b1ed14f4c8206e,custom.jsdebugger.open.DAMP,damp,True,damp custom.jsdebugger.open.DAMP opt e10s fission stylo webrender,4768565,77,ms,firefox,,1718083307,2023-06-26T19:17:54,873.1022303049976,43533d1489bc82330991d4cbac2d5b8e704b7558,1263990
autoland,4768729,12,95f51e857a45cd76f1766c14d6bed804857cd27b,windows10-64-shippable-qr,True,False,,,102210fe594ee9b33d82058545b1ed14f4c8206e,custom.jsdebugger.open.DAMP,damp,True,damp custom.jsdebugger.open.DAMP opt e10s fission stylo webrender,4768565,77,ms,firefox,,1718265484,2023-06-26T23:32:18,882.4620675813785,4bdb9438b18b4b7ad15d5f4f62fd67cad4308d62,1264157
autoland,4768729,12,95f51e857a45cd76f1766c14d6bed804857cd27b,windows10-64-shippable-qr,True,False,,,102210fe594ee9b33d82058545b1ed14f4c8206e,custom.jsdebugger.open.DAMP,damp,True,damp custom.jsdebugger.open.DAMP opt e10s fission stylo webrender,4768565,77,ms,firefox,,1718255703,2023-06-26T23:58:56,876.4098790176722,b34d04613ffa3abda9bcdd07fc5185a34cdc407b,1264185
autoland,4768729,12,95f51e857a45cd76f1766c14d6bed804857cd27b,windows10-64-shippable-qr,True,False,,,102210fe594ee9b33d82058545b1ed14f4c8206e,custom.jsdebugger.open.DAMP,damp,True,damp custom.jsdebugger.open.DAMP opt e10s fission stylo webrender,4768565,77,ms,firefox,,1718349701,2023-06-27T04:20:21,881.6413306008617,e0d8554167a0aad02af68198462e91dd05958593,1264240
autoland,4768729,12,95f51e857a45cd76f1766c14d6bed804857cd27b,windows10-64-shippable-qr,True,False,,,102210fe594ee9b33d82058545b1ed14f4c8206e,custom.jsdebugger.open.DAMP,damp,True,damp custom.jsdebugger.open.DAMP opt e10s fission stylo webrender,4768565,77,ms,firefox,,1718431836,2023-06-27T07:09:08,884.2396294488572,e963fffcb3a0375f0c08e6c62d4300cbf79fba0b,1264287
autoland,4768729,12,95f51e857a45cd76f1766c14d6bed804857cd27b,windows10-64-shippable-qr,True,False,,,102210fe594ee9b33d82058545b1ed14f4c8206e,custom.jsdebugger.open.DAMP,damp,True,damp custom.jsdebugger.open.DAMP opt e10s fission stylo webrender,4768565,77,ms,firefox,,1718552240,2023-06-27T11:13:52,884.3525317371677,96efb14c1b2e225253f22aae7b217fdd48b4cb9f,1264423
autoland,4768729,12,95f51e857a45cd76f1766c14d6bed804857cd27b,windows10-64-shippable-qr,True,False,,,102210fe594ee9b33d82058545b1ed14f4c8206e,custom.jsdebugger.open.DAMP,damp,True,damp custom.jsdebugger.open.DAMP opt e10s fission stylo webrender,4768565,77,ms,firefox,,1718639257,2023-06-27T15:57:28,873.4459074767074,c041b113d5acbf06ba2e6161d9a1ef4fa5b3636b,1264575
autoland,4768729,12,95f51e857a45cd76f1766c14d6bed804857cd27b,windows10-64-shippable-qr,True,False,,,102210fe594ee9b33d82058545b1ed14f4c8206e,custom.jsdebugger.open.DAMP,damp,True,damp custom.jsdebugger.open.DAMP opt e10s fission stylo webrender,4768565,77,ms,firefox,,1718663203,2023-06-27T16:17:01,883.7717015207791,da38525a017e6dd411f2c2ccd84d286d86bdad8d,1264584
autoland,4768729,12,95f51e857a45cd76f1766c14d6bed804857cd27b,windows10-64-shippable-qr,True,False,,,102210fe594ee9b33d82058545b1ed14f4c8206e,custom.jsdebugger.open.DAMP,damp,True,damp custom.jsdebugger.open.DAMP opt e10s fission stylo webrender,4768565,77,ms,firefox,,1718781169,2023-06-27T20:57:27,880.81248297602,80adb872a3d1e32f459e5cf3bc77e47008da925f,1264834
autoland,4768729,12,95f51e857a45cd76f1766c14d6bed804857cd27b,windows10-64-shippable-qr,True,False,,,102210fe594ee9b33d82058545b1ed14f4c8206e,custom.jsdebugger.open.DAMP,damp,True,damp custom.jsdebugger.open.DAMP opt e10s fission stylo webrender,4768565,77,ms,firefox,,1718875086,2023-06-28T00:04:05,866.0660678086206,591e3233df273509a8c0d0ccd1cc32795ae584dc,1264952
autoland,4768729,12,95f51e857a45cd76f1766c14d6bed804857cd27b,windows10-64-shippable-qr,True,False,,,102210fe594ee9b33d82058545b1ed14f4c8206e,custom.jsdebugger.open.DAMP,damp,True,damp custom.jsdebugger.open.DAMP opt e10s fission stylo webrender,4768565,77,ms,firefox,,1718954707,2023-06-28T03:09:49,871.8065209147171,ecb2997338f1c9a2059192ce04d01243537176b9,1265035
autoland,4768729,12,95f51e857a45cd76f1766c14d6bed804857cd27b,windows10-64-shippable-qr,True,False,,,102210fe594ee9b33d82058545b1ed14f4c8206e,custom.jsdebugger.open.DAMP,damp,True,damp custom.jsdebugger.open.DAMP opt e10s fission stylo webrender,4768565,77,ms,firefox,,1719027068,2023-06-28T07:19:30,867.789711180536,51b6f36ff37d4b6906ec5cab830b1e283c6f7395,1265110
autoland,4768729,12,95f51e857a45cd76f1766c14d6bed804857cd27b,windows10-64-shippable-qr,True,False,,,102210fe594ee9b33d82058545b1ed14f4c8206e,custom.jsdebugger.open.DAMP,damp,True,damp custom.jsdebugger.open.DAMP opt e10s fission stylo webrender,4768565,77,ms,firefox,,1719123956,2023-06-28T11:29:09,872.6815806450468,3b7b3970a88459c11033effb61df89644e963bda,1265214
autoland,4768729,12,95f51e857a45cd76f1766c14d6bed804857cd27b,windows10-64-shippable-qr,True,False,,,102210fe594ee9b33d82058545b1ed14f4c8206e,custom.jsdebugger.open.DAMP,damp,True,damp custom.jsdebugger.open.DAMP opt e10s fission stylo webrender,4768565,77,ms,firefox,,1719201328,2023-06-28T14:16:43,868.9142878598068,c20ba5651ee046629ef49efd2e49f6214c3ae520,1265309
autoland,4768729,12,95f51e857a45cd76f1766c14d6bed804857cd27b,windows10-64-shippable-qr,True,False,,,102210fe594ee9b33d82058545b1ed14f4c8206e,custom.jsdebugger.open.DAMP,damp,True,damp custom.jsdebugger.open.DAMP opt e10s fission stylo webrender,4768565,77,ms,firefox,,1719325359,2023-06-28T17:34:48,870.7425059400266,0df511b69760b69959818e34e07aa74a0ad7061a,1265473
autoland,4768729,12,95f51e857a45cd76f1766c14d6bed804857cd27b,windows10-64-shippable-qr,True,False,,,102210fe594ee9b33d82058545b1ed14f4c8206e,custom.jsdebugger.open.DAMP,damp,True,damp custom.jsdebugger.open.DAMP opt e10s fission stylo webrender,4768565,77,ms,firefox,,1719448399,2023-06-28T21:47:35,875.5820164966572,d18ee9401610559d6724af1cf6a4ba7ca620f195,1265682
autoland,4768729,12,95f51e857a45cd76f1766c14d6bed804857cd27b,windows10-64-shippable-qr,True,False,,,102210fe594ee9b33d82058545b1ed14f4c8206e,custom.jsdebugger.open.DAMP,damp,True,damp custom.jsdebugger.open.DAMP opt e10s fission stylo webrender,4768565,77,ms,firefox,,1719530289,2023-06-29T02:28:53,867.6563852533582,bab00f4f94d567cf8ccf12e64f4e5cccc2ab6783,1265821
autoland,4768729,12,95f51e857a45cd76f1766c14d6bed804857cd27b,windows10-64-shippable-qr,True,False,,,102210fe594ee9b33d82058545b1ed14f4c8206e,custom.jsdebugger.open.DAMP,damp,True,damp custom.jsdebugger.open.DAMP opt e10s fission stylo webrender,4768565,77,ms,firefox,,1719705564,2023-06-29T08:54:52,881.6300575351315,046c4b8aaa8932f15825dc4decd3911bb048e7f5,1265934
autoland,4768729,12,95f51e857a45cd76f1766c14d6bed804857cd27b,windows10-64-shippable-qr,True,False,,,102210fe594ee9b33d82058545b1ed14f4c8206e,custom.jsdebugger.open.DAMP,damp,True,damp custom.jsdebugger.open.DAMP opt e10s fission stylo webrender,4768565,77,ms,firefox,,1719841639,2023-06-29T12:57:39,878.9868139587561,e784085dfb507c237319c40245ef0b32ddcf82b0,1266033
autoland,4768729,12,95f51e857a45cd76f1766c14d6bed804857cd27b,windows10-64-shippable-qr,True,False,,,102210fe594ee9b33d82058545b1ed14f4c8206e,custom.jsdebugger.open.DAMP,damp,True,damp custom.jsdebugger.open.DAMP opt e10s fission stylo webrender,4768565,77,ms,firefox,,1719893586,2023-06-29T15:22:27,879.2857864534162,573b87117fd3efdb12ffb05692f97323c07a9900,1266105
autoland,4768729,12,95f51e857a45cd76f1766c14d6bed804857cd27b,windows10-64-shippable-qr,True,False,,,102210fe594ee9b33d82058545b1ed14f4c8206e,custom.jsdebugger.open.DAMP,damp,True,damp custom.jsdebugger.open.DAMP opt e10s fission stylo webrender,4768565,77,ms,firefox,,1720004508,2023-06-29T19:36:56,871.4925031291859,c5ac7e957828eeda97a3af6fc706f41aa567e48e,1266292
autoland,4768729,12,95f51e857a45cd76f1766c14d6bed804857cd27b,windows10-64-shippable-qr,True,False,,,102210fe594ee9b33d82058545b1ed14f4c8206e,custom.jsdebugger.open.DAMP,damp,True,damp custom.jsdebugger.open.DAMP opt e10s fission stylo webrender,4768565,77,ms,firefox,,1720030567,2023-06-29T20:41:17,879.9375497492583,e37ddb3aa508e953837fbd08afec4a2aa6f7f5ed,1266342
autoland,4768729,12,95f51e857a45cd76f1766c14d6bed804857cd27b,windows10-64-shippable-qr,True,False,,,102210fe594ee9b33d82058545b1ed14f4c8206e,custom.jsdebugger.open.DAMP,damp,True,damp custom.jsdebugger.open.DAMP opt e10s fission stylo webrender,4768565,77,ms,firefox,,1720056836,2023-06-30T01:00:02,873.6396593631653,e547d8e238568d790c74653068edac30240a95c5,1266447
autoland,4768729,12,95f51e857a45cd76f1766c14d6bed804857cd27b,windows10-64-shippable-qr,True,False,,,102210fe594ee9b33d82058545b1ed14f4c8206e,custom.jsdebugger.open.DAMP,damp,True,damp custom.jsdebugger.open.DAMP opt e10s fission stylo webrender,4768565,77,ms,firefox,,1720168571,2023-06-30T08:19:33,875.343082959429,9bc27d87fa29fd921612525cc37e24f0ec3ba76b,1266526
autoland,4768729,12,95f51e857a45cd76f1766c14d6bed804857cd27b,windows10-64-shippable-qr,True,False,,,102210fe594ee9b33d82058545b1ed14f4c8206e,custom.jsdebugger.open.DAMP,damp,True,damp custom.jsdebugger.open.DAMP opt e10s fission stylo webrender,4768565,77,ms,firefox,,1720248901,2023-06-30T13:51:38,868.1762265145298,0abcd848f8218f0e2d339bbd497ac60f4a3b752c,1266633
autoland,4768729,12,95f51e857a45cd76f1766c14d6bed804857cd27b,windows10-64-shippable-qr,True,False,,,102210fe594ee9b33d82058545b1ed14f4c8206e,custom.jsdebugger.open.DAMP,damp,True,damp custom.jsdebugger.open.DAMP opt e10s fission stylo webrender,4768565,77,ms,firefox,,1720365117,2023-07-01T00:00:49,869.9022833101335,8ee32af33954493677c04d2dad76681d20d37c02,1266825
autoland,4768729,12,95f51e857a45cd76f1766c14d6bed804857cd27b,windows10-64-shippable-qr,True,False,,,102210fe594ee9b33d82058545b1ed14f4c8206e,custom.jsdebugger.open.DAMP,damp,True,damp custom.jsdebugger.open.DAMP opt e10s fission stylo webrender,4768565,77,ms,firefox,,1720390238,2023-07-01T02:26:01,869.1821003404038,81b43c5e095f0b0407b6d1a8d4a7f92bf7115e5e,1266845
autoland,4768729,12,95f51e857a45cd76f1766c14d6bed804857cd27b,windows10-64-shippable-qr,True,False,,,102210fe594ee9b33d82058545b1ed14f4c8206e,custom.jsdebugger.open.DAMP,damp,True,damp custom.jsdebugger.open.DAMP opt e10s fission stylo webrender,4768565,77,ms,firefox,,1720487522,2023-07-02T04:09:27,884.2081477617903,e8ccd4d6629a5cde6dd4011e79c55630beb87376,1266929
autoland,4768729,12,95f51e857a45cd76f1766c14d6bed804857cd27b,windows10-64-shippable-qr,True,False,,,102210fe594ee9b33d82058545b1ed14f4c8206e,custom.jsdebugger.open.DAMP,damp,True,damp custom.jsdebugger.open.DAMP opt e10s fission stylo webrender,4768565,77,ms,firefox,,1720555957,2023-07-02T10:13:29,872.2870831296532,93c2b16409e05c7d2b654d2b5356a2b7742b0d18,1266947
autoland,4768729,12,95f51e857a45cd76f1766c14d6bed804857cd27b,windows10-64-shippable-qr,True,False,,,102210fe594ee9b33d82058545b1ed14f4c8206e,custom.jsdebugger.open.DAMP,damp,True,damp custom.jsdebugger.open.DAMP opt e10s fission stylo webrender,4768565,77,ms,firefox,,1720583290,2023-07-02T16:18:34,872.9705596536296,8a50b880c83f70597cd2951c74b7e9420d4b55c7,1266959
autoland,4768729,12,95f51e857a45cd76f1766c14d6bed804857cd27b,windows10-64-shippable-qr,True,False,,,102210fe594ee9b33d82058545b1ed14f4c8206e,custom.jsdebugger.open.DAMP,damp,True,damp custom.jsdebugger.open.DAMP opt e10s fission stylo webrender,4768565,77,ms,firefox,,1720644794,2023-07-03T04:14:26,877.3457710670191,03b04345a888d738f358fc74595aabb1dfb2685c,1267009
autoland,4768729,12,95f51e857a45cd76f1766c14d6bed804857cd27b,windows10-64-shippable-qr,True,False,,,102210fe594ee9b33d82058545b1ed14f4c8206e,custom.jsdebugger.open.DAMP,damp,True,damp custom.jsdebugger.open.DAMP opt e10s fission stylo webrender,4768565,77,ms,firefox,,1720735973,2023-07-03T08:58:45,880.3320896299119,3463727761e55956f8308f38f71b1654b79497ca,1267059
autoland,4768729,12,95f51e857a45cd76f1766c14d6bed804857cd27b,windows10-64-shippable-qr,True,False,,,102210fe594ee9b33d82058545b1ed14f4c8206e,custom.jsdebugger.open.DAMP,damp,True,damp custom.jsdebugger.open.DAMP opt e10s fission stylo webrender,4768565,77,ms,firefox,,1720741425,2023-07-03T08:59:44,881.0256781346543,90c1c72030a4d515720d44706816256c0a1e30a8,1267060
autoland,4768729,12,95f51e857a45cd76f1766c14d6bed804857cd27b,windows10-64-shippable-qr,True,False,,,102210fe594ee9b33d82058545b1ed14f4c8206e,custom.jsdebugger.open.DAMP,damp,True,damp custom.jsdebugger.open.DAMP opt e10s fission stylo webrender,4768565,77,ms,firefox,,1720767151,2023-07-03T14:20:46,870.3172994576598,9d50665254899d8431813bdc04178e6006ce6d59,1267108
autoland,4768729,12,95f51e857a45cd76f1766c14d6bed804857cd27b,windows10-64-shippable-qr,True,False,,,102210fe594ee9b33d82058545b1ed14f4c8206e,custom.jsdebugger.open.DAMP,damp,True,damp custom.jsdebugger.open.DAMP opt e10s fission stylo webrender,4768565,77,ms,firefox,,1720842621,2023-07-04T00:08:48,866.0135482003534,a820608802f2194dfc19272bf19b7124a7349b79,1267203
autoland,4768729,12,95f51e857a45cd76f1766c14d6bed804857cd27b,windows10-64-shippable-qr,True,False,,,102210fe594ee9b33d82058545b1ed14f4c8206e,custom.jsdebugger.open.DAMP,damp,True,damp custom.jsdebugger.open.DAMP opt e10s fission stylo webrender,4768565,77,ms,firefox,,1720886922,2023-07-04T04:57:05,877.7542599231529,b2af19e5ff82fa8850262a0693f4941570a30474,1267245
autoland,4768729,12,95f51e857a45cd76f1766c14d6bed804857cd27b,windows10-64-shippable-qr,True,False,,,102210fe594ee9b33d82058545b1ed14f4c8206e,custom.jsdebugger.open.DAMP,damp,True,damp custom.jsdebugger.open.DAMP opt e10s fission stylo webrender,4768565,77,ms,firefox,,1720932420,2023-07-04T07:10:31,871.7822468225204,54bec48c8d6e571fdfbc0694895c371fd3fd08f9,1267272
autoland,4768729,12,95f51e857a45cd76f1766c14d6bed804857cd27b,windows10-64-shippable-qr,True,False,,,102210fe594ee9b33d82058545b1ed14f4c8206e,custom.jsdebugger.open.DAMP,damp,True,damp custom.jsdebugger.open.DAMP opt e10s fission stylo webrender,4768565,77,ms,firefox,,1721073855,2023-07-04T11:21:51,872.5215355770051,da13368ff947a55756c871582b1b13ffb6fa001d,1267342
autoland,4768729,12,95f51e857a45cd76f1766c14d6bed804857cd27b,windows10-64-shippable-qr,True,False,,,102210fe594ee9b33d82058545b1ed14f4c8206e,custom.jsdebugger.open.DAMP,damp,True,damp custom.jsdebugger.open.DAMP opt e10s fission stylo webrender,4768565,77,ms,firefox,,1721090284,2023-07-04T11:29:32,898.9985960957565,3aa1825bf09a37959e97ac4b5eaa3cc4b236b283,1267347
autoland,4768729,12,95f51e857a45cd76f1766c14d6bed804857cd27b,windows10-64-shippable-qr,True,False,,,102210fe594ee9b33d82058545b1ed14f4c8206e,custom.jsdebugger.open.DAMP,damp,True,damp custom.jsdebugger.open.DAMP opt e10s fission stylo webrender,4768565,77,ms,firefox,,1721166035,2023-07-04T15:22:25,903.5990546427347,cf717d6692eb6ff08bb1d0342645c7c6c1dcf8f7,1267503
autoland,4768729,12,95f51e857a45cd76f1766c14d6bed804857cd27b,windows10-64-shippable-qr,True,False,,,102210fe594ee9b33d82058545b1ed14f4c8206e,custom.jsdebugger.open.DAMP,damp,True,damp custom.jsdebugger.open.DAMP opt e10s fission stylo webrender,4768565,77,ms,firefox,,1721256822,2023-07-04T19:21:41,868.4940619977133,a8c47414f934fc13d47ba329f04089ab17eb2407,1267627
autoland,4768729,12,95f51e857a45cd76f1766c14d6bed804857cd27b,windows10-64-shippable-qr,True,False,,,102210fe594ee9b33d82058545b1ed14f4c8206e,custom.jsdebugger.open.DAMP,damp,True,damp custom.jsdebugger.open.DAMP opt e10s fission stylo webrender,4768565,77,ms,firefox,,1721388465,2023-07-04T23:33:38,874.3037659274705,3639b6891b332ea6c4ffea87bb2d1139c38b781d,1267723
autoland,4768729,12,95f51e857a45cd76f1766c14d6bed804857cd27b,windows10-64-shippable-qr,True,False,,,102210fe594ee9b33d82058545b1ed14f4c8206e,custom.jsdebugger.open.DAMP,damp,True,damp custom.jsdebugger.open.DAMP opt e10s fission stylo webrender,4768565,77,ms,firefox,,1721485346,2023-07-05T03:49:13,878.74630847558,243ab04b37e31315f3db16a95bf6535124d9edda,1267756
autoland,4768729,12,95f51e857a45cd76f1766c14d6bed804857cd27b,windows10-64-shippable-qr,True,False,,,102210fe594ee9b33d82058545b1ed14f4c8206e,custom.jsdebugger.open.DAMP,damp,True,damp custom.jsdebugger.open.DAMP opt e10s fission stylo webrender,4768565,77,ms,firefox,,1721553995,2023-07-05T07:58:23,871.0163873993297,9ab7ea679b12d7e209ada3534abf7baf704fe9d4,1267796
autoland,4768729,12,95f51e857a45cd76f1766c14d6bed804857cd27b,windows10-64-shippable-qr,True,False,,,102210fe594ee9b33d82058545b1ed14f4c8206e,custom.jsdebugger.open.DAMP,damp,True,damp custom.jsdebugger.open.DAMP opt e10s fission stylo webrender,4768565,77,ms,firefox,,1721650250,2023-07-05T09:46:48,881.1162292191948,e3f62ea4e59393fe53784906952e9a1417688db1,1267838
autoland,4768729,12,95f51e857a45cd76f1766c14d6bed804857cd27b,windows10-64-shippable-qr,True,False,,,102210fe594ee9b33d82058545b1ed14f4c8206e,custom.jsdebugger.open.DAMP,damp,True,damp custom.jsdebugger.open.DAMP opt e10s fission stylo webrender,4768565,77,ms,firefox,,1721736921,2023-07-05T14:18:53,870.6016175800323,cee4ab20ddeef57e9b72447e753e72ed2eb244cf,1267963
autoland,4768729,12,95f51e857a45cd76f1766c14d6bed804857cd27b,windows10-64-shippable-qr,True,False,,,102210fe594ee9b33d82058545b1ed14f4c8206e,custom.jsdebugger.open.DAMP,damp,True,damp custom.jsdebugger.open.DAMP opt e10s fission stylo webrender,4768565,77,ms,firefox,,1721760247,2023-07-05T14:38:06,876.8731083743187,4613dfbe6bc2e60b1159da46db2edee3018423e1,1267976
autoland,4768729,12,95f51e857a45cd76f1766c14d6bed804857cd27b,windows10-64-shippable-qr,True,False,,,102210fe594ee9b33d82058545b1ed14f4c8206e,custom.jsdebugger.open.DAMP,damp,True,damp custom.jsdebugger.open.DAMP opt e10s fission stylo webrender,4768565,77,ms,firefox,,1721855189,2023-07-05T18:29:49,854.1341049277908,674dc1b6026b9fc62707f0df292dfaf1ba6557f1,1268132
autoland,4768729,12,95f51e857a45cd76f1766c14d6bed804857cd27b,windows10-64-shippable-qr,True,False,,,102210fe594ee9b33d82058545b1ed14f4c8206e,custom.jsdebugger.open.DAMP,damp,True,damp custom.jsdebugger.open.DAMP opt e10s fission stylo webrender,4768565,77,ms,firefox,,1721943134,2023-07-05T21:03:11,853.6568923574596,712427656ebd8d82b78a42d8e45b973aa7c220d7,1268236
autoland,4768729,12,95f51e857a45cd76f1766c14d6bed804857cd27b,windows10-64-shippable-qr,True,False,,,102210fe594ee9b33d82058545b1ed14f4c8206e,custom.jsdebugger.open.DAMP,damp,True,damp custom.jsdebugger.open.DAMP opt e10s fission stylo webrender,4768565,77,ms,firefox,,1722026802,2023-07-06T01:07:34,859.5671759015822,a0647e42fb1f509d753d2baacd7858b3ee9a8821,1268349
autoland,4768729,12,95f51e857a45cd76f1766c14d6bed804857cd27b,windows10-64-shippable-qr,True,False,,,102210fe594ee9b33d82058545b1ed14f4c8206e,custom.jsdebugger.open.DAMP,damp,True,damp custom.jsdebugger.open.DAMP opt e10s fission stylo webrender,4768565,77,ms,firefox,,1722221727,2023-07-06T11:48:20,851.5339506910532,becc2fa2c186914b1a887e40e6f0e9a6643273eb,1268565
autoland,4768729,12,95f51e857a45cd76f1766c14d6bed804857cd27b,windows10-64-shippable-qr,True,False,,,102210fe594ee9b33d82058545b1ed14f4c8206e,custom.jsdebugger.open.DAMP,damp,True,damp custom.jsdebugger.open.DAMP opt e10s fission stylo webrender,4768565,77,ms,firefox,,1722232469,2023-07-06T12:38:53,864.0755357400067,5b919b11b30bcc659d499c9290a54c3f91d96bd2,1268598
autoland,4768729,12,95f51e857a45cd76f1766c14d6bed804857cd27b,windows10-64-shippable-qr,True,False,,,102210fe594ee9b33d82058545b1ed14f4c8206e,custom.jsdebugger.open.DAMP,damp,True,damp custom.jsdebugger.open.DAMP opt e10s fission stylo webrender,4768565,77,ms,firefox,,1722405959,2023-07-06T16:43:39,867.2052333182,433f58fbe4180052220b584f15de1d1d6fda065a,1268777
autoland,4768729,12,95f51e857a45cd76f1766c14d6bed804857cd27b,windows10-64-shippable-qr,True,False,,,102210fe594ee9b33d82058545b1ed14f4c8206e,custom.jsdebugger.open.DAMP,damp,True,damp custom.jsdebugger.open.DAMP opt e10s fission stylo webrender,4768565,77,ms,firefox,,1722468543,2023-07-06T18:39:07,862.5986963817122,08f072ae172f3d48b0361ca0d34ead8a0b254e60,1268845
autoland,4768729,12,95f51e857a45cd76f1766c14d6bed804857cd27b,windows10-64-shippable-qr,True,False,,,102210fe594ee9b33d82058545b1ed14f4c8206e,custom.jsdebugger.open.DAMP,damp,True,damp custom.jsdebugger.open.DAMP opt e10s fission stylo webrender,4768565,77,ms,firefox,,1722537944,2023-07-06T20:44:41,884.6406038587174,2c6190b6ecb6ab8933a296c08e753c060a3c2e9b,1268939
autoland,4768729,12,95f51e857a45cd76f1766c14d6bed804857cd27b,windows10-64-shippable-qr,True,False,,,102210fe594ee9b33d82058545b1ed14f4c8206e,custom.jsdebugger.open.DAMP,damp,True,damp custom.jsdebugger.open.DAMP opt e10s fission stylo webrender,4768565,77,ms,firefox,,1722649761,2023-07-07T00:51:02,867.5278280580824,acd3d81337398ace5cd75f251f18da388ed281fa,1269038
autoland,4768729,12,95f51e857a45cd76f1766c14d6bed804857cd27b,windows10-64-shippable-qr,True,False,,,102210fe594ee9b33d82058545b1ed14f4c8206e,custom.jsdebugger.open.DAMP,damp,True,damp custom.jsdebugger.open.DAMP opt e10s fission stylo webrender,4768565,77,ms,firefox,,1722675783,2023-07-07T01:49:15,858.3849941597728,013763c5f493c6232cfa8502e7bcec4b151d9161,1269055
autoland,4768729,12,95f51e857a45cd76f1766c14d6bed804857cd27b,windows10-64-shippable-qr,True,False,,,102210fe594ee9b33d82058545b1ed14f4c8206e,custom.jsdebugger.open.DAMP,damp,True,damp custom.jsdebugger.open.DAMP opt e10s fission stylo webrender,4768565,77,ms,firefox,,1722718772,2023-07-07T06:17:26,866.5662578634556,e4d87ff75575880ea0c0fa09b316e360e4d9492f,1269097
autoland,4768729,12,95f51e857a45cd76f1766c14d6bed804857cd27b,windows10-64-shippable-qr,True,False,,,102210fe594ee9b33d82058545b1ed14f4c8206e,custom.jsdebugger.open.DAMP,damp,True,damp custom.jsdebugger.open.DAMP opt e10s fission stylo webrender,4768565,77,ms,firefox,,1722830468,2023-07-07T10:08:37,869.6691458823188,3a88b97290a0fe46c6fbfcf6dacd91c6b6900aeb,1269195
autoland,4768729,12,95f51e857a45cd76f1766c14d6bed804857cd27b,windows10-64-shippable-qr,True,False,,,102210fe594ee9b33d82058545b1ed14f4c8206e,custom.jsdebugger.open.DAMP,damp,True,damp custom.jsdebugger.open.DAMP opt e10s fission stylo webrender,4768565,77,ms,firefox,,1722919755,2023-07-07T14:06:48,872.5610867512733,fb62b8660fcaa40ecb0be50aa61ba8005dcbba27,1269286
autoland,4768729,12,95f51e857a45cd76f1766c14d6bed804857cd27b,windows10-64-shippable-qr,True,False,,,102210fe594ee9b33d82058545b1ed14f4c8206e,custom.jsdebugger.open.DAMP,damp,True,damp custom.jsdebugger.open.DAMP opt e10s fission stylo webrender,4768565,77,ms,firefox,,1722971820,2023-07-07T16:51:44,868.1354108675587,43977d30a10af8e193044a9aa578f2bc8b33edf7,1269420
autoland,4768729,12,95f51e857a45cd76f1766c14d6bed804857cd27b,windows10-64-shippable-qr,True,False,,,102210fe594ee9b33d82058545b1ed14f4c8206e,custom.jsdebugger.open.DAMP,damp,True,damp custom.jsdebugger.open.DAMP opt e10s fission stylo webrender,4768565,77,ms,firefox,,1723217339,2023-07-08T02:51:52,855.7047942014324,d2be18e8ce8cd63eaddb8f012d582a2863075164,1269678
autoland,4768729,12,95f51e857a45cd76f1766c14d6bed804857cd27b,windows10-64-shippable-qr,True,False,,,102210fe594ee9b33d82058545b1ed14f4c8206e,custom.jsdebugger.open.DAMP,damp,True,damp custom.jsdebugger.open.DAMP opt e10s fission stylo webrender,4768565,77,ms,firefox,,1723251177,2023-07-08T06:55:09,864.3374774592085,ef7d9ea0c3f751e7c525a136923c9c404c297b1f,1269687
autoland,4768729,12,95f51e857a45cd76f1766c14d6bed804857cd27b,windows10-64-shippable-qr,True,False,,,102210fe594ee9b33d82058545b1ed14f4c8206e,custom.jsdebugger.open.DAMP,damp,True,damp custom.jsdebugger.open.DAMP opt e10s fission stylo webrender,4768565,77,ms,firefox,,1723375435,2023-07-08T13:13:32,866.986006701045,ee68eebc7bfd59157569f7de331974b06e765482,1269721
autoland,4768729,12,95f51e857a45cd76f1766c14d6bed804857cd27b,windows10-64-shippable-qr,True,False,,,102210fe594ee9b33d82058545b1ed14f4c8206e,custom.jsdebugger.open.DAMP,damp,True,damp custom.jsdebugger.open.DAMP opt e10s fission stylo webrender,4768565,77,ms,firefox,,1723362980,2023-07-08T13:22:34,854.0613512009731,3809d32977a2db97fd06c8fd3214256dc18af9a0,1269723
autoland,4768729,12,95f51e857a45cd76f1766c14d6bed804857cd27b,windows10-64-shippable-qr,True,False,,,102210fe594ee9b33d82058545b1ed14f4c8206e,custom.jsdebugger.open.DAMP,damp,True,damp custom.jsdebugger.open.DAMP opt e10s fission stylo webrender,4768565,77,ms,firefox,,1723436963,2023-07-08T18:13:28,859.6260558714566,3b3b41fc7f1dad97415448fb4652eb636903a02a,1269751
autoland,4768729,12,95f51e857a45cd76f1766c14d6bed804857cd27b,windows10-64-shippable-qr,True,False,,,102210fe594ee9b33d82058545b1ed14f4c8206e,custom.jsdebugger.open.DAMP,damp,True,damp custom.jsdebugger.open.DAMP opt e10s fission stylo webrender,4768565,77,ms,firefox,,1723481541,2023-07-08T22:36:06,855.8237751515262,47c72d2828f6f406fbe77758e1ae8cd7837af977,1269766
autoland,4768729,12,95f51e857a45cd76f1766c14d6bed804857cd27b,windows10-64-shippable-qr,True,False,,,102210fe594ee9b33d82058545b1ed14f4c8206e,custom.jsdebugger.open.DAMP,damp,True,damp custom.jsdebugger.open.DAMP opt e10s fission stylo webrender,4768565,77,ms,firefox,,1723518840,2023-07-09T03:04:33,860.781155386605,2ac0f03815253b96c145a52b1762ed04c50f079d,1269805
autoland,4768729,12,95f51e857a45cd76f1766c14d6bed804857cd27b,windows10-64-shippable-qr,True,False,,,102210fe594ee9b33d82058545b1ed14f4c8206e,custom.jsdebugger.open.DAMP,damp,True,damp custom.jsdebugger.open.DAMP opt e10s fission stylo webrender,4768565,77,ms,firefox,,1723586683,2023-07-09T11:37:17,866.6651079108487,60d4eb46c8b40ab0cd000c9ef298c63c45539be7,1269836
autoland,4768729,12,95f51e857a45cd76f1766c14d6bed804857cd27b,windows10-64-shippable-qr,True,False,,,102210fe594ee9b33d82058545b1ed14f4c8206e,custom.jsdebugger.open.DAMP,damp,True,damp custom.jsdebugger.open.DAMP opt e10s fission stylo webrender,4768565,77,ms,firefox,,1723636525,2023-07-09T16:14:27,859.9055805183598,38657e8c266f862cee349b298d0679f6617a8a63,1269855
autoland,4768729,12,95f51e857a45cd76f1766c14d6bed804857cd27b,windows10-64-shippable-qr,True,False,,,102210fe594ee9b33d82058545b1ed14f4c8206e,custom.jsdebugger.open.DAMP,damp,True,damp custom.jsdebugger.open.DAMP opt e10s fission stylo webrender,4768565,77,ms,firefox,,1723666133,2023-07-09T17:38:49,865.8401841836458,91d2d276f13316b73f0fed743d543009fcfade03,1269870
autoland,4768729,12,95f51e857a45cd76f1766c14d6bed804857cd27b,windows10-64-shippable-qr,True,False,,,102210fe594ee9b33d82058545b1ed14f4c8206e,custom.jsdebugger.open.DAMP,damp,True,damp custom.jsdebugger.open.DAMP opt e10s fission stylo webrender,4768565,77,ms,firefox,,1723723350,2023-07-09T22:03:27,867.616790593398,5497748101b60ab9149d6616e70cabc4c11c6cb5,1269918
autoland,4768729,12,95f51e857a45cd76f1766c14d6bed804857cd27b,windows10-64-shippable-qr,True,False,,,102210fe594ee9b33d82058545b1ed14f4c8206e,custom.jsdebugger.open.DAMP,damp,True,damp custom.jsdebugger.open.DAMP opt e10s fission stylo webrender,4768565,77,ms,firefox,,1723841011,2023-07-10T02:33:11,857.6478844490484,aaa3698312c56a08a7b405178ee462fe3c2a30e7,1269963
autoland,4768729,12,95f51e857a45cd76f1766c14d6bed804857cd27b,windows10-64-shippable-qr,True,False,,,102210fe594ee9b33d82058545b1ed14f4c8206e,custom.jsdebugger.open.DAMP,damp,True,damp custom.jsdebugger.open.DAMP opt e10s fission stylo webrender,4768565,77,ms,firefox,,1723973361,2023-07-10T08:51:48,865.0059784502519,7313b6429e48b58bd38ab3be47999be475f2ba6b,1270053
autoland,4768729,12,95f51e857a45cd76f1766c14d6bed804857cd27b,windows10-64-shippable-qr,True,False,,,102210fe594ee9b33d82058545b1ed14f4c8206e,custom.jsdebugger.open.DAMP,damp,True,damp custom.jsdebugger.open.DAMP opt e10s fission stylo webrender,4768565,77,ms,firefox,,1724020511,2023-07-10T13:07:04,867.3737160317687,70fb59178ff21c468afeb592869c28371401db6a,1270176
autoland,4768729,12,95f51e857a45cd76f1766c14d6bed804857cd27b,windows10-64-shippable-qr,True,False,,,102210fe594ee9b33d82058545b1ed14f4c8206e,custom.jsdebugger.open.DAMP,damp,True,damp custom.jsdebugger.open.DAMP opt e10s fission stylo webrender,4768565,77,ms,firefox,,1724084725,2023-07-10T14:01:57,863.8818602558604,e31033710cfe590d9e7deda75757f71ddef34207,1270199
autoland,4768729,12,95f51e857a45cd76f1766c14d6bed804857cd27b,windows10-64-shippable-qr,True,False,,,102210fe594ee9b33d82058545b1ed14f4c8206e,custom.jsdebugger.open.DAMP,damp,True,damp custom.jsdebugger.open.DAMP opt e10s fission stylo webrender,4768565,77,ms,firefox,,1724222234,2023-07-10T18:14:55,866.6732544034021,1c909f267af625b4c370b6735113e1cafc94bbad,1270330
autoland,4768729,12,95f51e857a45cd76f1766c14d6bed804857cd27b,windows10-64-shippable-qr,True,False,,,102210fe594ee9b33d82058545b1ed14f4c8206e,custom.jsdebugger.open.DAMP,damp,True,damp custom.jsdebugger.open.DAMP opt e10s fission stylo webrender,4768565,77,ms,firefox,,1724807963,2023-07-10T18:33:19,869.9475404710538,96f24646390be39f604f0815e8fdc2560d4608be,1270340
autoland,4768729,12,95f51e857a45cd76f1766c14d6bed804857cd27b,windows10-64-shippable-qr,True,False,,,102210fe594ee9b33d82058545b1ed14f4c8206e,custom.jsdebugger.open.DAMP,damp,True,damp custom.jsdebugger.open.DAMP opt e10s fission stylo webrender,4768565,77,ms,firefox,,1724843332,2023-07-10T18:34:26,859.6986161656678,7826f701a72ebf9e97463b7d2d061860cce94537,1270342
autoland,4768729,12,95f51e857a45cd76f1766c14d6bed804857cd27b,windows10-64-shippable-qr,True,False,,,102210fe594ee9b33d82058545b1ed14f4c8206e,custom.jsdebugger.open.DAMP,damp,True,damp custom.jsdebugger.open.DAMP opt e10s fission stylo webrender,4768565,77,ms,firefox,,1724841547,2023-07-10T18:58:07,867.677161416912,47602500128ec79f3dca2fa97acd456e327f95e0,1270354
autoland,4768729,12,95f51e857a45cd76f1766c14d6bed804857cd27b,windows10-64-shippable-qr,True,False,,,102210fe594ee9b33d82058545b1ed14f4c8206e,custom.jsdebugger.open.DAMP,damp,True,damp custom.jsdebugger.open.DAMP opt e10s fission stylo webrender,4768565,77,ms,firefox,,1724850694,2023-07-10T18:58:07,855.419246008445,47602500128ec79f3dca2fa97acd456e327f95e0,1270354
autoland,4768729,12,95f51e857a45cd76f1766c14d6bed804857cd27b,windows10-64-shippable-qr,True,False,,,102210fe594ee9b33d82058545b1ed14f4c8206e,custom.jsdebugger.open.DAMP,damp,True,damp custom.jsdebugger.open.DAMP opt e10s fission stylo webrender,4768565,77,ms,firefox,,1724842715,2023-07-10T19:00:21,859.2924078449578,c1d366824c2e549c4ee43f30c1da386287b6c070,1270356
autoland,4768729,12,95f51e857a45cd76f1766c14d6bed804857cd27b,windows10-64-shippable-qr,True,False,,,102210fe594ee9b33d82058545b1ed14f4c8206e,custom.jsdebugger.open.DAMP,damp,True,damp custom.jsdebugger.open.DAMP opt e10s fission stylo webrender,4768565,77,ms,firefox,,1724851303,2023-07-10T19:00:21,858.615223610992,c1d366824c2e549c4ee43f30c1da386287b6c070,1270356
autoland,4768729,12,95f51e857a45cd76f1766c14d6bed804857cd27b,windows10-64-shippable-qr,True,False,,,102210fe594ee9b33d82058545b1ed14f4c8206e,custom.jsdebugger.open.DAMP,damp,True,damp custom.jsdebugger.open.DAMP opt e10s fission stylo webrender,4768565,77,ms,firefox,,1724845686,2023-07-10T19:00:21,855.5204513245117,c1d366824c2e549c4ee43f30c1da386287b6c070,1270356
autoland,4768729,12,95f51e857a45cd76f1766c14d6bed804857cd27b,windows10-64-shippable-qr,True,False,,,102210fe594ee9b33d82058545b1ed14f4c8206e,custom.jsdebugger.open.DAMP,damp,True,damp custom.jsdebugger.open.DAMP opt e10s fission stylo webrender,4768565,77,ms,firefox,,1724841251,2023-07-10T19:23:08,866.4310560867598,5de77b7d64a7e7ca0f5f25334caac30562249038,1270373
autoland,4768729,12,95f51e857a45cd76f1766c14d6bed804857cd27b,windows10-64-shippable-qr,True,False,,,102210fe594ee9b33d82058545b1ed14f4c8206e,custom.jsdebugger.open.DAMP,damp,True,damp custom.jsdebugger.open.DAMP opt e10s fission stylo webrender,4768565,77,ms,firefox,,1724843216,2023-07-10T19:23:08,854.5945848158617,5de77b7d64a7e7ca0f5f25334caac30562249038,1270373
autoland,4768729,12,95f51e857a45cd76f1766c14d6bed804857cd27b,windows10-64-shippable-qr,True,False,,,102210fe594ee9b33d82058545b1ed14f4c8206e,custom.jsdebugger.open.DAMP,damp,True,damp custom.jsdebugger.open.DAMP opt e10s fission stylo webrender,4768565,77,ms,firefox,,1724846730,2023-07-10T19:42:14,855.6321394169863,f93f1556ce9db07af6a472c4509d2775493c36ee,1270381
autoland,4768729,12,95f51e857a45cd76f1766c14d6bed804857cd27b,windows10-64-shippable-qr,True,False,,,102210fe594ee9b33d82058545b1ed14f4c8206e,custom.jsdebugger.open.DAMP,damp,True,damp custom.jsdebugger.open.DAMP opt e10s fission stylo webrender,4768565,77,ms,firefox,,1724850342,2023-07-10T19:42:14,858.4082531683671,f93f1556ce9db07af6a472c4509d2775493c36ee,1270381
autoland,4768729,12,95f51e857a45cd76f1766c14d6bed804857cd27b,windows10-64-shippable-qr,True,False,,,102210fe594ee9b33d82058545b1ed14f4c8206e,custom.jsdebugger.open.DAMP,damp,True,damp custom.jsdebugger.open.DAMP opt e10s fission stylo webrender,4768565,77,ms,firefox,,1724851071,2023-07-10T19:42:14,861.2247656490072,f93f1556ce9db07af6a472c4509d2775493c36ee,1270381
autoland,4768729,12,95f51e857a45cd76f1766c14d6bed804857cd27b,windows10-64-shippable-qr,True,False,,,102210fe594ee9b33d82058545b1ed14f4c8206e,custom.jsdebugger.open.DAMP,damp,True,damp custom.jsdebugger.open.DAMP opt e10s fission stylo webrender,4768565,77,ms,firefox,,1724277706,2023-07-10T19:48:56,858.7753832836388,923b28f88778b9de2f2a694c75dcb313148c0fc5,1270385
autoland,4768729,12,95f51e857a45cd76f1766c14d6bed804857cd27b,windows10-64-shippable-qr,True,False,,,102210fe594ee9b33d82058545b1ed14f4c8206e,custom.jsdebugger.open.DAMP,damp,True,damp custom.jsdebugger.open.DAMP opt e10s fission stylo webrender,4768565,77,ms,firefox,,1724361928,2023-07-11T01:42:54,864.3882290336915,b6a3e16c65e1298418f1aaf966dd3071d644075b,1270560
autoland,4768729,12,95f51e857a45cd76f1766c14d6bed804857cd27b,windows10-64-shippable-qr,True,False,,,102210fe594ee9b33d82058545b1ed14f4c8206e,custom.jsdebugger.open.DAMP,damp,True,damp custom.jsdebugger.open.DAMP opt e10s fission stylo webrender,4768565,77,ms,firefox,,1724488599,2023-07-11T01:42:54,864.6606878811872,b6a3e16c65e1298418f1aaf966dd3071d644075b,1270560
autoland,4768729,12,95f51e857a45cd76f1766c14d6bed804857cd27b,windows10-64-shippable-qr,True,False,,,102210fe594ee9b33d82058545b1ed14f4c8206e,custom.jsdebugger.open.DAMP,damp,True,damp custom.jsdebugger.open.DAMP opt e10s fission stylo webrender,4768565,77,ms,firefox,,1724604905,2023-07-11T01:43:55,853.7539517886471,7acd1dc8fd79e34da1895d70980746711a54f74a,1270561
autoland,4768729,12,95f51e857a45cd76f1766c14d6bed804857cd27b,windows10-64-shippable-qr,True,False,,,102210fe594ee9b33d82058545b1ed14f4c8206e,custom.jsdebugger.open.DAMP,damp,True,damp custom.jsdebugger.open.DAMP opt e10s fission stylo webrender,4768565,77,ms,firefox,,1724542224,2023-07-11T01:44:48,864.5024052090157,d84c741b63f85fa0b24f5e6b86f209b9b40d6c5c,1270562
autoland,4768729,12,95f51e857a45cd76f1766c14d6bed804857cd27b,windows10-64-shippable-qr,True,False,,,102210fe594ee9b33d82058545b1ed14f4c8206e,custom.jsdebugger.open.DAMP,damp,True,damp custom.jsdebugger.open.DAMP opt e10s fission stylo webrender,4768565,77,ms,firefox,,1724541422,2023-07-11T01:46:35,869.687949174011,838d0c98acb16e9f14ac2354fbc4a08e45a12ba3,1270563
autoland,4768729,12,95f51e857a45cd76f1766c14d6bed804857cd27b,windows10-64-shippable-qr,True,False,,,102210fe594ee9b33d82058545b1ed14f4c8206e,custom.jsdebugger.open.DAMP,damp,True,damp custom.jsdebugger.open.DAMP opt e10s fission stylo webrender,4768565,77,ms,firefox,,1724540242,2023-07-11T02:18:08,864.5313546932666,e8eddc11dba333ae15a7213542b5aab46a679e24,1270573
autoland,4768729,12,95f51e857a45cd76f1766c14d6bed804857cd27b,windows10-64-shippable-qr,True,False,,,102210fe594ee9b33d82058545b1ed14f4c8206e,custom.jsdebugger.open.DAMP,damp,True,damp custom.jsdebugger.open.DAMP opt e10s fission stylo webrender,4768565,77,ms,firefox,,1724541267,2023-07-11T02:19:05,861.3800723421882,88c7c7afa4ad67d77150ae9e3215b224b0cd6c86,1270575
autoland,4768729,12,95f51e857a45cd76f1766c14d6bed804857cd27b,windows10-64-shippable-qr,True,False,,,102210fe594ee9b33d82058545b1ed14f4c8206e,custom.jsdebugger.open.DAMP,damp,True,damp custom.jsdebugger.open.DAMP opt e10s fission stylo webrender,4768565,77,ms,firefox,,1724587506,2023-07-11T02:20:04,866.3517064309335,1098fbc31aff706fe1200320852c60e564a648e7,1270576
autoland,4768729,12,95f51e857a45cd76f1766c14d6bed804857cd27b,windows10-64-shippable-qr,True,False,,,102210fe594ee9b33d82058545b1ed14f4c8206e,custom.jsdebugger.open.DAMP,damp,True,damp custom.jsdebugger.open.DAMP opt e10s fission stylo webrender,4768565,77,ms,firefox,,1724540316,2023-07-11T02:20:56,864.8393939962916,fb59ad8028218843ff7b9c9ad3ba85f4878101f4,1270577
autoland,4768729,12,95f51e857a45cd76f1766c14d6bed804857cd27b,windows10-64-shippable-qr,True,False,,,102210fe594ee9b33d82058545b1ed14f4c8206e,custom.jsdebugger.open.DAMP,damp,True,damp custom.jsdebugger.open.DAMP opt e10s fission stylo webrender,4768565,77,ms,firefox,,1724540124,2023-07-11T02:21:45,863.985594360609,210224ca73948950276b7a08fbe6f9bd8162b325,1270578
autoland,4768729,12,95f51e857a45cd76f1766c14d6bed804857cd27b,windows10-64-shippable-qr,True,False,,,102210fe594ee9b33d82058545b1ed14f4c8206e,custom.jsdebugger.open.DAMP,damp,True,damp custom.jsdebugger.open.DAMP opt e10s fission stylo webrender,4768565,77,ms,firefox,,1724511483,2023-07-11T02:58:54,873.024788322029,590df3705e5ec5b95a2ec1c384a3fec63a0bee3b,1270586
autoland,4768729,12,95f51e857a45cd76f1766c14d6bed804857cd27b,windows10-64-shippable-qr,True,False,,,102210fe594ee9b33d82058545b1ed14f4c8206e,custom.jsdebugger.open.DAMP,damp,True,damp custom.jsdebugger.open.DAMP opt e10s fission stylo webrender,4768565,77,ms,firefox,,1724540423,2023-07-11T02:59:44,864.5192549908243,03b2eccaf86fbc9cb989ec3d9dfce6e12e827a7e,1270587
autoland,4768729,12,95f51e857a45cd76f1766c14d6bed804857cd27b,windows10-64-shippable-qr,True,False,,,102210fe594ee9b33d82058545b1ed14f4c8206e,custom.jsdebugger.open.DAMP,damp,True,damp custom.jsdebugger.open.DAMP opt e10s fission stylo webrender,4768565,77,ms,firefox,,1724542403,2023-07-11T03:00:36,864.9369830507567,2156bbbd6a6d095bdf5575f46dd1a48536c26190,1270588
autoland,4768729,12,95f51e857a45cd76f1766c14d6bed804857cd27b,windows10-64-shippable-qr,True,False,,,102210fe594ee9b33d82058545b1ed14f4c8206e,custom.jsdebugger.open.DAMP,damp,True,damp custom.jsdebugger.open.DAMP opt e10s fission stylo webrender,4768565,77,ms,firefox,,1724540371,2023-07-11T03:01:35,869.1206076291128,bb4b5b52c05e3dcf311518b4a7b7cc3056560e0e,1270589
autoland,4768729,12,95f51e857a45cd76f1766c14d6bed804857cd27b,windows10-64-shippable-qr,True,False,,,102210fe594ee9b33d82058545b1ed14f4c8206e,custom.jsdebugger.open.DAMP,damp,True,damp custom.jsdebugger.open.DAMP opt e10s fission stylo webrender,4768565,77,ms,firefox,,1724527353,2023-07-11T08:55:46,862.8747712639743,6f3d3f416c953a7c5f64b907c4afb5906a1868a3,1270644
autoland,4768729,12,95f51e857a45cd76f1766c14d6bed804857cd27b,windows10-64-shippable-qr,True,False,,,102210fe594ee9b33d82058545b1ed14f4c8206e,custom.jsdebugger.open.DAMP,damp,True,damp custom.jsdebugger.open.DAMP opt e10s fission stylo webrender,4768565,77,ms,firefox,,1724539938,2023-07-11T08:55:46,887.6857834983748,6f3d3f416c953a7c5f64b907c4afb5906a1868a3,1270644
autoland,4768729,12,95f51e857a45cd76f1766c14d6bed804857cd27b,windows10-64-shippable-qr,True,False,,,102210fe594ee9b33d82058545b1ed14f4c8206e,custom.jsdebugger.open.DAMP,damp,True,damp custom.jsdebugger.open.DAMP opt e10s fission stylo webrender,4768565,77,ms,firefox,,1724635526,2023-07-11T13:33:02,871.1950312814733,0c47c1159e0a060ee709f9f8f854bfad27f86c85,1270792
autoland,4768729,12,95f51e857a45cd76f1766c14d6bed804857cd27b,windows10-64-shippable-qr,True,False,,,102210fe594ee9b33d82058545b1ed14f4c8206e,custom.jsdebugger.open.DAMP,damp,True,damp custom.jsdebugger.open.DAMP opt e10s fission stylo webrender,4768565,77,ms,firefox,,1724650300,2023-07-11T14:06:52,867.4095560379037,3100a08eeee126bc592700ba015d42a4eeabd552,1270802
autoland,4768729,12,95f51e857a45cd76f1766c14d6bed804857cd27b,windows10-64-shippable-qr,True,False,,,102210fe594ee9b33d82058545b1ed14f4c8206e,custom.jsdebugger.open.DAMP,damp,True,damp custom.jsdebugger.open.DAMP opt e10s fission stylo webrender,4768565,77,ms,firefox,,1724814138,2023-07-11T18:36:01,863.6214690731285,87db7bb709335405232188624e8b3fa9990fd678,1270977
autoland,4768729,12,95f51e857a45cd76f1766c14d6bed804857cd27b,windows10-64-shippable-qr,True,False,,,102210fe594ee9b33d82058545b1ed14f4c8206e,custom.jsdebugger.open.DAMP,damp,True,damp custom.jsdebugger.open.DAMP opt e10s fission stylo webrender,4768565,77,ms,firefox,,1726253622,2023-07-11T19:48:28,865.3530223535754,500b5babd3f3df495489af905f09cd12f736f7dc,1271029
autoland,4768729,12,95f51e857a45cd76f1766c14d6bed804857cd27b,windows10-64-shippable-qr,True,False,,,102210fe594ee9b33d82058545b1ed14f4c8206e,custom.jsdebugger.open.DAMP,damp,True,damp custom.jsdebugger.open.DAMP opt e10s fission stylo webrender,4768565,77,ms,firefox,,1726261931,2023-07-11T20:22:06,868.8765538375592,4fd18468fd13158ed8e78d7d0efb553f43cdbb55,1271051
autoland,4768729,12,95f51e857a45cd76f1766c14d6bed804857cd27b,windows10-64-shippable-qr,True,False,,,102210fe594ee9b33d82058545b1ed14f4c8206e,custom.jsdebugger.open.DAMP,damp,True,damp custom.jsdebugger.open.DAMP opt e10s fission stylo webrender,4768565,77,ms,firefox,,1726282987,2023-07-11T20:32:14,875.1829972396372,cd0a6505611343d41fa607289907868fdc14f274,1271059
autoland,4768729,12,95f51e857a45cd76f1766c14d6bed804857cd27b,windows10-64-shippable-qr,True,False,,,102210fe594ee9b33d82058545b1ed14f4c8206e,custom.jsdebugger.open.DAMP,damp,True,damp custom.jsdebugger.open.DAMP opt e10s fission stylo webrender,4768565,77,ms,firefox,,1726252910,2023-07-11T20:33:19,867.5649429887562,5885b3e8a8310133be28bb932d49b2740e7350f5,1271061
autoland,4768729,12,95f51e857a45cd76f1766c14d6bed804857cd27b,windows10-64-shippable-qr,True,False,,,102210fe594ee9b33d82058545b1ed14f4c8206e,custom.jsdebugger.open.DAMP,damp,True,damp custom.jsdebugger.open.DAMP opt e10s fission stylo webrender,4768565,77,ms,firefox,,1726282535,2023-07-11T20:55:23,863.7858053972013,d424b425d8848f743ee3175d933c57478b7ceb3c,1271074
autoland,4768729,12,95f51e857a45cd76f1766c14d6bed804857cd27b,windows10-64-shippable-qr,True,False,,,102210fe594ee9b33d82058545b1ed14f4c8206e,custom.jsdebugger.open.DAMP,damp,True,damp custom.jsdebugger.open.DAMP opt e10s fission stylo webrender,4768565,77,ms,firefox,,1726281159,2023-07-11T20:57:58,866.2949774856579,3a5e789acb24271502d8a9c99c080c47c884ab7a,1271077
autoland,4768729,12,95f51e857a45cd76f1766c14d6bed804857cd27b,windows10-64-shippable-qr,True,False,,,102210fe594ee9b33d82058545b1ed14f4c8206e,custom.jsdebugger.open.DAMP,damp,True,damp custom.jsdebugger.open.DAMP opt e10s fission stylo webrender,4768565,77,ms,firefox,,1726283967,2023-07-11T21:12:36,864.6748070018275,1edbe0b27dfe83c51decd015aad59df292e07603,1271091
autoland,4768729,12,95f51e857a45cd76f1766c14d6bed804857cd27b,windows10-64-shippable-qr,True,False,,,102210fe594ee9b33d82058545b1ed14f4c8206e,custom.jsdebugger.open.DAMP,damp,True,damp custom.jsdebugger.open.DAMP opt e10s fission stylo webrender,4768565,77,ms,firefox,,1726282394,2023-07-11T21:13:28,863.2000152917317,02707d43380b932c2bcff8dde8eb848655b11c4f,1271093
autoland,4768729,12,95f51e857a45cd76f1766c14d6bed804857cd27b,windows10-64-shippable-qr,True,False,,,102210fe594ee9b33d82058545b1ed14f4c8206e,custom.jsdebugger.open.DAMP,damp,True,damp custom.jsdebugger.open.DAMP opt e10s fission stylo webrender,4768565,77,ms,firefox,,1726282630,2023-07-11T21:25:23,866.751203627704,3959f73956a6c5fe371c245f9bd8cb395bc0677c,1271105
autoland,4768729,12,95f51e857a45cd76f1766c14d6bed804857cd27b,windows10-64-shippable-qr,True,False,,,102210fe594ee9b33d82058545b1ed14f4c8206e,custom.jsdebugger.open.DAMP,damp,True,damp custom.jsdebugger.open.DAMP opt e10s fission stylo webrender,4768565,77,ms,firefox,,1724889044,2023-07-11T22:00:07,863.9153261081956,799309422d5f66cd280bc2aa8f49a203faaf670f,1271127
autoland,4768729,12,95f51e857a45cd76f1766c14d6bed804857cd27b,windows10-64-shippable-qr,True,False,,,102210fe594ee9b33d82058545b1ed14f4c8206e,custom.jsdebugger.open.DAMP,damp,True,damp custom.jsdebugger.open.DAMP opt e10s fission stylo webrender,4768565,77,ms,firefox,,1726305621,2023-07-11T22:01:43,862.937235274585,70dc347ec5ef09ab73226dc00391d52ceda71ea1,1271130
autoland,4768729,12,95f51e857a45cd76f1766c14d6bed804857cd27b,windows10-64-shippable-qr,True,False,,,102210fe594ee9b33d82058545b1ed14f4c8206e,custom.jsdebugger.open.DAMP,damp,True,damp custom.jsdebugger.open.DAMP opt e10s fission stylo webrender,4768565,77,ms,firefox,,1726283581,2023-07-11T23:01:04,866.877553597813,8f46c8da937f47241227fd269a5d5331f9313be6,1271151
autoland,4768729,12,95f51e857a45cd76f1766c14d6bed804857cd27b,windows10-64-shippable-qr,True,False,,,102210fe594ee9b33d82058545b1ed14f4c8206e,custom.jsdebugger.open.DAMP,damp,True,damp custom.jsdebugger.open.DAMP opt e10s fission stylo webrender,4768565,77,ms,firefox,,1726301434,2023-07-11T23:08:39,867.409475886343,b67c680d2374a51e0d5d5eb979f8f9dc3322a0b7,1271156
autoland,4768729,12,95f51e857a45cd76f1766c14d6bed804857cd27b,windows10-64-shippable-qr,True,False,,,102210fe594ee9b33d82058545b1ed14f4c8206e,custom.jsdebugger.open.DAMP,damp,True,damp custom.jsdebugger.open.DAMP opt e10s fission stylo webrender,4768565,77,ms,firefox,,1726254057,2023-07-11T23:55:21,869.6595440676392,c540c9498217bb88306369660cd8252ee715ae67,1271170
autoland,4768729,12,95f51e857a45cd76f1766c14d6bed804857cd27b,windows10-64-shippable-qr,True,False,,,102210fe594ee9b33d82058545b1ed14f4c8206e,custom.jsdebugger.open.DAMP,damp,True,damp custom.jsdebugger.open.DAMP opt e10s fission stylo webrender,4768565,77,ms,firefox,,1726256716,2023-07-11T23:56:15,867.3843426330714,5fd6ee04c79e965467c2f963737eeada9f306e97,1271171
autoland,4768729,12,95f51e857a45cd76f1766c14d6bed804857cd27b,windows10-64-shippable-qr,True,False,,,102210fe594ee9b33d82058545b1ed14f4c8206e,custom.jsdebugger.open.DAMP,damp,True,damp custom.jsdebugger.open.DAMP opt e10s fission stylo webrender,4768565,77,ms,firefox,,1726256323,2023-07-12T00:39:52,867.3499480831888,8af5adb5ae937869ae26ef844e3ea8414c6412f4,1271187
autoland,4768729,12,95f51e857a45cd76f1766c14d6bed804857cd27b,windows10-64-shippable-qr,True,False,,,102210fe594ee9b33d82058545b1ed14f4c8206e,custom.jsdebugger.open.DAMP,damp,True,damp custom.jsdebugger.open.DAMP opt e10s fission stylo webrender,4768565,77,ms,firefox,,1726251379,2023-07-12T01:38:32,869.7481501405273,4a83c278a04d4aa4ceaca2fbcecdb2e2dc670ffd,1271204
autoland,4768729,12,95f51e857a45cd76f1766c14d6bed804857cd27b,windows10-64-shippable-qr,True,False,,,102210fe594ee9b33d82058545b1ed14f4c8206e,custom.jsdebugger.open.DAMP,damp,True,damp custom.jsdebugger.open.DAMP opt e10s fission stylo webrender,4768565,77,ms,firefox,,1724963673,2023-07-12T03:43:13,861.5605248489737,409794f954d9150f8da58e49d75898a655aca25d,1271221
autoland,4768729,12,95f51e857a45cd76f1766c14d6bed804857cd27b,windows10-64-shippable-qr,True,False,,,102210fe594ee9b33d82058545b1ed14f4c8206e,custom.jsdebugger.open.DAMP,damp,True,damp custom.jsdebugger.open.DAMP opt e10s fission stylo webrender,4768565,77,ms,firefox,,1726313936,2023-07-12T04:04:43,872.0235779051145,0bb52be0fcde9b4d85ea6e931c38cf51e041171d,1271222
autoland,4768729,12,95f51e857a45cd76f1766c14d6bed804857cd27b,windows10-64-shippable-qr,True,False,,,102210fe594ee9b33d82058545b1ed14f4c8206e,custom.jsdebugger.open.DAMP,damp,True,damp custom.jsdebugger.open.DAMP opt e10s fission stylo webrender,4768565,77,ms,firefox,,1726249299,2023-07-12T04:22:56,865.1185723531089,2defa67e8083a9a5bc55980e92bded6c78dbd3a4,1271226
autoland,4768729,12,95f51e857a45cd76f1766c14d6bed804857cd27b,windows10-64-shippable-qr,True,False,,,102210fe594ee9b33d82058545b1ed14f4c8206e,custom.jsdebugger.open.DAMP,damp,True,damp custom.jsdebugger.open.DAMP opt e10s fission stylo webrender,4768565,77,ms,firefox,,1726252217,2023-07-12T05:21:32,865.3455130189686,eae4e0a7dc1dc0610d6ca584fec1bb76c3ef6405,1271244
autoland,4768729,12,95f51e857a45cd76f1766c14d6bed804857cd27b,windows10-64-shippable-qr,True,False,,,102210fe594ee9b33d82058545b1ed14f4c8206e,custom.jsdebugger.open.DAMP,damp,True,damp custom.jsdebugger.open.DAMP opt e10s fission stylo webrender,4768565,77,ms,firefox,,1726280820,2023-07-12T06:27:00,866.2032958424679,3c6a45328f7c9380be5121457c66e3e5a547b24e,1271271
autoland,4768729,12,95f51e857a45cd76f1766c14d6bed804857cd27b,windows10-64-shippable-qr,True,False,,,102210fe594ee9b33d82058545b1ed14f4c8206e,custom.jsdebugger.open.DAMP,damp,True,damp custom.jsdebugger.open.DAMP opt e10s fission stylo webrender,4768565,77,ms,firefox,,1726278992,2023-07-12T07:01:26,876.3451081855019,4ef8420499f9fdfc2489860743faddeb35b5c3e4,1271276
autoland,4768729,12,95f51e857a45cd76f1766c14d6bed804857cd27b,windows10-64-shippable-qr,True,False,,,102210fe594ee9b33d82058545b1ed14f4c8206e,custom.jsdebugger.open.DAMP,damp,True,damp custom.jsdebugger.open.DAMP opt e10s fission stylo webrender,4768565,77,ms,firefox,,1726283839,2023-07-12T07:03:10,862.8754704847524,c32acbd14a56762aefa6567852b931ee42076f9a,1271277
autoland,4768729,12,95f51e857a45cd76f1766c14d6bed804857cd27b,windows10-64-shippable-qr,True,False,,,102210fe594ee9b33d82058545b1ed14f4c8206e,custom.jsdebugger.open.DAMP,damp,True,damp custom.jsdebugger.open.DAMP opt e10s fission stylo webrender,4768565,77,ms,firefox,,1726251728,2023-07-12T07:20:32,866.3145703761838,73ee44ffb32056a47a020486d3f8d1ba5dfe381f,1271278
autoland,4768729,12,95f51e857a45cd76f1766c14d6bed804857cd27b,windows10-64-shippable-qr,True,False,,,102210fe594ee9b33d82058545b1ed14f4c8206e,custom.jsdebugger.open.DAMP,damp,True,damp custom.jsdebugger.open.DAMP opt e10s fission stylo webrender,4768565,77,ms,firefox,,1726188987,2023-07-12T07:37:03,866.972729150053,7f3ed13b5c70a5794ca0898a235a2299f69699fe,1271287
autoland,4768729,12,95f51e857a45cd76f1766c14d6bed804857cd27b,windows10-64-shippable-qr,True,False,,,102210fe594ee9b33d82058545b1ed14f4c8206e,custom.jsdebugger.open.DAMP,damp,True,damp custom.jsdebugger.open.DAMP opt e10s fission stylo webrender,4768565,77,ms,firefox,,1725016826,2023-07-12T07:41:52,889.1476572606771,3df39b644daab1c941ea8f68e6f1e1018058b95e,1271289
autoland,4768729,12,95f51e857a45cd76f1766c14d6bed804857cd27b,windows10-64-shippable-qr,True,False,,,102210fe594ee9b33d82058545b1ed14f4c8206e,custom.jsdebugger.open.DAMP,damp,True,damp custom.jsdebugger.open.DAMP opt e10s fission stylo webrender,4768565,77,ms,firefox,,1726282020,2023-07-12T09:01:15,867.7159930627386,b48a8a347379739dd8f1bd16ede6ba9501112569,1271317
autoland,4768729,12,95f51e857a45cd76f1766c14d6bed804857cd27b,windows10-64-shippable-qr,True,False,,,102210fe594ee9b33d82058545b1ed14f4c8206e,custom.jsdebugger.open.DAMP,damp,True,damp custom.jsdebugger.open.DAMP opt e10s fission stylo webrender,4768565,77,ms,firefox,,1726251276,2023-07-12T09:02:13,887.690673489742,2a2ee1032045191f214cc02bff27be821905bdb4,1271319
autoland,4768729,12,95f51e857a45cd76f1766c14d6bed804857cd27b,windows10-64-shippable-qr,True,False,,,102210fe594ee9b33d82058545b1ed14f4c8206e,custom.jsdebugger.open.DAMP,damp,True,damp custom.jsdebugger.open.DAMP opt e10s fission stylo webrender,4768565,77,ms,firefox,,1726251642,2023-07-12T09:36:26,865.5350778206193,6308011c636684c2ee976cca91a3cb1c938ad021,1271331
autoland,4768729,12,95f51e857a45cd76f1766c14d6bed804857cd27b,windows10-64-shippable-qr,True,False,,,102210fe594ee9b33d82058545b1ed14f4c8206e,custom.jsdebugger.open.DAMP,damp,True,damp custom.jsdebugger.open.DAMP opt e10s fission stylo webrender,4768565,77,ms,firefox,,1726256124,2023-07-12T09:42:01,869.640392232337,89543f90a077b9cfa75d6b586ae6b6b8354a8ebb,1271334
autoland,4768729,12,95f51e857a45cd76f1766c14d6bed804857cd27b,windows10-64-shippable-qr,True,False,,,102210fe594ee9b33d82058545b1ed14f4c8206e,custom.jsdebugger.open.DAMP,damp,True,damp custom.jsdebugger.open.DAMP opt e10s fission stylo webrender,4768565,77,ms,firefox,,1726281222,2023-07-12T09:42:55,866.321101330781,57a374cba82cb7f68d7a46965bf83d53ed6176c3,1271335
autoland,4768729,12,95f51e857a45cd76f1766c14d6bed804857cd27b,windows10-64-shippable-qr,True,False,,,102210fe594ee9b33d82058545b1ed14f4c8206e,custom.jsdebugger.open.DAMP,damp,True,damp custom.jsdebugger.open.DAMP opt e10s fission stylo webrender,4768565,77,ms,firefox,,1726282903,2023-07-12T09:43:47,862.8112062406653,430670a710c19afda5b6c4acc85d66d0e175972b,1271337
autoland,4768729,12,95f51e857a45cd76f1766c14d6bed804857cd27b,windows10-64-shippable-qr,True,False,,,102210fe594ee9b33d82058545b1ed14f4c8206e,custom.jsdebugger.open.DAMP,damp,True,damp custom.jsdebugger.open.DAMP opt e10s fission stylo webrender,4768565,77,ms,firefox,,1726306875,2023-07-12T10:16:30,872.9285294444708,0b5333b2ef93c5e4153ac198b577c6f54c5ad538,1271358
autoland,4768729,12,95f51e857a45cd76f1766c14d6bed804857cd27b,windows10-64-shippable-qr,True,False,,,102210fe594ee9b33d82058545b1ed14f4c8206e,custom.jsdebugger.open.DAMP,damp,True,damp custom.jsdebugger.open.DAMP opt e10s fission stylo webrender,4768565,77,ms,firefox,,1726257152,2023-07-12T11:37:26,876.9732056700741,b9bc097308fb675a70b00e4c7068234f38083a1a,1271385
autoland,4768729,12,95f51e857a45cd76f1766c14d6bed804857cd27b,windows10-64-shippable-qr,True,False,,,102210fe594ee9b33d82058545b1ed14f4c8206e,custom.jsdebugger.open.DAMP,damp,True,damp custom.jsdebugger.open.DAMP opt e10s fission stylo webrender,4768565,77,ms,firefox,,1725126832,2023-07-12T11:57:10,859.8863017696494,323cd57deb4d5a322c892f49b9141687d7561c0b,1271397
autoland,4768729,12,95f51e857a45cd76f1766c14d6bed804857cd27b,windows10-64-shippable-qr,True,False,,,102210fe594ee9b33d82058545b1ed14f4c8206e,custom.jsdebugger.open.DAMP,damp,True,damp custom.jsdebugger.open.DAMP opt e10s fission stylo webrender,4768565,77,ms,firefox,,1726399696,2023-07-12T12:40:45,865.2358203331096,e3c9958afc20dc7f4f795d20fc8b71149fc6544a,1271417
autoland,4768729,12,95f51e857a45cd76f1766c14d6bed804857cd27b,windows10-64-shippable-qr,True,False,,,102210fe594ee9b33d82058545b1ed14f4c8206e,custom.jsdebugger.open.DAMP,damp,True,damp custom.jsdebugger.open.DAMP opt e10s fission stylo webrender,4768565,77,ms,firefox,,1726399490,2023-07-12T14:35:05,861.9288778721893,3d3576daa7b4c61423a97dc7b1af7bd3a58b478a,1271462
autoland,4768729,12,95f51e857a45cd76f1766c14d6bed804857cd27b,windows10-64-shippable-qr,True,False,,,102210fe594ee9b33d82058545b1ed14f4c8206e,custom.jsdebugger.open.DAMP,damp,True,damp custom.jsdebugger.open.DAMP opt e10s fission stylo webrender,4768565,77,ms,firefox,,1726399924,2023-07-12T14:39:06,866.8015391436784,e2ad2805236135c519056e9a09d854925fcdae5d,1271466
autoland,4768729,12,95f51e857a45cd76f1766c14d6bed804857cd27b,windows10-64-shippable-qr,True,False,,,102210fe594ee9b33d82058545b1ed14f4c8206e,custom.jsdebugger.open.DAMP,damp,True,damp custom.jsdebugger.open.DAMP opt e10s fission stylo webrender,4768565,77,ms,firefox,,1725189993,2023-07-12T14:40:04,865.3703187912033,09a138b12b3b18e85b4234788a6f92fa756908af,1271467
autoland,4768729,12,95f51e857a45cd76f1766c14d6bed804857cd27b,windows10-64-shippable-qr,True,False,,,102210fe594ee9b33d82058545b1ed14f4c8206e,custom.jsdebugger.open.DAMP,damp,True,damp custom.jsdebugger.open.DAMP opt e10s fission stylo webrender,4768565,77,ms,firefox,,1726398695,2023-07-12T14:52:57,866.400745199091,b5fec4580148111d1528c894d953535d32807b79,1271486
autoland,4768729,12,95f51e857a45cd76f1766c14d6bed804857cd27b,windows10-64-shippable-qr,True,False,,,102210fe594ee9b33d82058545b1ed14f4c8206e,custom.jsdebugger.open.DAMP,damp,True,damp custom.jsdebugger.open.DAMP opt e10s fission stylo webrender,4768565,77,ms,firefox,,1726398751,2023-07-12T18:57:40,866.8910706160823,ee328d9d919ca3c5db4eed20946dbebfe147dbd0,1271632
autoland,4768729,12,95f51e857a45cd76f1766c14d6bed804857cd27b,windows10-64-shippable-qr,True,False,,,102210fe594ee9b33d82058545b1ed14f4c8206e,custom.jsdebugger.open.DAMP,damp,True,damp custom.jsdebugger.open.DAMP opt e10s fission stylo webrender,4768565,77,ms,firefox,,1726398862,2023-07-12T19:38:07,865.1300204936124,6abbc452808091af65b3ae8817e3ebd4826a3303,1271655
autoland,4768729,12,95f51e857a45cd76f1766c14d6bed804857cd27b,windows10-64-shippable-qr,True,False,,,102210fe594ee9b33d82058545b1ed14f4c8206e,custom.jsdebugger.open.DAMP,damp,True,damp custom.jsdebugger.open.DAMP opt e10s fission stylo webrender,4768565,77,ms,firefox,,1726399116,2023-07-12T19:38:57,860.6786797775057,83e52e0dab8aa3a72f875e4314f5ad2f5e985fd6,1271656
autoland,4768729,12,95f51e857a45cd76f1766c14d6bed804857cd27b,windows10-64-shippable-qr,True,False,,,102210fe594ee9b33d82058545b1ed14f4c8206e,custom.jsdebugger.open.DAMP,damp,True,damp custom.jsdebugger.open.DAMP opt e10s fission stylo webrender,4768565,77,ms,firefox,,1726398808,2023-07-12T19:39:51,862.0797881545586,f457492531e8a9fda082ab5fd9ea3b0d95d2dc32,1271658
autoland,4768729,12,95f51e857a45cd76f1766c14d6bed804857cd27b,windows10-64-shippable-qr,True,False,,,102210fe594ee9b33d82058545b1ed14f4c8206e,custom.jsdebugger.open.DAMP,damp,True,damp custom.jsdebugger.open.DAMP opt e10s fission stylo webrender,4768565,77,ms,firefox,,1726399546,2023-07-12T19:40:38,869.9813700044097,bb73759d9a271913209121710438c428de553f97,1271660
autoland,4768729,12,95f51e857a45cd76f1766c14d6bed804857cd27b,windows10-64-shippable-qr,True,False,,,102210fe594ee9b33d82058545b1ed14f4c8206e,custom.jsdebugger.open.DAMP,damp,True,damp custom.jsdebugger.open.DAMP opt e10s fission stylo webrender,4768565,77,ms,firefox,,1726399045,2023-07-12T19:41:43,863.6792629936899,8a8e8ec667ea33d00ce3fa078db2e384497dd48d,1271661
autoland,4768729,12,95f51e857a45cd76f1766c14d6bed804857cd27b,windows10-64-shippable-qr,True,False,,,102210fe594ee9b33d82058545b1ed14f4c8206e,custom.jsdebugger.open.DAMP,damp,True,damp custom.jsdebugger.open.DAMP opt e10s fission stylo webrender,4768565,77,ms,firefox,,1726399333,2023-07-12T19:42:46,867.0919798858959,427e2ccccc7d748be8b68bb460c45da7d68937bd,1271663
autoland,4768729,12,95f51e857a45cd76f1766c14d6bed804857cd27b,windows10-64-shippable-qr,True,False,,,102210fe594ee9b33d82058545b1ed14f4c8206e,custom.jsdebugger.open.DAMP,damp,True,damp custom.jsdebugger.open.DAMP opt e10s fission stylo webrender,4768565,77,ms,firefox,,1726399816,2023-07-12T19:43:41,872.4780155695662,6bab1aefd0bd58bb0b74573e453cc6319403e8e6,1271664
autoland,4768729,12,95f51e857a45cd76f1766c14d6bed804857cd27b,windows10-64-shippable-qr,True,False,,,102210fe594ee9b33d82058545b1ed14f4c8206e,custom.jsdebugger.open.DAMP,damp,True,damp custom.jsdebugger.open.DAMP opt e10s fission stylo webrender,4768565,77,ms,firefox,,1725274410,2023-07-12T19:44:39,855.3859660141461,5af60a4168846b5be7576faecbb5050fa6d965cf,1271665
autoland,4768729,12,95f51e857a45cd76f1766c14d6bed804857cd27b,windows10-64-shippable-qr,True,False,,,102210fe594ee9b33d82058545b1ed14f4c8206e,custom.jsdebugger.open.DAMP,damp,True,damp custom.jsdebugger.open.DAMP opt e10s fission stylo webrender,4768565,77,ms,firefox,,1725342875,2023-07-12T23:52:09,859.3664720043671,48bcd4c43c3e833bc33696496138c36bdddef23d,1271821
autoland,4768729,12,95f51e857a45cd76f1766c14d6bed804857cd27b,windows10-64-shippable-qr,True,False,,,102210fe594ee9b33d82058545b1ed14f4c8206e,custom.jsdebugger.open.DAMP,damp,True,damp custom.jsdebugger.open.DAMP opt e10s fission stylo webrender,4768565,77,ms,firefox,,1725391716,2023-07-13T04:00:14,854.3955593845603,0724fde82b2fe250010f13a500b6c525eaf3abb5,1271916
autoland,4768729,12,95f51e857a45cd76f1766c14d6bed804857cd27b,windows10-64-shippable-qr,True,False,,,102210fe594ee9b33d82058545b1ed14f4c8206e,custom.jsdebugger.open.DAMP,damp,True,damp custom.jsdebugger.open.DAMP opt e10s fission stylo webrender,4768565,77,ms,firefox,,1725469805,2023-07-13T08:20:37,861.7361955672532,3170f4f57d01091d2a74fe40ee6f4ab8efa7351a,1271978
autoland,4768729,12,95f51e857a45cd76f1766c14d6bed804857cd27b,windows10-64-shippable-qr,True,False,,,102210fe594ee9b33d82058545b1ed14f4c8206e,custom.jsdebugger.open.DAMP,damp,True,damp custom.jsdebugger.open.DAMP opt e10s fission stylo webrender,4768565,77,ms,firefox,,1725572545,2023-07-13T11:47:10,866.2816992270382,1bfb25414a090700f286cd06319e91cb9ac6e336,1272070
autoland,4768729,12,95f51e857a45cd76f1766c14d6bed804857cd27b,windows10-64-shippable-qr,True,False,,,102210fe594ee9b33d82058545b1ed14f4c8206e,custom.jsdebugger.open.DAMP,damp,True,damp custom.jsdebugger.open.DAMP opt e10s fission stylo webrender,4768565,77,ms,firefox,,1725794287,2023-07-13T12:03:02,870.5304114294413,3ae2f464a14e6453ce1d7402edfe00be45d2c781,1272073
autoland,4768729,12,95f51e857a45cd76f1766c14d6bed804857cd27b,windows10-64-shippable-qr,True,False,,,102210fe594ee9b33d82058545b1ed14f4c8206e,custom.jsdebugger.open.DAMP,damp,True,damp custom.jsdebugger.open.DAMP opt e10s fission stylo webrender,4768565,77,ms,firefox,,1725956963,2023-07-13T23:46:26,866.8981244444731,d7363bddf2b82c4f02c60bf1f3236c1853a1d788,1272530
autoland,4768729,12,95f51e857a45cd76f1766c14d6bed804857cd27b,windows10-64-shippable-qr,True,False,,,102210fe594ee9b33d82058545b1ed14f4c8206e,custom.jsdebugger.open.DAMP,damp,True,damp custom.jsdebugger.open.DAMP opt e10s fission stylo webrender,4768565,77,ms,firefox,,1725945858,2023-07-14T00:33:08,857.7474802777579,ce811b4b8e62538cba1620fbe1f66b6963a00103,1272546
autoland,4768729,12,95f51e857a45cd76f1766c14d6bed804857cd27b,windows10-64-shippable-qr,True,False,,,102210fe594ee9b33d82058545b1ed14f4c8206e,custom.jsdebugger.open.DAMP,damp,True,damp custom.jsdebugger.open.DAMP opt e10s fission stylo webrender,4768565,77,ms,firefox,,1726002396,2023-07-14T05:34:55,854.7091240184745,196cda3a105202c8969a926a0637db0e0014c07d,1272621
autoland,4768729,12,95f51e857a45cd76f1766c14d6bed804857cd27b,windows10-64-shippable-qr,True,False,,,102210fe594ee9b33d82058545b1ed14f4c8206e,custom.jsdebugger.open.DAMP,damp,True,damp custom.jsdebugger.open.DAMP opt e10s fission stylo webrender,4768565,77,ms,firefox,,1726163679,2023-07-14T08:41:57,854.4935284984167,2c2b2040f7a3a963eaf19ecd574a96682fb4e6c3,1272676
autoland,4768729,12,95f51e857a45cd76f1766c14d6bed804857cd27b,windows10-64-shippable-qr,True,False,,,102210fe594ee9b33d82058545b1ed14f4c8206e,custom.jsdebugger.open.DAMP,damp,True,damp custom.jsdebugger.open.DAMP opt e10s fission stylo webrender,4768565,77,ms,firefox,,1726291300,2023-07-14T12:49:37,869.9102019194033,f04d14e8c457c340e7bb0c8955b7a42e3ed32c84,1272721
autoland,4768729,12,95f51e857a45cd76f1766c14d6bed804857cd27b,windows10-64-shippable-qr,True,False,,,102210fe594ee9b33d82058545b1ed14f4c8206e,custom.jsdebugger.open.DAMP,damp,True,damp custom.jsdebugger.open.DAMP opt e10s fission stylo webrender,4768565,77,ms,firefox,,1727726627,2023-07-14T13:57:08,866.3619362165336,1b4f01ed349796fa5b5df3bb37f0e73fd9c21858,1272760
autoland,4768729,12,95f51e857a45cd76f1766c14d6bed804857cd27b,windows10-64-shippable-qr,True,False,,,102210fe594ee9b33d82058545b1ed14f4c8206e,custom.jsdebugger.open.DAMP,damp,True,damp custom.jsdebugger.open.DAMP opt e10s fission stylo webrender,4768565,77,ms,firefox,,1727726801,2023-07-14T13:57:56,873.9161792986561,fd22ef44166c6450d6d1daf11541de3625fa4ef1,1272761
autoland,4768729,12,95f51e857a45cd76f1766c14d6bed804857cd27b,windows10-64-shippable-qr,True,False,,,102210fe594ee9b33d82058545b1ed14f4c8206e,custom.jsdebugger.open.DAMP,damp,True,damp custom.jsdebugger.open.DAMP opt e10s fission stylo webrender,4768565,77,ms,firefox,,1727727093,2023-07-14T14:06:14,862.7522024514765,7af2b04879fca56da28646d4789eb82bb7a6b983,1272766
autoland,4768729,12,95f51e857a45cd76f1766c14d6bed804857cd27b,windows10-64-shippable-qr,True,False,,,102210fe594ee9b33d82058545b1ed14f4c8206e,custom.jsdebugger.open.DAMP,damp,True,damp custom.jsdebugger.open.DAMP opt e10s fission stylo webrender,4768565,77,ms,firefox,,1727727259,2023-07-14T14:50:30,866.9591556492669,fa0b61933d0a1777839303bd86315c77a9e3095a,1272781
autoland,4768729,12,95f51e857a45cd76f1766c14d6bed804857cd27b,windows10-64-shippable-qr,True,False,,,102210fe594ee9b33d82058545b1ed14f4c8206e,custom.jsdebugger.open.DAMP,damp,True,damp custom.jsdebugger.open.DAMP opt e10s fission stylo webrender,4768565,77,ms,firefox,,1727727464,2023-07-14T15:08:26,862.5231040197104,8b2d117f2a501b3fb047654b41b3f563057b3478,1272785
autoland,4768729,12,95f51e857a45cd76f1766c14d6bed804857cd27b,windows10-64-shippable-qr,True,False,,,102210fe594ee9b33d82058545b1ed14f4c8206e,custom.jsdebugger.open.DAMP,damp,True,damp custom.jsdebugger.open.DAMP opt e10s fission stylo webrender,4768565,77,ms,firefox,,1727727591,2023-07-14T15:56:36,868.0802216759621,db50582c2b9f032cf0d70e4846d84dc16c8d3904,1272821
autoland,4768729,12,95f51e857a45cd76f1766c14d6bed804857cd27b,windows10-64-shippable-qr,True,False,,,102210fe594ee9b33d82058545b1ed14f4c8206e,custom.jsdebugger.open.DAMP,damp,True,damp custom.jsdebugger.open.DAMP opt e10s fission stylo webrender,4768565,77,ms,firefox,,1727727153,2023-07-14T16:09:20,863.8476491500041,5a5f988799e8feb5b5b387fdb14557c4f44193a4,1272831
autoland,4768729,12,95f51e857a45cd76f1766c14d6bed804857cd27b,windows10-64-shippable-qr,True,False,,,102210fe594ee9b33d82058545b1ed14f4c8206e,custom.jsdebugger.open.DAMP,damp,True,damp custom.jsdebugger.open.DAMP opt e10s fission stylo webrender,4768565,77,ms,firefox,,1726375970,2023-07-14T16:10:08,852.4824145096718,379fa15b7cfddd1f92027d8c39b32706dc0f59a8,1272833
autoland,4768729,12,95f51e857a45cd76f1766c14d6bed804857cd27b,windows10-64-shippable-qr,True,False,,,102210fe594ee9b33d82058545b1ed14f4c8206e,custom.jsdebugger.open.DAMP,damp,True,damp custom.jsdebugger.open.DAMP opt e10s fission stylo webrender,4768565,77,ms,firefox,,1727786148,2023-07-14T16:15:41,856.1762250288884,66381e9aba980ca199dcb761bfd7fb0206ba4e24,1272837
autoland,4768729,12,95f51e857a45cd76f1766c14d6bed804857cd27b,windows10-64-shippable-qr,True,False,,,102210fe594ee9b33d82058545b1ed14f4c8206e,custom.jsdebugger.open.DAMP,damp,True,damp custom.jsdebugger.open.DAMP opt e10s fission stylo webrender,4768565,77,ms,firefox,,1727794035,2023-07-14T16:15:41,856.9653639003809,66381e9aba980ca199dcb761bfd7fb0206ba4e24,1272837
autoland,4768729,12,95f51e857a45cd76f1766c14d6bed804857cd27b,windows10-64-shippable-qr,True,False,,,102210fe594ee9b33d82058545b1ed14f4c8206e,custom.jsdebugger.open.DAMP,damp,True,damp custom.jsdebugger.open.DAMP opt e10s fission stylo webrender,4768565,77,ms,firefox,,1727826285,2023-07-14T17:11:40,860.6408393518795,509bf5b39d3fcc905b7c55a41b0d51371e17d2f5,1272875
autoland,4768729,12,95f51e857a45cd76f1766c14d6bed804857cd27b,windows10-64-shippable-qr,True,False,,,102210fe594ee9b33d82058545b1ed14f4c8206e,custom.jsdebugger.open.DAMP,damp,True,damp custom.jsdebugger.open.DAMP opt e10s fission stylo webrender,4768565,77,ms,firefox,,1727825553,2023-07-14T17:12:28,864.7723498673731,8e6443a6bc1c94e716db3b2799299080a40e1a1a,1272876
autoland,4768729,12,95f51e857a45cd76f1766c14d6bed804857cd27b,windows10-64-shippable-qr,True,False,,,102210fe594ee9b33d82058545b1ed14f4c8206e,custom.jsdebugger.open.DAMP,damp,True,damp custom.jsdebugger.open.DAMP opt e10s fission stylo webrender,4768565,77,ms,firefox,,1727826042,2023-07-14T17:12:28,863.4555500297429,8e6443a6bc1c94e716db3b2799299080a40e1a1a,1272876
autoland,4768729,12,95f51e857a45cd76f1766c14d6bed804857cd27b,windows10-64-shippable-qr,True,False,,,102210fe594ee9b33d82058545b1ed14f4c8206e,custom.jsdebugger.open.DAMP,damp,True,damp custom.jsdebugger.open.DAMP opt e10s fission stylo webrender,4768565,77,ms,firefox,,1727784521,2023-07-14T17:13:23,856.8126902293589,402ffb463f6078f64e455077bdf19dcf705f6af0,1272877
autoland,4768729,12,95f51e857a45cd76f1766c14d6bed804857cd27b,windows10-64-shippable-qr,True,False,,,102210fe594ee9b33d82058545b1ed14f4c8206e,custom.jsdebugger.open.DAMP,damp,True,damp custom.jsdebugger.open.DAMP opt e10s fission stylo webrender,4768565,77,ms,firefox,,1727787482,2023-07-14T17:13:23,855.6946263469363,402ffb463f6078f64e455077bdf19dcf705f6af0,1272877
autoland,4768729,12,95f51e857a45cd76f1766c14d6bed804857cd27b,windows10-64-shippable-qr,True,False,,,102210fe594ee9b33d82058545b1ed14f4c8206e,custom.jsdebugger.open.DAMP,damp,True,damp custom.jsdebugger.open.DAMP opt e10s fission stylo webrender,4768565,77,ms,firefox,,1727787696,2023-07-14T17:13:23,856.2720671962306,402ffb463f6078f64e455077bdf19dcf705f6af0,1272877
autoland,4768729,12,95f51e857a45cd76f1766c14d6bed804857cd27b,windows10-64-shippable-qr,True,False,,,102210fe594ee9b33d82058545b1ed14f4c8206e,custom.jsdebugger.open.DAMP,damp,True,damp custom.jsdebugger.open.DAMP opt e10s fission stylo webrender,4768565,77,ms,firefox,,1727826484,2023-07-14T17:17:22,865.3440557602735,dfdc3fbce9b4649556d9fc6bf5485e46a9e7f3e5,1272880
autoland,4768729,12,95f51e857a45cd76f1766c14d6bed804857cd27b,windows10-64-shippable-qr,True,False,,,102210fe594ee9b33d82058545b1ed14f4c8206e,custom.jsdebugger.open.DAMP,damp,True,damp custom.jsdebugger.open.DAMP opt e10s fission stylo webrender,4768565,77,ms,firefox,,1727826998,2023-07-14T17:17:22,865.6250981334451,dfdc3fbce9b4649556d9fc6bf5485e46a9e7f3e5,1272880
autoland,4768729,12,95f51e857a45cd76f1766c14d6bed804857cd27b,windows10-64-shippable-qr,True,False,,,102210fe594ee9b33d82058545b1ed14f4c8206e,custom.jsdebugger.open.DAMP,damp,True,damp custom.jsdebugger.open.DAMP opt e10s fission stylo webrender,4768565,77,ms,firefox,,1727786233,2023-07-14T17:49:39,859.3508239628572,bc79dcb0f1f25b85e96d47abde770853be1a58c0,1272891
autoland,4768729,12,95f51e857a45cd76f1766c14d6bed804857cd27b,windows10-64-shippable-qr,True,False,,,102210fe594ee9b33d82058545b1ed14f4c8206e,custom.jsdebugger.open.DAMP,damp,True,damp custom.jsdebugger.open.DAMP opt e10s fission stylo webrender,4768565,77,ms,firefox,,1727785981,2023-07-14T17:49:39,854.8380765590555,bc79dcb0f1f25b85e96d47abde770853be1a58c0,1272891
autoland,4768729,12,95f51e857a45cd76f1766c14d6bed804857cd27b,windows10-64-shippable-qr,True,False,,,102210fe594ee9b33d82058545b1ed14f4c8206e,custom.jsdebugger.open.DAMP,damp,True,damp custom.jsdebugger.open.DAMP opt e10s fission stylo webrender,4768565,77,ms,firefox,,1727793620,2023-07-14T17:49:39,856.4047241874359,bc79dcb0f1f25b85e96d47abde770853be1a58c0,1272891
autoland,4768729,12,95f51e857a45cd76f1766c14d6bed804857cd27b,windows10-64-shippable-qr,True,False,,,102210fe594ee9b33d82058545b1ed14f4c8206e,custom.jsdebugger.open.DAMP,damp,True,damp custom.jsdebugger.open.DAMP opt e10s fission stylo webrender,4768565,77,ms,firefox,,1727580305,2023-07-14T17:56:47,811.6259320092358,2aed50c0b2e6297a989f8c8e064ab107bb8c76e0,1272897
autoland,4768729,12,95f51e857a45cd76f1766c14d6bed804857cd27b,windows10-64-shippable-qr,True,False,,,102210fe594ee9b33d82058545b1ed14f4c8206e,custom.jsdebugger.open.DAMP,damp,True,damp custom.jsdebugger.open.DAMP opt e10s fission stylo webrender,4768565,77,ms,firefox,,1727580485,2023-07-14T18:13:13,813.3107302515418,c7a65caa82deca3c2b78c8a92692d6e0bef32d73,1272905
autoland,4768729,12,95f51e857a45cd76f1766c14d6bed804857cd27b,windows10-64-shippable-qr,True,False,,,102210fe594ee9b33d82058545b1ed14f4c8206e,custom.jsdebugger.open.DAMP,damp,True,damp custom.jsdebugger.open.DAMP opt e10s fission stylo webrender,4768565,77,ms,firefox,,1727580019,2023-07-14T18:48:02,811.7839671445763,51824a802d0d1658207fe47251c6984c4f8fdd8c,1272920
autoland,4768729,12,95f51e857a45cd76f1766c14d6bed804857cd27b,windows10-64-shippable-qr,True,False,,,102210fe594ee9b33d82058545b1ed14f4c8206e,custom.jsdebugger.open.DAMP,damp,True,damp custom.jsdebugger.open.DAMP opt e10s fission stylo webrender,4768565,77,ms,firefox,,1727580158,2023-07-14T19:00:42,808.8551378661741,003ce7b1224fc9ff96afefd37d363060d267fead,1272930
autoland,4768729,12,95f51e857a45cd76f1766c14d6bed804857cd27b,windows10-64-shippable-qr,True,False,,,102210fe594ee9b33d82058545b1ed14f4c8206e,custom.jsdebugger.open.DAMP,damp,True,damp custom.jsdebugger.open.DAMP opt e10s fission stylo webrender,4768565,77,ms,firefox,,1727579525,2023-07-14T19:13:44,809.1431331354979,24c8b8f78568c834303e1cf4674a33e80ae38895,1272934
autoland,4768729,12,95f51e857a45cd76f1766c14d6bed804857cd27b,windows10-64-shippable-qr,True,False,,,102210fe594ee9b33d82058545b1ed14f4c8206e,custom.jsdebugger.open.DAMP,damp,True,damp custom.jsdebugger.open.DAMP opt e10s fission stylo webrender,4768565,77,ms,firefox,,1727580552,2023-07-14T19:40:50,809.3662032165084,62c2c524d4420cd78abf41eb26c30ccfc4b8964a,1272944
autoland,4768729,12,95f51e857a45cd76f1766c14d6bed804857cd27b,windows10-64-shippable-qr,True,False,,,102210fe594ee9b33d82058545b1ed14f4c8206e,custom.jsdebugger.open.DAMP,damp,True,damp custom.jsdebugger.open.DAMP opt e10s fission stylo webrender,4768565,77,ms,firefox,,1727579944,2023-07-14T19:47:06,809.8949204436649,72da4ec089de56dc3c3cdb69e879b66b5fd3a3ab,1272947
autoland,4768729,12,95f51e857a45cd76f1766c14d6bed804857cd27b,windows10-64-shippable-qr,True,False,,,102210fe594ee9b33d82058545b1ed14f4c8206e,custom.jsdebugger.open.DAMP,damp,True,damp custom.jsdebugger.open.DAMP opt e10s fission stylo webrender,4768565,77,ms,firefox,,1727579666,2023-07-14T20:01:19,809.1350310561975,64cd73529e646b335c9a33a530b2480cd16fe2e1,1272953
autoland,4768729,12,95f51e857a45cd76f1766c14d6bed804857cd27b,windows10-64-shippable-qr,True,False,,,102210fe594ee9b33d82058545b1ed14f4c8206e,custom.jsdebugger.open.DAMP,damp,True,damp custom.jsdebugger.open.DAMP opt e10s fission stylo webrender,4768565,77,ms,firefox,,1726483625,2023-07-14T21:22:48,808.9979608736248,f65db437bbbe4d54d073843c79519c0a373ada5c,1272987
autoland,4768729,12,95f51e857a45cd76f1766c14d6bed804857cd27b,windows10-64-shippable-qr,True,False,,,102210fe594ee9b33d82058545b1ed14f4c8206e,custom.jsdebugger.open.DAMP,damp,True,damp custom.jsdebugger.open.DAMP opt e10s fission stylo webrender,4768565,77,ms,firefox,,1727580781,2023-07-14T21:39:18,808.913636284502,1ea8c8f25503ca9e737f5c3aeb53dc186cd4007d,1272996
autoland,4768729,12,95f51e857a45cd76f1766c14d6bed804857cd27b,windows10-64-shippable-qr,True,False,,,102210fe594ee9b33d82058545b1ed14f4c8206e,custom.jsdebugger.open.DAMP,damp,True,damp custom.jsdebugger.open.DAMP opt e10s fission stylo webrender,4768565,77,ms,firefox,,1727580426,2023-07-14T21:54:07,816.5592887972452,801cb21ffbb0369349041969a90f19a7f34172ec,1273005
autoland,4768729,12,95f51e857a45cd76f1766c14d6bed804857cd27b,windows10-64-shippable-qr,True,False,,,102210fe594ee9b33d82058545b1ed14f4c8206e,custom.jsdebugger.open.DAMP,damp,True,damp custom.jsdebugger.open.DAMP opt e10s fission stylo webrender,4768565,77,ms,firefox,,1726508857,2023-07-14T22:30:09,814.1356690541725,2fa0f2941257f51a55bcabee0f1913fe395266b0,1273018
autoland,4768729,12,95f51e857a45cd76f1766c14d6bed804857cd27b,windows10-64-shippable-qr,True,False,,,102210fe594ee9b33d82058545b1ed14f4c8206e,custom.jsdebugger.open.DAMP,damp,True,damp custom.jsdebugger.open.DAMP opt e10s fission stylo webrender,4768565,77,ms,firefox,,1727580605,2023-07-14T22:33:58,810.2672742856157,0f31967cea4431f8b06b7c61a027b0cea068aff7,1273021
autoland,4768729,12,95f51e857a45cd76f1766c14d6bed804857cd27b,windows10-64-shippable-qr,True,False,,,102210fe594ee9b33d82058545b1ed14f4c8206e,custom.jsdebugger.open.DAMP,damp,True,damp custom.jsdebugger.open.DAMP opt e10s fission stylo webrender,4768565,77,ms,firefox,,1727580670,2023-07-14T22:53:55,809.164686651231,8b8aad02afff4af4a1af8c56a4020f063b1c44a1,1273029
autoland,4768729,12,95f51e857a45cd76f1766c14d6bed804857cd27b,windows10-64-shippable-qr,True,False,,,102210fe594ee9b33d82058545b1ed14f4c8206e,custom.jsdebugger.open.DAMP,damp,True,damp custom.jsdebugger.open.DAMP opt e10s fission stylo webrender,4768565,77,ms,firefox,,1727580860,2023-07-14T23:20:40,808.8835087161133,6e3ba05fc6fee94b3b47f0a80c4a4919d35a7ddc,1273045
autoland,4768729,12,95f51e857a45cd76f1766c14d6bed804857cd27b,windows10-64-shippable-qr,True,False,,,102210fe594ee9b33d82058545b1ed14f4c8206e,custom.jsdebugger.open.DAMP,damp,True,damp custom.jsdebugger.open.DAMP opt e10s fission stylo webrender,4768565,77,ms,firefox,,1727580920,2023-07-14T23:31:36,810.3639598851732,88c664a821cb95e9a01684be29c10ea41bd90424,1273047
autoland,4768729,12,95f51e857a45cd76f1766c14d6bed804857cd27b,windows10-64-shippable-qr,True,False,,,102210fe594ee9b33d82058545b1ed14f4c8206e,custom.jsdebugger.open.DAMP,damp,True,damp custom.jsdebugger.open.DAMP opt e10s fission stylo webrender,4768565,77,ms,firefox,,1727580731,2023-07-14T23:37:39,811.3539091377315,388c352ac4a399a6fdc710c67538089cd973a573,1273048
autoland,4768729,12,95f51e857a45cd76f1766c14d6bed804857cd27b,windows10-64-shippable-qr,True,False,,,102210fe594ee9b33d82058545b1ed14f4c8206e,custom.jsdebugger.open.DAMP,damp,True,damp custom.jsdebugger.open.DAMP opt e10s fission stylo webrender,4768565,77,ms,firefox,,1727581125,2023-07-14T23:52:57,831.9660100556794,f33e293d8af18a6d253c5d9366bac09240e76e05,1273053
autoland,4768729,12,95f51e857a45cd76f1766c14d6bed804857cd27b,windows10-64-shippable-qr,True,False,,,102210fe594ee9b33d82058545b1ed14f4c8206e,custom.jsdebugger.open.DAMP,damp,True,damp custom.jsdebugger.open.DAMP opt e10s fission stylo webrender,4768565,77,ms,firefox,,1727579749,2023-07-15T00:36:20,810.5163829843805,c1bdf8e1ddd719b8ac3c9092572ca54032952903,1273061
autoland,4768729,12,95f51e857a45cd76f1766c14d6bed804857cd27b,windows10-64-shippable-qr,True,False,,,102210fe594ee9b33d82058545b1ed14f4c8206e,custom.jsdebugger.open.DAMP,damp,True,damp custom.jsdebugger.open.DAMP opt e10s fission stylo webrender,4768565,77,ms,firefox,,1727579852,2023-07-15T00:46:42,815.5955333081947,0d93fbc3ef11b2b3af8510af0ec0ad16172cd6fe,1273065
autoland,4768729,12,95f51e857a45cd76f1766c14d6bed804857cd27b,windows10-64-shippable-qr,True,False,,,102210fe594ee9b33d82058545b1ed14f4c8206e,custom.jsdebugger.open.DAMP,damp,True,damp custom.jsdebugger.open.DAMP opt e10s fission stylo webrender,4768565,77,ms,firefox,,1726529756,2023-07-15T02:41:28,814.8901230745887,1e09c6aabfcd1088a923373e95d74f457e863755,1273070
autoland,4768729,12,95f51e857a45cd76f1766c14d6bed804857cd27b,windows10-64-shippable-qr,True,False,,,102210fe594ee9b33d82058545b1ed14f4c8206e,custom.jsdebugger.open.DAMP,damp,True,damp custom.jsdebugger.open.DAMP opt e10s fission stylo webrender,4768565,77,ms,firefox,,1727672141,2023-07-15T07:00:20,835.2161289639771,654b095b511e4eb4ec34edfa2dae71b963f1f75b,1273082
autoland,4768729,12,95f51e857a45cd76f1766c14d6bed804857cd27b,windows10-64-shippable-qr,True,False,,,102210fe594ee9b33d82058545b1ed14f4c8206e,custom.jsdebugger.open.DAMP,damp,True,damp custom.jsdebugger.open.DAMP opt e10s fission stylo webrender,4768565,77,ms,firefox,,1727635409,2023-07-15T07:11:47,816.1002578433254,413d7af91dc0887abea7cf5bc86fad2d52d717d8,1273083
autoland,4768729,12,95f51e857a45cd76f1766c14d6bed804857cd27b,windows10-64-shippable-qr,True,False,,,102210fe594ee9b33d82058545b1ed14f4c8206e,custom.jsdebugger.open.DAMP,damp,True,damp custom.jsdebugger.open.DAMP opt e10s fission stylo webrender,4768565,77,ms,firefox,,1727642790,2023-07-15T08:51:00,810.6279757912198,8f1b412172562385c0cc48a31de09794ebaf6633,1273096
autoland,4768729,12,95f51e857a45cd76f1766c14d6bed804857cd27b,windows10-64-shippable-qr,True,False,,,102210fe594ee9b33d82058545b1ed14f4c8206e,custom.jsdebugger.open.DAMP,damp,True,damp custom.jsdebugger.open.DAMP opt e10s fission stylo webrender,4768565,77,ms,firefox,,1727644633,2023-07-15T09:51:05,818.2625744489633,77db6d9624aa60b093b4435f5972d38861d40536,1273099
autoland,4768729,12,95f51e857a45cd76f1766c14d6bed804857cd27b,windows10-64-shippable-qr,True,False,,,102210fe594ee9b33d82058545b1ed14f4c8206e,custom.jsdebugger.open.DAMP,damp,True,damp custom.jsdebugger.open.DAMP opt e10s fission stylo webrender,4768565,77,ms,firefox,,1727667392,2023-07-15T09:55:05,815.0261444311327,e991da5475e8cf0c85e10d7e29af946ff4f3d453,1273100
autoland,4768729,12,95f51e857a45cd76f1766c14d6bed804857cd27b,windows10-64-shippable-qr,True,False,,,102210fe594ee9b33d82058545b1ed14f4c8206e,custom.jsdebugger.open.DAMP,damp,True,damp custom.jsdebugger.open.DAMP opt e10s fission stylo webrender,4768565,77,ms,firefox,,1726591076,2023-07-15T12:36:57,810.8871127398161,3a71e5ba50017ceb558d246e6ea58f8d5a57a3af,1273110
autoland,4768729,12,95f51e857a45cd76f1766c14d6bed804857cd27b,windows10-64-shippable-qr,True,False,,,102210fe594ee9b33d82058545b1ed14f4c8206e,custom.jsdebugger.open.DAMP,damp,True,damp custom.jsdebugger.open.DAMP opt e10s fission stylo webrender,4768565,77,ms,firefox,,1726634169,2023-07-15T18:59:02,810.6244201613154,23e9067195200f00248b6c027bfae113965bf3ea,1273125
autoland,4768729,12,95f51e857a45cd76f1766c14d6bed804857cd27b,windows10-64-shippable-qr,True,False,,,102210fe594ee9b33d82058545b1ed14f4c8206e,custom.jsdebugger.open.DAMP,damp,True,damp custom.jsdebugger.open.DAMP opt e10s fission stylo webrender,4768565,77,ms,firefox,,1726773881,2023-07-16T17:40:24,811.3953392322728,2d64faa1590722f6ec14781ee5e175a2c875171c,1273186
autoland,4768729,12,95f51e857a45cd76f1766c14d6bed804857cd27b,windows10-64-shippable-qr,True,False,,,102210fe594ee9b33d82058545b1ed14f4c8206e,custom.jsdebugger.open.DAMP,damp,True,damp custom.jsdebugger.open.DAMP opt e10s fission stylo webrender,4768565,77,ms,firefox,,1726901606,2023-07-17T10:08:58,808.8246939605842,ef60c7cdcb76172f1caf579529cf9fb756de4dbd,1273362
autoland,4768729,12,95f51e857a45cd76f1766c14d6bed804857cd27b,windows10-64-shippable-qr,True,False,,,102210fe594ee9b33d82058545b1ed14f4c8206e,custom.jsdebugger.open.DAMP,damp,True,damp custom.jsdebugger.open.DAMP opt e10s fission stylo webrender,4768565,77,ms,firefox,,1727042389,2023-07-17T14:30:30,823.4413074725162,e90e64d1c5a944feafdb48fe3527c9aeeac00ec9,1273474
autoland,4768729,12,95f51e857a45cd76f1766c14d6bed804857cd27b,windows10-64-shippable-qr,True,False,,,102210fe594ee9b33d82058545b1ed14f4c8206e,custom.jsdebugger.open.DAMP,damp,True,damp custom.jsdebugger.open.DAMP opt e10s fission stylo webrender,4768565,77,ms,firefox,,1727012897,2023-07-17T16:07:24,812.0892477896996,01dc0385e5b93df37aef43d60cd1105523eae328,1273529
autoland,4768729,12,95f51e857a45cd76f1766c14d6bed804857cd27b,windows10-64-shippable-qr,True,False,,,102210fe594ee9b33d82058545b1ed14f4c8206e,custom.jsdebugger.open.DAMP,damp,True,damp custom.jsdebugger.open.DAMP opt e10s fission stylo webrender,4768565,77,ms,firefox,,1727170166,2023-07-17T20:04:09,812.2783255981631,f2c1249026167b30c81eff3368093a442a915826,1273673
autoland,4768729,12,95f51e857a45cd76f1766c14d6bed804857cd27b,windows10-64-shippable-qr,True,False,,,102210fe594ee9b33d82058545b1ed14f4c8206e,custom.jsdebugger.open.DAMP,damp,True,damp custom.jsdebugger.open.DAMP opt e10s fission stylo webrender,4768565,77,ms,firefox,,1727214455,2023-07-17T23:40:15,810.2193817225634,bbea40f618ed9435d7c989dcb18dc1ba34d55d4c,1273797
autoland,4768729,12,95f51e857a45cd76f1766c14d6bed804857cd27b,windows10-64-shippable-qr,True,False,,,102210fe594ee9b33d82058545b1ed14f4c8206e,custom.jsdebugger.open.DAMP,damp,True,damp custom.jsdebugger.open.DAMP opt e10s fission stylo webrender,4768565,77,ms,firefox,,1727278060,2023-07-18T04:33:35,820.9566414432647,35e42e5979dac0b99828194869d5dc00365b37fb,1273869
autoland,4768729,12,95f51e857a45cd76f1766c14d6bed804857cd27b,windows10-64-shippable-qr,True,False,,,102210fe594ee9b33d82058545b1ed14f4c8206e,custom.jsdebugger.open.DAMP,damp,True,damp custom.jsdebugger.open.DAMP opt e10s fission stylo webrender,4768565,77,ms,firefox,,1727391059,2023-07-18T08:33:44,808.9945571107701,ff623ceacdca87e37ceaa8e2d7f2072d5a7ae7fb,1273935
autoland,4768729,12,95f51e857a45cd76f1766c14d6bed804857cd27b,windows10-64-shippable-qr,True,False,,,102210fe594ee9b33d82058545b1ed14f4c8206e,custom.jsdebugger.open.DAMP,damp,True,damp custom.jsdebugger.open.DAMP opt e10s fission stylo webrender,4768565,77,ms,firefox,,1727445743,2023-07-18T08:34:31,828.2408666864212,ed8bcaa0195e582a53b92eeac99b65a9c1f06da2,1273936
autoland,4768729,12,95f51e857a45cd76f1766c14d6bed804857cd27b,windows10-64-shippable-qr,True,False,,,102210fe594ee9b33d82058545b1ed14f4c8206e,custom.jsdebugger.open.DAMP,damp,True,damp custom.jsdebugger.open.DAMP opt e10s fission stylo webrender,4768565,77,ms,firefox,,1727548058,2023-07-18T13:03:29,822.9459822472563,bcffaa369c722f4ebfa7cb8af6a3fc605e2efa10,1274068
autoland,4768729,12,95f51e857a45cd76f1766c14d6bed804857cd27b,windows10-64-shippable-qr,True,False,,,102210fe594ee9b33d82058545b1ed14f4c8206e,custom.jsdebugger.open.DAMP,damp,True,damp custom.jsdebugger.open.DAMP opt e10s fission stylo webrender,4768565,77,ms,firefox,,1727561133,2023-07-18T13:45:23,820.615478718355,0de8fdd9abfcc9f9019857d255157b5eb799f98b,1274096
autoland,4768729,12,95f51e857a45cd76f1766c14d6bed804857cd27b,windows10-64-shippable-qr,True,False,,,102210fe594ee9b33d82058545b1ed14f4c8206e,custom.jsdebugger.open.DAMP,damp,True,damp custom.jsdebugger.open.DAMP opt e10s fission stylo webrender,4768565,77,ms,firefox,,1727659084,2023-07-18T17:24:29,811.2513384535705,9330f8cb5765b67a89ac1427300f344a63d42cdc,1274230
autoland,4768729,12,95f51e857a45cd76f1766c14d6bed804857cd27b,windows10-64-shippable-qr,True,False,,,102210fe594ee9b33d82058545b1ed14f4c8206e,custom.jsdebugger.open.DAMP,damp,True,damp custom.jsdebugger.open.DAMP opt e10s fission stylo webrender,4768565,77,ms,firefox,,1727866334,2023-07-18T22:22:09,820.4614279745729,b39dcefbe15f24fbf00da64782588b71ef8277a6,1274408
autoland,4768729,12,95f51e857a45cd76f1766c14d6bed804857cd27b,windows10-64-shippable-qr,True,False,,,102210fe594ee9b33d82058545b1ed14f4c8206e,custom.jsdebugger.open.DAMP,damp,True,damp custom.jsdebugger.open.DAMP opt e10s fission stylo webrender,4768565,77,ms,firefox,,1727844823,2023-07-18T23:34:55,818.4152751049405,a8acb9b8880c2f1c2cf5891e5a20997a21d9d909,1274454
autoland,4768729,12,95f51e857a45cd76f1766c14d6bed804857cd27b,windows10-64-shippable-qr,True,False,,,102210fe594ee9b33d82058545b1ed14f4c8206e,custom.jsdebugger.open.DAMP,damp,True,damp custom.jsdebugger.open.DAMP opt e10s fission stylo webrender,4768565,77,ms,firefox,,1727957447,2023-07-19T05:12:28,820.7652628984797,49a85b3b07e07c1158f9cb0c1f58b67fc2d659f7,1274587
autoland,4768729,12,95f51e857a45cd76f1766c14d6bed804857cd27b,windows10-64-shippable-qr,True,False,,,102210fe594ee9b33d82058545b1ed14f4c8206e,custom.jsdebugger.open.DAMP,damp,True,damp custom.jsdebugger.open.DAMP opt e10s fission stylo webrender,4768565,77,ms,firefox,,1728120884,2023-07-19T08:12:16,821.234206509369,140d21dede36ec0333dbfd36cf0d1320eee6cba4,1274646
autoland,4768729,12,95f51e857a45cd76f1766c14d6bed804857cd27b,windows10-64-shippable-qr,True,False,,,102210fe594ee9b33d82058545b1ed14f4c8206e,custom.jsdebugger.open.DAMP,damp,True,damp custom.jsdebugger.open.DAMP opt e10s fission stylo webrender,4768565,77,ms,firefox,,1729928809,2023-07-19T08:41:52,822.8488728310331,d06da8cdebbfd7d6fbb1808db4df4688418b7c06,1274658
autoland,4768729,12,95f51e857a45cd76f1766c14d6bed804857cd27b,windows10-64-shippable-qr,True,False,,,102210fe594ee9b33d82058545b1ed14f4c8206e,custom.jsdebugger.open.DAMP,damp,True,damp custom.jsdebugger.open.DAMP opt e10s fission stylo webrender,4768565,77,ms,firefox,,1729927011,2023-07-19T08:44:06,810.535715017133,570c5180c6544a50abca263132c618e2f9180733,1274659
autoland,4768729,12,95f51e857a45cd76f1766c14d6bed804857cd27b,windows10-64-shippable-qr,True,False,,,102210fe594ee9b33d82058545b1ed14f4c8206e,custom.jsdebugger.open.DAMP,damp,True,damp custom.jsdebugger.open.DAMP opt e10s fission stylo webrender,4768565,77,ms,firefox,,1729928417,2023-07-19T08:44:53,811.4094401861357,cc17b92d0327a30ffb9a863533c0bfe48e72acdf,1274661
autoland,4768729,12,95f51e857a45cd76f1766c14d6bed804857cd27b,windows10-64-shippable-qr,True,False,,,102210fe594ee9b33d82058545b1ed14f4c8206e,custom.jsdebugger.open.DAMP,damp,True,damp custom.jsdebugger.open.DAMP opt e10s fission stylo webrender,4768565,77,ms,firefox,,1729927354,2023-07-19T09:49:13,809.7800041779192,54ebf8bd2e111f7ea42027f55bf602faca4bb97b,1274692
autoland,4768729,12,95f51e857a45cd76f1766c14d6bed804857cd27b,windows10-64-shippable-qr,True,False,,,102210fe594ee9b33d82058545b1ed14f4c8206e,custom.jsdebugger.open.DAMP,damp,True,damp custom.jsdebugger.open.DAMP opt e10s fission stylo webrender,4768565,77,ms,firefox,,1729926888,2023-07-19T10:08:19,812.0765119277203,e0e64437c8552415307fc220ed6bdc1b0d63a1ab,1274705
autoland,4768729,12,95f51e857a45cd76f1766c14d6bed804857cd27b,windows10-64-shippable-qr,True,False,,,102210fe594ee9b33d82058545b1ed14f4c8206e,custom.jsdebugger.open.DAMP,damp,True,damp custom.jsdebugger.open.DAMP opt e10s fission stylo webrender,4768565,77,ms,firefox,,1729938222,2023-07-19T10:46:54,810.8730579436451,82dbb14b2faa30eeee99ea6cf1f8954a6c99dc90,1274726
autoland,4768729,12,95f51e857a45cd76f1766c14d6bed804857cd27b,windows10-64-shippable-qr,True,False,,,102210fe594ee9b33d82058545b1ed14f4c8206e,custom.jsdebugger.open.DAMP,damp,True,damp custom.jsdebugger.open.DAMP opt e10s fission stylo webrender,4768565,77,ms,firefox,,1729933216,2023-07-19T11:57:17,810.2973116240755,0c549a545b3fa3314c8e73083e2cbb0e409d2480,1274742
autoland,4768729,12,95f51e857a45cd76f1766c14d6bed804857cd27b,windows10-64-shippable-qr,True,False,,,102210fe594ee9b33d82058545b1ed14f4c8206e,custom.jsdebugger.open.DAMP,damp,True,damp custom.jsdebugger.open.DAMP opt e10s fission stylo webrender,4768565,77,ms,firefox,,1729928590,2023-07-19T12:10:08,809.6086308137092,fae49cb48c2cfe1222652d20e5c72d8a04db3c4e,1274743
autoland,4768729,12,95f51e857a45cd76f1766c14d6bed804857cd27b,windows10-64-shippable-qr,True,False,,,102210fe594ee9b33d82058545b1ed14f4c8206e,custom.jsdebugger.open.DAMP,damp,True,damp custom.jsdebugger.open.DAMP opt e10s fission stylo webrender,4768565,77,ms,firefox,,1728273288,2023-07-19T12:13:12,827.4336192566261,b8d9ace4647851e162743362d884084c81a969ab,1274744
autoland,4768729,12,95f51e857a45cd76f1766c14d6bed804857cd27b,windows10-64-shippable-qr,True,False,,,102210fe594ee9b33d82058545b1ed14f4c8206e,custom.jsdebugger.open.DAMP,damp,True,damp custom.jsdebugger.open.DAMP opt e10s fission stylo webrender,4768565,77,ms,firefox,,1729926211,2023-07-19T12:49:40,813.8853210116722,5942e11048eae8c7702ee003bc3ab03091297a2a,1274766
autoland,4768729,12,95f51e857a45cd76f1766c14d6bed804857cd27b,windows10-64-shippable-qr,True,False,,,102210fe594ee9b33d82058545b1ed14f4c8206e,custom.jsdebugger.open.DAMP,damp,True,damp custom.jsdebugger.open.DAMP opt e10s fission stylo webrender,4768565,77,ms,firefox,,1729927213,2023-07-19T12:59:59,810.4529596506336,34b70a539ce3d6b15451a663c4e3478df2e53d53,1274774
autoland,4768729,12,95f51e857a45cd76f1766c14d6bed804857cd27b,windows10-64-shippable-qr,True,False,,,102210fe594ee9b33d82058545b1ed14f4c8206e,custom.jsdebugger.open.DAMP,damp,True,damp custom.jsdebugger.open.DAMP opt e10s fission stylo webrender,4768565,77,ms,firefox,,1729928173,2023-07-19T13:00:47,808.6600407006044,91c8d3b37b2f425bd6de5701e2f74558a8880c02,1274776
autoland,4768729,12,95f51e857a45cd76f1766c14d6bed804857cd27b,windows10-64-shippable-qr,True,False,,,102210fe594ee9b33d82058545b1ed14f4c8206e,custom.jsdebugger.open.DAMP,damp,True,damp custom.jsdebugger.open.DAMP opt e10s fission stylo webrender,4768565,77,ms,firefox,,1729932793,2023-07-19T13:02:35,812.5673068160104,51cde013c8ed7cc6351769787ccb2545e1840acd,1274778
autoland,4768729,12,95f51e857a45cd76f1766c14d6bed804857cd27b,windows10-64-shippable-qr,True,False,,,102210fe594ee9b33d82058545b1ed14f4c8206e,custom.jsdebugger.open.DAMP,damp,True,damp custom.jsdebugger.open.DAMP opt e10s fission stylo webrender,4768565,77,ms,firefox,,1729916037,2023-07-19T13:06:35,809.075874921924,b4b23feef55a5201adccb65558c2f936b437b03c,1274782
autoland,4768729,12,95f51e857a45cd76f1766c14d6bed804857cd27b,windows10-64-shippable-qr,True,False,,,102210fe594ee9b33d82058545b1ed14f4c8206e,custom.jsdebugger.open.DAMP,damp,True,damp custom.jsdebugger.open.DAMP opt e10s fission stylo webrender,4768565,77,ms,firefox,,1729928313,2023-07-19T13:15:01,808.5763340148696,afef23568473a13cc105bf975c38b56d06056d87,1274789
autoland,4768729,12,95f51e857a45cd76f1766c14d6bed804857cd27b,windows10-64-shippable-qr,True,False,,,102210fe594ee9b33d82058545b1ed14f4c8206e,custom.jsdebugger.open.DAMP,damp,True,damp custom.jsdebugger.open.DAMP opt e10s fission stylo webrender,4768565,77,ms,firefox,,1729929190,2023-07-19T14:03:01,812.0884162107541,a51634471bd39eeb0c9d1a11c19fefcbc1a63fcb,1274819
autoland,4768729,12,95f51e857a45cd76f1766c14d6bed804857cd27b,windows10-64-shippable-qr,True,False,,,102210fe594ee9b33d82058545b1ed14f4c8206e,custom.jsdebugger.open.DAMP,damp,True,damp custom.jsdebugger.open.DAMP opt e10s fission stylo webrender,4768565,77,ms,firefox,,1729924317,2023-07-19T14:10:29,809.8066040456906,d9c072524f41115d96afb766ee808c482820d2da,1274825
autoland,4768729,12,95f51e857a45cd76f1766c14d6bed804857cd27b,windows10-64-shippable-qr,True,False,,,102210fe594ee9b33d82058545b1ed14f4c8206e,custom.jsdebugger.open.DAMP,damp,True,damp custom.jsdebugger.open.DAMP opt e10s fission stylo webrender,4768565,77,ms,firefox,,1728506496,2023-07-19T14:37:00,831.5745010564278,c1d9936545b5ba143392d27280eb1d56af5ac580,1274851
autoland,4768729,12,95f51e857a45cd76f1766c14d6bed804857cd27b,windows10-64-shippable-qr,True,False,,,102210fe594ee9b33d82058545b1ed14f4c8206e,custom.jsdebugger.open.DAMP,damp,True,damp custom.jsdebugger.open.DAMP opt e10s fission stylo webrender,4768565,77,ms,firefox,,1729929180,2023-07-19T16:46:48,824.2093873413241,4be4937b5fae067387adb8cf6eb7377f26e731c6,1274944
autoland,4768729,12,95f51e857a45cd76f1766c14d6bed804857cd27b,windows10-64-shippable-qr,True,False,,,102210fe594ee9b33d82058545b1ed14f4c8206e,custom.jsdebugger.open.DAMP,damp,True,damp custom.jsdebugger.open.DAMP opt e10s fission stylo webrender,4768565,77,ms,firefox,,1729927781,2023-07-19T17:15:45,812.5689066078712,62e9b36475c97e8d4cb1610ab6f1b402d17442d2,1274967
autoland,4768729,12,95f51e857a45cd76f1766c14d6bed804857cd27b,windows10-64-shippable-qr,True,False,,,102210fe594ee9b33d82058545b1ed14f4c8206e,custom.jsdebugger.open.DAMP,damp,True,damp custom.jsdebugger.open.DAMP opt e10s fission stylo webrender,4768565,77,ms,firefox,,1729929606,2023-07-19T17:17:44,807.6253011846666,ae13c1d39bda143591aae05bbaa941571aab5b7b,1274968
autoland,4768729,12,95f51e857a45cd76f1766c14d6bed804857cd27b,windows10-64-shippable-qr,True,False,,,102210fe594ee9b33d82058545b1ed14f4c8206e,custom.jsdebugger.open.DAMP,damp,True,damp custom.jsdebugger.open.DAMP opt e10s fission stylo webrender,4768565,77,ms,firefox,,1729933162,2023-07-19T17:18:51,804.7161986421779,3992d1425898f91bdea8c4c12a871432a8000c55,1274970
autoland,4768729,12,95f51e857a45cd76f1766c14d6bed804857cd27b,windows10-64-shippable-qr,True,False,,,102210fe594ee9b33d82058545b1ed14f4c8206e,custom.jsdebugger.open.DAMP,damp,True,damp custom.jsdebugger.open.DAMP opt e10s fission stylo webrender,4768565,77,ms,firefox,,1729933427,2023-07-19T17:21:09,808.6005433345126,a7cb63c2e1a226cedd2ed5873b1b7bdea468790f,1274973
autoland,4768729,12,95f51e857a45cd76f1766c14d6bed804857cd27b,windows10-64-shippable-qr,True,False,,,102210fe594ee9b33d82058545b1ed14f4c8206e,custom.jsdebugger.open.DAMP,damp,True,damp custom.jsdebugger.open.DAMP opt e10s fission stylo webrender,4768565,77,ms,firefox,,1729928479,2023-07-19T17:22:15,818.2048582014686,e79cdb115973eb1463baca20a39489380d045b70,1274974
autoland,4768729,12,95f51e857a45cd76f1766c14d6bed804857cd27b,windows10-64-shippable-qr,True,False,,,102210fe594ee9b33d82058545b1ed14f4c8206e,custom.jsdebugger.open.DAMP,damp,True,damp custom.jsdebugger.open.DAMP opt e10s fission stylo webrender,4768565,77,ms,firefox,,1728594237,2023-07-19T18:46:51,807.4671065768343,a4cb1e2b9e3d0583fb35c77b1b5a61823240d23a,1275034
autoland,4768729,12,95f51e857a45cd76f1766c14d6bed804857cd27b,windows10-64-shippable-qr,True,False,,,102210fe594ee9b33d82058545b1ed14f4c8206e,custom.jsdebugger.open.DAMP,damp,True,damp custom.jsdebugger.open.DAMP opt e10s fission stylo webrender,4768565,77,ms,firefox,,1730144799,2023-07-19T18:49:51,806.9121647682841,cdf2a0349bc6c2b6f160361aeb9b15e291f347b3,1275038
autoland,4768729,12,95f51e857a45cd76f1766c14d6bed804857cd27b,windows10-64-shippable-qr,True,False,,,102210fe594ee9b33d82058545b1ed14f4c8206e,custom.jsdebugger.open.DAMP,damp,True,damp custom.jsdebugger.open.DAMP opt e10s fission stylo webrender,4768565,77,ms,firefox,,1730143543,2023-07-19T18:52:36,806.1889462062827,90802cab2ff88ee98e35c3e456017c737a083233,1275039
autoland,4768729,12,95f51e857a45cd76f1766c14d6bed804857cd27b,windows10-64-shippable-qr,True,False,,,102210fe594ee9b33d82058545b1ed14f4c8206e,custom.jsdebugger.open.DAMP,damp,True,damp custom.jsdebugger.open.DAMP opt e10s fission stylo webrender,4768565,77,ms,firefox,,1730073779,2023-07-19T19:01:00,814.4410936974855,61701dc98fc7a255beeeb7f0d8aa2e048c240036,1275043
autoland,4768729,12,95f51e857a45cd76f1766c14d6bed804857cd27b,windows10-64-shippable-qr,True,False,,,102210fe594ee9b33d82058545b1ed14f4c8206e,custom.jsdebugger.open.DAMP,damp,True,damp custom.jsdebugger.open.DAMP opt e10s fission stylo webrender,4768565,77,ms,firefox,,1730053690,2023-07-19T19:03:53,813.2303668781606,f5e2ab1cf50121dea7de6528cc16048c3bed29a6,1275046
autoland,4768729,12,95f51e857a45cd76f1766c14d6bed804857cd27b,windows10-64-shippable-qr,True,False,,,102210fe594ee9b33d82058545b1ed14f4c8206e,custom.jsdebugger.open.DAMP,damp,True,damp custom.jsdebugger.open.DAMP opt e10s fission stylo webrender,4768565,77,ms,firefox,,1730053795,2023-07-19T19:03:53,824.4855167121859,f5e2ab1cf50121dea7de6528cc16048c3bed29a6,1275046
autoland,4768729,12,95f51e857a45cd76f1766c14d6bed804857cd27b,windows10-64-shippable-qr,True,False,,,102210fe594ee9b33d82058545b1ed14f4c8206e,custom.jsdebugger.open.DAMP,damp,True,damp custom.jsdebugger.open.DAMP opt e10s fission stylo webrender,4768565,77,ms,firefox,,1730005071,2023-07-19T19:36:14,804.4105424303198,69d4d8ce55ac993ac40a7f8fd37cc2867d5afde3,1275073
autoland,4768729,12,95f51e857a45cd76f1766c14d6bed804857cd27b,windows10-64-shippable-qr,True,False,,,102210fe594ee9b33d82058545b1ed14f4c8206e,custom.jsdebugger.open.DAMP,damp,True,damp custom.jsdebugger.open.DAMP opt e10s fission stylo webrender,4768565,77,ms,firefox,,1730005748,2023-07-19T19:37:09,805.4230329567454,49f7cb9f991c8f664059de83caf0f1b375240dce,1275074
autoland,4768729,12,95f51e857a45cd76f1766c14d6bed804857cd27b,windows10-64-shippable-qr,True,False,,,102210fe594ee9b33d82058545b1ed14f4c8206e,custom.jsdebugger.open.DAMP,damp,True,damp custom.jsdebugger.open.DAMP opt e10s fission stylo webrender,4768565,77,ms,firefox,,1730000831,2023-07-19T19:37:56,803.3644526774005,e9219c337bb6ddb5f4829464bef43d95382621e6,1275075
autoland,4768729,12,95f51e857a45cd76f1766c14d6bed804857cd27b,windows10-64-shippable-qr,True,False,,,102210fe594ee9b33d82058545b1ed14f4c8206e,custom.jsdebugger.open.DAMP,damp,True,damp custom.jsdebugger.open.DAMP opt e10s fission stylo webrender,4768565,77,ms,firefox,,1730001709,2023-07-19T19:55:03,806.2537717326923,a7d728e9e7bc6c8f8f6c4aba1d2245c8f980d4fe,1275086
autoland,4768729,12,95f51e857a45cd76f1766c14d6bed804857cd27b,windows10-64-shippable-qr,True,False,,,102210fe594ee9b33d82058545b1ed14f4c8206e,custom.jsdebugger.open.DAMP,damp,True,damp custom.jsdebugger.open.DAMP opt e10s fission stylo webrender,4768565,77,ms,firefox,,1729999950,2023-07-19T21:06:21,806.6048056360996,98a8fe3a114f4376fab445e77e543efb1a33a2e8,1275128
autoland,4768729,12,95f51e857a45cd76f1766c14d6bed804857cd27b,windows10-64-shippable-qr,True,False,,,102210fe594ee9b33d82058545b1ed14f4c8206e,custom.jsdebugger.open.DAMP,damp,True,damp custom.jsdebugger.open.DAMP opt e10s fission stylo webrender,4768565,77,ms,firefox,,1729986641,2023-07-19T21:13:22,801.3432156210692,815c09621b5182253716bead5419a2362645da8a,1275134
autoland,4768729,12,95f51e857a45cd76f1766c14d6bed804857cd27b,windows10-64-shippable-qr,True,False,,,102210fe594ee9b33d82058545b1ed14f4c8206e,custom.jsdebugger.open.DAMP,damp,True,damp custom.jsdebugger.open.DAMP opt e10s fission stylo webrender,4768565,77,ms,firefox,,1729934123,2023-07-19T21:14:31,806.0593162341329,6241c913f7006b072cec8d37a25610a86759a7c5,1275135
autoland,4768729,12,95f51e857a45cd76f1766c14d6bed804857cd27b,windows10-64-shippable-qr,True,False,,,102210fe594ee9b33d82058545b1ed14f4c8206e,custom.jsdebugger.open.DAMP,damp,True,damp custom.jsdebugger.open.DAMP opt e10s fission stylo webrender,4768565,77,ms,firefox,,1729925724,2023-07-19T21:15:34,826.1371029347238,647d7e699887cc4e03192697d5c42dd88073bb34,1275138
autoland,4768729,12,95f51e857a45cd76f1766c14d6bed804857cd27b,windows10-64-shippable-qr,True,False,,,102210fe594ee9b33d82058545b1ed14f4c8206e,custom.jsdebugger.open.DAMP,damp,True,damp custom.jsdebugger.open.DAMP opt e10s fission stylo webrender,4768565,77,ms,firefox,,1729924351,2023-07-19T21:16:22,803.1475354551403,0b4c8765c9ed1218b0bc3381cdd727d1d3b21b52,1275139
autoland,4768729,12,95f51e857a45cd76f1766c14d6bed804857cd27b,windows10-64-shippable-qr,True,False,,,102210fe594ee9b33d82058545b1ed14f4c8206e,custom.jsdebugger.open.DAMP,damp,True,damp custom.jsdebugger.open.DAMP opt e10s fission stylo webrender,4768565,77,ms,firefox,,1729914825,2023-07-19T21:17:28,806.3425568473904,38f32e096d8bd987d16a82e9159b1df38570caca,1275140
autoland,4768729,12,95f51e857a45cd76f1766c14d6bed804857cd27b,windows10-64-shippable-qr,True,False,,,102210fe594ee9b33d82058545b1ed14f4c8206e,custom.jsdebugger.open.DAMP,damp,True,damp custom.jsdebugger.open.DAMP opt e10s fission stylo webrender,4768565,77,ms,firefox,,1729925900,2023-07-19T21:18:23,813.1729591960284,00d95f0173270da2747a3d5ea7dcd55dc8110690,1275141
autoland,4768729,12,95f51e857a45cd76f1766c14d6bed804857cd27b,windows10-64-shippable-qr,True,False,,,102210fe594ee9b33d82058545b1ed14f4c8206e,custom.jsdebugger.open.DAMP,damp,True,damp custom.jsdebugger.open.DAMP opt e10s fission stylo webrender,4768565,77,ms,firefox,,1729929000,2023-07-19T21:19:37,806.7833115449157,2dc0ffebfdeef91174e5af626723f88073147bd9,1275143
autoland,4768729,12,95f51e857a45cd76f1766c14d6bed804857cd27b,windows10-64-shippable-qr,True,False,,,102210fe594ee9b33d82058545b1ed14f4c8206e,custom.jsdebugger.open.DAMP,damp,True,damp custom.jsdebugger.open.DAMP opt e10s fission stylo webrender,4768565,77,ms,firefox,,1729927322,2023-07-19T21:20:25,814.0495895978065,2121a35a5a204ced0349e790e09efbe551135eec,1275144
autoland,4768729,12,95f51e857a45cd76f1766c14d6bed804857cd27b,windows10-64-shippable-qr,True,False,,,102210fe594ee9b33d82058545b1ed14f4c8206e,custom.jsdebugger.open.DAMP,damp,True,damp custom.jsdebugger.open.DAMP opt e10s fission stylo webrender,4768565,77,ms,firefox,,1729926719,2023-07-19T22:15:27,805.2428467614363,f28c20bf2b4253e902368718289df9a10edc674e,1275174
autoland,4768729,12,95f51e857a45cd76f1766c14d6bed804857cd27b,windows10-64-shippable-qr,True,False,,,102210fe594ee9b33d82058545b1ed14f4c8206e,custom.jsdebugger.open.DAMP,damp,True,damp custom.jsdebugger.open.DAMP opt e10s fission stylo webrender,4768565,77,ms,firefox,,1729935817,2023-07-19T22:16:17,804.848948027553,dc5b02b213f9b4f3f59a01c5166ad4860cd16188,1275175
autoland,4768729,12,95f51e857a45cd76f1766c14d6bed804857cd27b,windows10-64-shippable-qr,True,False,,,102210fe594ee9b33d82058545b1ed14f4c8206e,custom.jsdebugger.open.DAMP,damp,True,damp custom.jsdebugger.open.DAMP opt e10s fission stylo webrender,4768565,77,ms,firefox,,1728680304,2023-07-19T22:17:04,808.4318847495379,7d1e4a896dd81d294b7bccc7c20345d7c0432b47,1275176
autoland,4768729,12,95f51e857a45cd76f1766c14d6bed804857cd27b,windows10-64-shippable-qr,True,False,,,102210fe594ee9b33d82058545b1ed14f4c8206e,custom.jsdebugger.open.DAMP,damp,True,damp custom.jsdebugger.open.DAMP opt e10s fission stylo webrender,4768565,77,ms,firefox,,1729991589,2023-07-19T22:17:56,804.8928384914252,32940d64b391508cfe912a339faaec502259a4f3,1275178
autoland,4768729,12,95f51e857a45cd76f1766c14d6bed804857cd27b,windows10-64-shippable-qr,True,False,,,102210fe594ee9b33d82058545b1ed14f4c8206e,custom.jsdebugger.open.DAMP,damp,True,damp custom.jsdebugger.open.DAMP opt e10s fission stylo webrender,4768565,77,ms,firefox,,1729998462,2023-07-19T22:27:58,808.1294377622717,95a4b078f8aa30e83485d819bf28bb990b48e402,1275182
autoland,4768729,12,95f51e857a45cd76f1766c14d6bed804857cd27b,windows10-64-shippable-qr,True,False,,,102210fe594ee9b33d82058545b1ed14f4c8206e,custom.jsdebugger.open.DAMP,damp,True,damp custom.jsdebugger.open.DAMP opt e10s fission stylo webrender,4768565,77,ms,firefox,,1730007053,2023-07-19T22:29:58,808.4125085120068,178f56216f6d54d8ff3a4be2a52e0935b925751c,1275183
autoland,4768729,12,95f51e857a45cd76f1766c14d6bed804857cd27b,windows10-64-shippable-qr,True,False,,,102210fe594ee9b33d82058545b1ed14f4c8206e,custom.jsdebugger.open.DAMP,damp,True,damp custom.jsdebugger.open.DAMP opt e10s fission stylo webrender,4768565,77,ms,firefox,,1729996092,2023-07-19T23:36:21,808.8863448164766,ac54d6ed3da6515e3b9b6a1f638e5590adf402fd,1275214
autoland,4768729,12,95f51e857a45cd76f1766c14d6bed804857cd27b,windows10-64-shippable-qr,True,False,,,102210fe594ee9b33d82058545b1ed14f4c8206e,custom.jsdebugger.open.DAMP,damp,True,damp custom.jsdebugger.open.DAMP opt e10s fission stylo webrender,4768565,77,ms,firefox,,1729999047,2023-07-19T23:48:25,804.0195078859979,163c85e5903a843be47db023d106d34202137547,1275220
autoland,4768729,12,95f51e857a45cd76f1766c14d6bed804857cd27b,windows10-64-shippable-qr,True,False,,,102210fe594ee9b33d82058545b1ed14f4c8206e,custom.jsdebugger.open.DAMP,damp,True,damp custom.jsdebugger.open.DAMP opt e10s fission stylo webrender,4768565,77,ms,firefox,,1730003942,2023-07-19T23:49:21,804.2583374065871,0de156207253a1056d8e1f41c7019a34bec91a61,1275221
autoland,4768729,12,95f51e857a45cd76f1766c14d6bed804857cd27b,windows10-64-shippable-qr,True,False,,,102210fe594ee9b33d82058545b1ed14f4c8206e,custom.jsdebugger.open.DAMP,damp,True,damp custom.jsdebugger.open.DAMP opt e10s fission stylo webrender,4768565,77,ms,firefox,,1730001765,2023-07-20T00:45:19,806.8137289704573,4c4f5623a84e6db3d0f9a7738c0e789c98a4e763,1275243
autoland,4768729,12,95f51e857a45cd76f1766c14d6bed804857cd27b,windows10-64-shippable-qr,True,False,,,102210fe594ee9b33d82058545b1ed14f4c8206e,custom.jsdebugger.open.DAMP,damp,True,damp custom.jsdebugger.open.DAMP opt e10s fission stylo webrender,4768565,77,ms,firefox,,1730004086,2023-07-20T01:59:59,807.0229273404257,05b7466fa4285e8e099e467ecd0887b5496960eb,1275267
autoland,4768729,12,95f51e857a45cd76f1766c14d6bed804857cd27b,windows10-64-shippable-qr,True,False,,,102210fe594ee9b33d82058545b1ed14f4c8206e,custom.jsdebugger.open.DAMP,damp,True,damp custom.jsdebugger.open.DAMP opt e10s fission stylo webrender,4768565,77,ms,firefox,,1728740911,2023-07-20T03:34:20,805.7842297308061,e73cc92e62dbaf2e2cdb70a1d9890da611a2b772,1275291
autoland,4768729,12,95f51e857a45cd76f1766c14d6bed804857cd27b,windows10-64-shippable-qr,True,False,,,102210fe594ee9b33d82058545b1ed14f4c8206e,custom.jsdebugger.open.DAMP,damp,True,damp custom.jsdebugger.open.DAMP opt e10s fission stylo webrender,4768565,77,ms,firefox,,1728942433,2023-07-20T07:42:09,804.8101984781897,9a6d93f12d75deb2d5f6662ca35347a774d7cd6f,1275344
autoland,4768729,12,95f51e857a45cd76f1766c14d6bed804857cd27b,windows10-64-shippable-qr,True,False,,,102210fe594ee9b33d82058545b1ed14f4c8206e,custom.jsdebugger.open.DAMP,damp,True,damp custom.jsdebugger.open.DAMP opt e10s fission stylo webrender,4768565,77,ms,firefox,,1729032368,2023-07-20T12:22:04,809.6371563973153,0278b86272728b17ade153f25ef5ec4442158066,1275437
autoland,4768729,12,95f51e857a45cd76f1766c14d6bed804857cd27b,windows10-64-shippable-qr,True,False,,,102210fe594ee9b33d82058545b1ed14f4c8206e,custom.jsdebugger.open.DAMP,damp,True,damp custom.jsdebugger.open.DAMP opt e10s fission stylo webrender,4768565,77,ms,firefox,,1729157187,2023-07-20T15:24:57,813.2851734673386,0bc898fe076442e9a552e9918f1b50ece1c87859,1275543
autoland,4768729,12,95f51e857a45cd76f1766c14d6bed804857cd27b,windows10-64-shippable-qr,True,False,,,102210fe594ee9b33d82058545b1ed14f4c8206e,custom.jsdebugger.open.DAMP,damp,True,damp custom.jsdebugger.open.DAMP opt e10s fission stylo webrender,4768565,77,ms,firefox,,1729313185,2023-07-20T19:57:27,810.7093010277313,1474bffb9d2bc609c90f59cdbd875d90f152f78b,1275751
autoland,4768729,12,95f51e857a45cd76f1766c14d6bed804857cd27b,windows10-64-shippable-qr,True,False,,,102210fe594ee9b33d82058545b1ed14f4c8206e,custom.jsdebugger.open.DAMP,damp,True,damp custom.jsdebugger.open.DAMP opt e10s fission stylo webrender,4768565,77,ms,firefox,,1729441784,2023-07-21T02:12:29,811.8918083113967,561b7f418a4da2b68cf411804f9a6dcc542bf5d4,1275913
autoland,4768729,12,95f51e857a45cd76f1766c14d6bed804857cd27b,windows10-64-shippable-qr,True,False,,,102210fe594ee9b33d82058545b1ed14f4c8206e,custom.jsdebugger.open.DAMP,damp,True,damp custom.jsdebugger.open.DAMP opt e10s fission stylo webrender,4768565,77,ms,firefox,,1729632256,2023-07-21T09:50:03,838.75182101053,a2fe9197bad582dee22ed11cd3cec32073abcbb1,1276015
autoland,4768729,12,95f51e857a45cd76f1766c14d6bed804857cd27b,windows10-64-shippable-qr,True,False,,,102210fe594ee9b33d82058545b1ed14f4c8206e,custom.jsdebugger.open.DAMP,damp,True,damp custom.jsdebugger.open.DAMP opt e10s fission stylo webrender,4768565,77,ms,firefox,,1729685785,2023-07-21T13:55:08,810.928414122478,9df47ce85e0472ca3ad7784cdf4c5640950ed7d9,1276152
autoland,4768729,12,95f51e857a45cd76f1766c14d6bed804857cd27b,windows10-64-shippable-qr,True,False,,,102210fe594ee9b33d82058545b1ed14f4c8206e,custom.jsdebugger.open.DAMP,damp,True,damp custom.jsdebugger.open.DAMP opt e10s fission stylo webrender,4768565,77,ms,firefox,,1729813208,2023-07-21T17:11:12,814.4799669862623,e289c1fd943bfc8c2973687da74a008f86d9e60f,1276290
autoland,4768729,12,95f51e857a45cd76f1766c14d6bed804857cd27b,windows10-64-shippable-qr,True,False,,,102210fe594ee9b33d82058545b1ed14f4c8206e,custom.jsdebugger.open.DAMP,damp,True,damp custom.jsdebugger.open.DAMP opt e10s fission stylo webrender,4768565,77,ms,firefox,,1729879161,2023-07-21T21:17:12,806.0787060456278,f13e959d38c7e8d9590bbc8d44f95149bbe180d1,1276495
autoland,4768729,12,95f51e857a45cd76f1766c14d6bed804857cd27b,windows10-64-shippable-qr,True,False,,,102210fe594ee9b33d82058545b1ed14f4c8206e,custom.jsdebugger.open.DAMP,damp,True,damp custom.jsdebugger.open.DAMP opt e10s fission stylo webrender,4768565,77,ms,firefox,,1729903040,2023-07-21T22:20:56,827.344531332652,50344759578b6b2e1851c6a6133121c4d89b4f0d,1276531
autoland,4768729,12,95f51e857a45cd76f1766c14d6bed804857cd27b,windows10-64-shippable-qr,True,False,,,102210fe594ee9b33d82058545b1ed14f4c8206e,custom.jsdebugger.open.DAMP,damp,True,damp custom.jsdebugger.open.DAMP opt e10s fission stylo webrender,4768565,77,ms,firefox,,1729957902,2023-07-22T03:42:46,815.2347176663679,e4939251f81ca8c6a2fb9db3bbd4416e04dff97d,1276588
autoland,4768729,12,95f51e857a45cd76f1766c14d6bed804857cd27b,windows10-64-shippable-qr,True,False,,,102210fe594ee9b33d82058545b1ed14f4c8206e,custom.jsdebugger.open.DAMP,damp,True,damp custom.jsdebugger.open.DAMP opt e10s fission stylo webrender,4768565,77,ms,firefox,,1730056835,2023-07-22T08:58:42,824.638535978127,c95ec2e13d66e06547002bd008e87bea4f94c022,1276620
autoland,4768729,12,95f51e857a45cd76f1766c14d6bed804857cd27b,windows10-64-shippable-qr,True,False,,,102210fe594ee9b33d82058545b1ed14f4c8206e,custom.jsdebugger.open.DAMP,damp,True,damp custom.jsdebugger.open.DAMP opt e10s fission stylo webrender,4768565,77,ms,firefox,,1730107725,2023-07-22T14:13:52,805.8707014135216,b16351df250c572a14efa126f7702fe104ac9fd7,1276645
autoland,4768729,12,95f51e857a45cd76f1766c14d6bed804857cd27b,windows10-64-shippable-qr,True,False,,,102210fe594ee9b33d82058545b1ed14f4c8206e,custom.jsdebugger.open.DAMP,damp,True,damp custom.jsdebugger.open.DAMP opt e10s fission stylo webrender,4768565,77,ms,firefox,,1730218345,2023-07-23T02:59:53,806.5084998696038,829bb0f62051beedfe5ba05f679d3b6c8e0d1a3b,1276677
autoland,4768729,12,95f51e857a45cd76f1766c14d6bed804857cd27b,windows10-64-shippable-qr,True,False,,,102210fe594ee9b33d82058545b1ed14f4c8206e,custom.jsdebugger.open.DAMP,damp,True,damp custom.jsdebugger.open.DAMP opt e10s fission stylo webrender,4768565,77,ms,firefox,,1730287004,2023-07-23T12:16:45,803.8979931985959,bd6c5007212e7ee9ecc312d4ef096252a9702033,1276689
autoland,4768729,12,95f51e857a45cd76f1766c14d6bed804857cd27b,windows10-64-shippable-qr,True,False,,,102210fe594ee9b33d82058545b1ed14f4c8206e,custom.jsdebugger.open.DAMP,damp,True,damp custom.jsdebugger.open.DAMP opt e10s fission stylo webrender,4768565,77,ms,firefox,,1730334422,2023-07-23T17:37:04,806.4945934423586,2fd3284df4616a8723f5b749c4652a682c7b5372,1276726
autoland,4768729,12,95f51e857a45cd76f1766c14d6bed804857cd27b,windows10-64-shippable-qr,True,False,,,102210fe594ee9b33d82058545b1ed14f4c8206e,custom.jsdebugger.open.DAMP,damp,True,damp custom.jsdebugger.open.DAMP opt e10s fission stylo webrender,4768565,77,ms,firefox,,1730414109,2023-07-24T00:19:00,814.7523508467793,7e5acc812edd3bcb93cfaf76eaab2c3fd6c4d274,1276767
autoland,4768729,12,95f51e857a45cd76f1766c14d6bed804857cd27b,windows10-64-shippable-qr,True,False,,,102210fe594ee9b33d82058545b1ed14f4c8206e,custom.jsdebugger.open.DAMP,damp,True,damp custom.jsdebugger.open.DAMP opt e10s fission stylo webrender,4768565,77,ms,firefox,,1730440253,2023-07-24T03:08:06,806.9627868350799,7b6332c9bce4487c1db3384523b5991fef31e28c,1276802
autoland,4768729,12,95f51e857a45cd76f1766c14d6bed804857cd27b,windows10-64-shippable-qr,True,False,,,102210fe594ee9b33d82058545b1ed14f4c8206e,custom.jsdebugger.open.DAMP,damp,True,damp custom.jsdebugger.open.DAMP opt e10s fission stylo webrender,4768565,77,ms,firefox,,1730496026,2023-07-24T07:35:58,808.7235436213086,91b590f6e608c6c3787304fa0010ce58519bde50,1276834
autoland,4768729,12,95f51e857a45cd76f1766c14d6bed804857cd27b,windows10-64-shippable-qr,True,False,,,102210fe594ee9b33d82058545b1ed14f4c8206e,custom.jsdebugger.open.DAMP,damp,True,damp custom.jsdebugger.open.DAMP opt e10s fission stylo webrender,4768565,77,ms,firefox,,1730661521,2023-07-24T11:14:54,810.5613976641907,b1a1263e67ce531d13e0a5e2e77c737b114e38b0,1276910
autoland,4768729,12,95f51e857a45cd76f1766c14d6bed804857cd27b,windows10-64-shippable-qr,True,False,,,102210fe594ee9b33d82058545b1ed14f4c8206e,custom.jsdebugger.open.DAMP,damp,True,damp custom.jsdebugger.open.DAMP opt e10s fission stylo webrender,4768565,77,ms,firefox,,1730823675,2023-07-24T16:02:50,811.12656210961,2483fdffbe5e3c051a32bcf141fb33e9803c0afc,1277068
autoland,4768729,12,95f51e857a45cd76f1766c14d6bed804857cd27b,windows10-64-shippable-qr,True,False,,,102210fe594ee9b33d82058545b1ed14f4c8206e,custom.jsdebugger.open.DAMP,damp,True,damp custom.jsdebugger.open.DAMP opt e10s fission stylo webrender,4768565,77,ms,firefox,,1730876959,2023-07-24T19:16:11,809.6950530602335,f9c12557d7a4e074be3fc45027ae8ffbb8f27aaf,1277230
autoland,4768729,12,95f51e857a45cd76f1766c14d6bed804857cd27b,windows10-64-shippable-qr,True,False,,,102210fe594ee9b33d82058545b1ed14f4c8206e,custom.jsdebugger.open.DAMP,damp,True,damp custom.jsdebugger.open.DAMP opt e10s fission stylo webrender,4768565,77,ms,firefox,,1730985155,2023-07-24T23:43:54,807.5332202383142,bd745245ac70d82630be9e971b5a9077b5f514e8,1277393
autoland,4768729,12,95f51e857a45cd76f1766c14d6bed804857cd27b,windows10-64-shippable-qr,True,False,,,102210fe594ee9b33d82058545b1ed14f4c8206e,custom.jsdebugger.open.DAMP,damp,True,damp custom.jsdebugger.open.DAMP opt e10s fission stylo webrender,4768565,77,ms,firefox,,1730989005,2023-07-25T00:28:34,811.2520629350765,1084bcb2a2550fee8fad1f0be69e603b6c8d67bd,1277414
autoland,4768729,12,95f51e857a45cd76f1766c14d6bed804857cd27b,windows10-64-shippable-qr,True,False,,,102210fe594ee9b33d82058545b1ed14f4c8206e,custom.jsdebugger.open.DAMP,damp,True,damp custom.jsdebugger.open.DAMP opt e10s fission stylo webrender,4768565,77,ms,firefox,,1731061901,2023-07-25T04:47:38,805.6419414660122,862d1cf3d7a17e3dde9bda49c5561ec902bb8136,1277485
autoland,4768729,12,95f51e857a45cd76f1766c14d6bed804857cd27b,windows10-64-shippable-qr,True,False,,,102210fe594ee9b33d82058545b1ed14f4c8206e,custom.jsdebugger.open.DAMP,damp,True,damp custom.jsdebugger.open.DAMP opt e10s fission stylo webrender,4768565,77,ms,firefox,,1731140580,2023-07-25T10:06:07,810.6157342981023,8ea7aa580b526bc8c4a486b95f73da88462f716d,1277567
autoland,4768729,12,95f51e857a45cd76f1766c14d6bed804857cd27b,windows10-64-shippable-qr,True,False,,,102210fe594ee9b33d82058545b1ed14f4c8206e,custom.jsdebugger.open.DAMP,damp,True,damp custom.jsdebugger.open.DAMP opt e10s fission stylo webrender,4768565,77,ms,firefox,,1731184466,2023-07-25T10:29:47,807.3712702901539,45a52966f9649f4dc9b8bbb6a8e68cdcc63ee287,1277576
autoland,4768729,12,95f51e857a45cd76f1766c14d6bed804857cd27b,windows10-64-shippable-qr,True,False,,,102210fe594ee9b33d82058545b1ed14f4c8206e,custom.jsdebugger.open.DAMP,damp,True,damp custom.jsdebugger.open.DAMP opt e10s fission stylo webrender,4768565,77,ms,firefox,,1731329374,2023-07-25T14:49:04,813.2356595455249,1ae7562fa2353aa63871f769d4e0a1cdd9becf78,1277682
autoland,4768729,12,95f51e857a45cd76f1766c14d6bed804857cd27b,windows10-64-shippable-qr,True,False,,,102210fe594ee9b33d82058545b1ed14f4c8206e,custom.jsdebugger.open.DAMP,damp,True,damp custom.jsdebugger.open.DAMP opt e10s fission stylo webrender,4768565,77,ms,firefox,,1731312897,2023-07-25T15:17:56,815.7298032178878,c30662ce80ba57a0977cdeb03e776a28af4fa2fb,1277708
autoland,4768729,12,95f51e857a45cd76f1766c14d6bed804857cd27b,windows10-64-shippable-qr,True,False,,,102210fe594ee9b33d82058545b1ed14f4c8206e,custom.jsdebugger.open.DAMP,damp,True,damp custom.jsdebugger.open.DAMP opt e10s fission stylo webrender,4768565,77,ms,firefox,,1731453607,2023-07-25T23:05:26,804.248780074875,9a2f59dbe5917068801919377341eb7c1ea2030d,1278011
autoland,4768729,12,95f51e857a45cd76f1766c14d6bed804857cd27b,windows10-64-shippable-qr,True,False,,,102210fe594ee9b33d82058545b1ed14f4c8206e,custom.jsdebugger.open.DAMP,damp,True,damp custom.jsdebugger.open.DAMP opt e10s fission stylo webrender,4768565,77,ms,firefox,,1731502641,2023-07-26T02:26:30,805.2147532433446,6a9aca2a1b89781175cdec2df700998fa9209282,1278087
autoland,4768729,12,95f51e857a45cd76f1766c14d6bed804857cd27b,windows10-64-shippable-qr,True,False,,,102210fe594ee9b33d82058545b1ed14f4c8206e,custom.jsdebugger.open.DAMP,damp,True,damp custom.jsdebugger.open.DAMP opt e10s fission stylo webrender,4768565,77,ms,firefox,,1731548065,2023-07-26T06:49:07,809.1563148640998,8470bc21f160f3c1fecb034308c203412e1fcb3c,1278154
autoland,4768729,12,95f51e857a45cd76f1766c14d6bed804857cd27b,windows10-64-shippable-qr,True,False,,,102210fe594ee9b33d82058545b1ed14f4c8206e,custom.jsdebugger.open.DAMP,damp,True,damp custom.jsdebugger.open.DAMP opt e10s fission stylo webrender,4768565,77,ms,firefox,,1731606338,2023-07-26T09:35:06,805.4341926961497,87846ae3f12d74bcc97619bea65453ce0aca0e54,1278218
autoland,4768729,12,95f51e857a45cd76f1766c14d6bed804857cd27b,windows10-64-shippable-qr,True,False,,,102210fe594ee9b33d82058545b1ed14f4c8206e,custom.jsdebugger.open.DAMP,damp,True,damp custom.jsdebugger.open.DAMP opt e10s fission stylo webrender,4768565,77,ms,firefox,,1731783614,2023-07-26T15:38:17,816.6130488431372,b65b154c05c37b796b5c0ef7cc01fd37ecfdea1c,1278401
autoland,4768729,12,95f51e857a45cd76f1766c14d6bed804857cd27b,windows10-64-shippable-qr,True,False,,,102210fe594ee9b33d82058545b1ed14f4c8206e,custom.jsdebugger.open.DAMP,damp,True,damp custom.jsdebugger.open.DAMP opt e10s fission stylo webrender,4768565,77,ms,firefox,,1731887344,2023-07-26T23:24:58,800.7142740114359,84a5d1af6f7ff3689a022412a1fbc2c6632a5f96,1278695
autoland,4768729,12,95f51e857a45cd76f1766c14d6bed804857cd27b,windows10-64-shippable-qr,True,False,,,102210fe594ee9b33d82058545b1ed14f4c8206e,custom.jsdebugger.open.DAMP,damp,True,damp custom.jsdebugger.open.DAMP opt e10s fission stylo webrender,4768565,77,ms,firefox,,1731993225,2023-07-27T01:40:00,807.2147955686814,3e5ffa17cbfe0cff1585c411714ca008dc6ae15e,1278764
autoland,4768729,12,95f51e857a45cd76f1766c14d6bed804857cd27b,windows10-64-shippable-qr,True,False,,,102210fe594ee9b33d82058545b1ed14f4c8206e,custom.jsdebugger.open.DAMP,damp,True,damp custom.jsdebugger.open.DAMP opt e10s fission stylo webrender,4768565,77,ms,firefox,,1732146340,2023-07-27T11:30:20,820.56065961883,84800a0d7e6ed9c82449cedd7ba57c2061572292,1278928
autoland,4768729,12,95f51e857a45cd76f1766c14d6bed804857cd27b,windows10-64-shippable-qr,True,False,,,102210fe594ee9b33d82058545b1ed14f4c8206e,custom.jsdebugger.open.DAMP,damp,True,damp custom.jsdebugger.open.DAMP opt e10s fission stylo webrender,4768565,77,ms,firefox,,1732434956,2023-07-27T19:34:25,805.6830244838256,f50f1984cd54c49748c94ebf3f3709aa4c582ead,1279276
autoland,4768729,12,95f51e857a45cd76f1766c14d6bed804857cd27b,windows10-64-shippable-qr,True,False,,,102210fe594ee9b33d82058545b1ed14f4c8206e,custom.jsdebugger.open.DAMP,damp,True,damp custom.jsdebugger.open.DAMP opt e10s fission stylo webrender,4768565,77,ms,firefox,,1732532439,2023-07-27T23:35:22,805.758326483905,0b367e70ac913aeec6308d2b941cff4dc929cd22,1279407
autoland,4768729,12,95f51e857a45cd76f1766c14d6bed804857cd27b,windows10-64-shippable-qr,True,False,,,102210fe594ee9b33d82058545b1ed14f4c8206e,custom.jsdebugger.open.DAMP,damp,True,damp custom.jsdebugger.open.DAMP opt e10s fission stylo webrender,4768565,77,ms,firefox,,1732545299,2023-07-28T01:05:08,817.6760701836611,36ce680ea81ccb2f123f0f6831596185e6ea4e83,1279448
autoland,4768729,12,95f51e857a45cd76f1766c14d6bed804857cd27b,windows10-64-shippable-qr,True,False,,,102210fe594ee9b33d82058545b1ed14f4c8206e,custom.jsdebugger.open.DAMP,damp,True,damp custom.jsdebugger.open.DAMP opt e10s fission stylo webrender,4768565,77,ms,firefox,,1732626782,2023-07-28T05:46:55,802.2622879083792,10692fd51184d10f78fb0eb56090f3c55827b561,1279508
autoland,4768729,12,95f51e857a45cd76f1766c14d6bed804857cd27b,windows10-64-shippable-qr,True,False,,,102210fe594ee9b33d82058545b1ed14f4c8206e,custom.jsdebugger.open.DAMP,damp,True,damp custom.jsdebugger.open.DAMP opt e10s fission stylo webrender,4768565,77,ms,firefox,,1732753406,2023-07-28T11:09:37,813.2521710517904,af33198f4756b96446ab9cb00f77cc6e2b27f314,1279609
autoland,4768729,12,95f51e857a45cd76f1766c14d6bed804857cd27b,windows10-64-shippable-qr,True,False,,,102210fe594ee9b33d82058545b1ed14f4c8206e,custom.jsdebugger.open.DAMP,damp,True,damp custom.jsdebugger.open.DAMP opt e10s fission stylo webrender,4768565,77,ms,firefox,,1732860998,2023-07-28T14:46:21,815.0488687850666,08098e30932d89da82f6e452fff88fee938088d7,1279720
autoland,4768729,12,95f51e857a45cd76f1766c14d6bed804857cd27b,windows10-64-shippable-qr,True,False,,,102210fe594ee9b33d82058545b1ed14f4c8206e,custom.jsdebugger.open.DAMP,damp,True,damp custom.jsdebugger.open.DAMP opt e10s fission stylo webrender,4768565,77,ms,firefox,,1732957196,2023-07-28T18:48:27,825.9076746843721,2f51f44f5da6afbdb8a587b03f47fcdc7b672475,1279862
autoland,4768729,12,95f51e857a45cd76f1766c14d6bed804857cd27b,windows10-64-shippable-qr,True,False,,,102210fe594ee9b33d82058545b1ed14f4c8206e,custom.jsdebugger.open.DAMP,damp,True,damp custom.jsdebugger.open.DAMP opt e10s fission stylo webrender,4768565,77,ms,firefox,,1733007443,2023-07-28T22:56:39,803.9406899706009,95255b6bb2d51d6c10d6a3471da82aeaf7512c0f,1279985
autoland,4768729,12,95f51e857a45cd76f1766c14d6bed804857cd27b,windows10-64-shippable-qr,True,False,,,102210fe594ee9b33d82058545b1ed14f4c8206e,custom.jsdebugger.open.DAMP,damp,True,damp custom.jsdebugger.open.DAMP opt e10s fission stylo webrender,4768565,77,ms,firefox,,1733050843,2023-07-29T03:44:49,805.5968094885175,1c410aed156878dc739ffdb4343c315fb0bb0a00,1280031
autoland,4768729,12,95f51e857a45cd76f1766c14d6bed804857cd27b,windows10-64-shippable-qr,True,False,,,102210fe594ee9b33d82058545b1ed14f4c8206e,custom.jsdebugger.open.DAMP,damp,True,damp custom.jsdebugger.open.DAMP opt e10s fission stylo webrender,4768565,77,ms,firefox,,1733108931,2023-07-29T09:43:33,810.4394769816718,5f1e1cd609f68ff20fbea6b02e5a3444f7dd303d,1280059
autoland,4768729,12,95f51e857a45cd76f1766c14d6bed804857cd27b,windows10-64-shippable-qr,True,False,,,102210fe594ee9b33d82058545b1ed14f4c8206e,custom.jsdebugger.open.DAMP,damp,True,damp custom.jsdebugger.open.DAMP opt e10s fission stylo webrender,4768565,77,ms,firefox,,1733213312,2023-07-30T01:23:54,810.3206517824801,9a9597eb50561ea739c8a26da45dcbad6557a326,1280105
autoland,4768729,12,95f51e857a45cd76f1766c14d6bed804857cd27b,windows10-64-shippable-qr,True,False,,,102210fe594ee9b33d82058545b1ed14f4c8206e,custom.jsdebugger.open.DAMP,damp,True,damp custom.jsdebugger.open.DAMP opt e10s fission stylo webrender,4768565,77,ms,firefox,,1733273576,2023-07-30T13:52:06,803.040568908159,ce5b2b0d4bc01294b78eeb50a7738e0b5755b3a4,1280125
autoland,4768729,12,95f51e857a45cd76f1766c14d6bed804857cd27b,windows10-64-shippable-qr,True,False,,,102210fe594ee9b33d82058545b1ed14f4c8206e,custom.jsdebugger.open.DAMP,damp,True,damp custom.jsdebugger.open.DAMP opt e10s fission stylo webrender,4768565,77,ms,firefox,,1734434118,2023-07-30T21:10:03,806.8378200977459,bba3456af1314079700b1a73704b05f5b71808c0,1280149
autoland,4768729,12,95f51e857a45cd76f1766c14d6bed804857cd27b,windows10-64-shippable-qr,True,False,,,102210fe594ee9b33d82058545b1ed14f4c8206e,custom.jsdebugger.open.DAMP,damp,True,damp custom.jsdebugger.open.DAMP opt e10s fission stylo webrender,4768565,77,ms,firefox,,1733344553,2023-07-31T04:52:45,806.7742390228104,91dd0dbb8e738b29e6f14bdbaaf28f2b1f531b2b,1280185
autoland,4768729,12,95f51e857a45cd76f1766c14d6bed804857cd27b,windows10-64-shippable-qr,True,False,,,102210fe594ee9b33d82058545b1ed14f4c8206e,custom.jsdebugger.open.DAMP,damp,True,damp custom.jsdebugger.open.DAMP opt e10s fission stylo webrender,4768565,77,ms,firefox,,1734418445,2023-07-31T05:26:32,806.1427060784081,de9db70356d707696cb66f7e68eb63e428c82734,1280195
autoland,4768729,12,95f51e857a45cd76f1766c14d6bed804857cd27b,windows10-64-shippable-qr,True,False,,,102210fe594ee9b33d82058545b1ed14f4c8206e,custom.jsdebugger.open.DAMP,damp,True,damp custom.jsdebugger.open.DAMP opt e10s fission stylo webrender,4768565,77,ms,firefox,,1734434368,2023-07-31T06:59:32,807.9383701029583,52c4e09a8b3ce712e69c774040c91606122d491c,1280212
autoland,4768729,12,95f51e857a45cd76f1766c14d6bed804857cd27b,windows10-64-shippable-qr,True,False,,,102210fe594ee9b33d82058545b1ed14f4c8206e,custom.jsdebugger.open.DAMP,damp,True,damp custom.jsdebugger.open.DAMP opt e10s fission stylo webrender,4768565,77,ms,firefox,,1734418341,2023-07-31T07:49:29,807.6092454959289,2b16642c816d0e26e8e7485e3196a604bf9e925d,1280226
autoland,4768729,12,95f51e857a45cd76f1766c14d6bed804857cd27b,windows10-64-shippable-qr,True,False,,,102210fe594ee9b33d82058545b1ed14f4c8206e,custom.jsdebugger.open.DAMP,damp,True,damp custom.jsdebugger.open.DAMP opt e10s fission stylo webrender,4768565,77,ms,firefox,,1734431806,2023-07-31T08:04:54,810.0871971174929,d45bcd7a21bee1357b7776c3a88aee286778e174,1280228
autoland,4768729,12,95f51e857a45cd76f1766c14d6bed804857cd27b,windows10-64-shippable-qr,True,False,,,102210fe594ee9b33d82058545b1ed14f4c8206e,custom.jsdebugger.open.DAMP,damp,True,damp custom.jsdebugger.open.DAMP opt e10s fission stylo webrender,4768565,77,ms,firefox,,1733456076,2023-07-31T09:26:34,811.3700386832497,2b4f8ad0cecd1e9ce287bf572fd28b8b94d91717,1280244
autoland,4768729,12,95f51e857a45cd76f1766c14d6bed804857cd27b,windows10-64-shippable-qr,True,False,,,102210fe594ee9b33d82058545b1ed14f4c8206e,custom.jsdebugger.open.DAMP,damp,True,damp custom.jsdebugger.open.DAMP opt e10s fission stylo webrender,4768565,77,ms,firefox,,1734431198,2023-07-31T10:32:30,809.4076100832463,c028aea4532a0e50fb6bebc41152241767d39b19,1280273
autoland,4768729,12,95f51e857a45cd76f1766c14d6bed804857cd27b,windows10-64-shippable-qr,True,False,,,102210fe594ee9b33d82058545b1ed14f4c8206e,custom.jsdebugger.open.DAMP,damp,True,damp custom.jsdebugger.open.DAMP opt e10s fission stylo webrender,4768565,77,ms,firefox,,1734450306,2023-07-31T10:38:26,819.0234380066722,4f54f2ed8c932a24ace5049feeb230581184a46c,1280275
autoland,4768729,12,95f51e857a45cd76f1766c14d6bed804857cd27b,windows10-64-shippable-qr,True,False,,,102210fe594ee9b33d82058545b1ed14f4c8206e,custom.jsdebugger.open.DAMP,damp,True,damp custom.jsdebugger.open.DAMP opt e10s fission stylo webrender,4768565,77,ms,firefox,,1733470410,2023-07-31T10:39:42,813.0617707625497,805b1cd5321098059e548eed4aa9db6f43cd833e,1280276
autoland,4768729,12,95f51e857a45cd76f1766c14d6bed804857cd27b,windows10-64-shippable-qr,True,False,,,102210fe594ee9b33d82058545b1ed14f4c8206e,custom.jsdebugger.open.DAMP,damp,True,damp custom.jsdebugger.open.DAMP opt e10s fission stylo webrender,4768565,77,ms,firefox,,1734431991,2023-07-31T11:58:41,805.1809612491234,0e9cb62ee3805ddb89441d8ba79a60974941a78c,1280300
autoland,4768729,12,95f51e857a45cd76f1766c14d6bed804857cd27b,windows10-64-shippable-qr,True,False,,,102210fe594ee9b33d82058545b1ed14f4c8206e,custom.jsdebugger.open.DAMP,damp,True,damp custom.jsdebugger.open.DAMP opt e10s fission stylo webrender,4768565,77,ms,firefox,,1734432226,2023-07-31T12:24:30,805.6078648620896,04afef954f1204a63e6f003196bb308fb0d2ad77,1280309
autoland,4768729,12,95f51e857a45cd76f1766c14d6bed804857cd27b,windows10-64-shippable-qr,True,False,,,102210fe594ee9b33d82058545b1ed14f4c8206e,custom.jsdebugger.open.DAMP,damp,True,damp custom.jsdebugger.open.DAMP opt e10s fission stylo webrender,4768565,77,ms,firefox,,1734440668,2023-07-31T12:29:34,810.205257491747,82405e95ba5932d939dc0283a704b4151de19cb2,1280312
autoland,4768729,12,95f51e857a45cd76f1766c14d6bed804857cd27b,windows10-64-shippable-qr,True,False,,,102210fe594ee9b33d82058545b1ed14f4c8206e,custom.jsdebugger.open.DAMP,damp,True,damp custom.jsdebugger.open.DAMP opt e10s fission stylo webrender,4768565,77,ms,firefox,,1734436906,2023-07-31T13:08:49,804.9412121299029,25069a171ecec0af4a16feb0518a4d945b96df4b,1280323
autoland,4768729,12,95f51e857a45cd76f1766c14d6bed804857cd27b,windows10-64-shippable-qr,True,False,,,102210fe594ee9b33d82058545b1ed14f4c8206e,custom.jsdebugger.open.DAMP,damp,True,damp custom.jsdebugger.open.DAMP opt e10s fission stylo webrender,4768565,77,ms,firefox,,1734454705,2023-07-31T13:45:27,813.9668797496415,97216c9cf71bd28fd6770cb887b9d5bd4101493e,1280342
autoland,4768729,12,95f51e857a45cd76f1766c14d6bed804857cd27b,windows10-64-shippable-qr,True,False,,,102210fe594ee9b33d82058545b1ed14f4c8206e,custom.jsdebugger.open.DAMP,damp,True,damp custom.jsdebugger.open.DAMP opt e10s fission stylo webrender,4768565,77,ms,firefox,,1734432660,2023-07-31T13:50:30,804.0347041078057,02ab7c1d0c0d8d605c2bd778ca9c542babdd22d0,1280344
autoland,4768729,12,95f51e857a45cd76f1766c14d6bed804857cd27b,windows10-64-shippable-qr,True,False,,,102210fe594ee9b33d82058545b1ed14f4c8206e,custom.jsdebugger.open.DAMP,damp,True,damp custom.jsdebugger.open.DAMP opt e10s fission stylo webrender,4768565,77,ms,firefox,,1734420440,2023-07-31T13:51:51,807.8746978772797,7b994721e8fb3d4c561aa35ab5023267ed0c45f4,1280346
autoland,4768729,12,95f51e857a45cd76f1766c14d6bed804857cd27b,windows10-64-shippable-qr,True,False,,,102210fe594ee9b33d82058545b1ed14f4c8206e,custom.jsdebugger.open.DAMP,damp,True,damp custom.jsdebugger.open.DAMP opt e10s fission stylo webrender,4768565,77,ms,firefox,,1734434457,2023-07-31T13:57:14,806.0072246576456,5d30a3fd85667365fb807e7859df252a19d644c8,1280348
autoland,4768729,12,95f51e857a45cd76f1766c14d6bed804857cd27b,windows10-64-shippable-qr,True,False,,,102210fe594ee9b33d82058545b1ed14f4c8206e,custom.jsdebugger.open.DAMP,damp,True,damp custom.jsdebugger.open.DAMP opt e10s fission stylo webrender,4768565,77,ms,firefox,,1734433817,2023-07-31T13:58:02,807.0131993487266,9fe508b430347d8f5b1509fd7952e4664e424ae3,1280350
autoland,4768729,12,95f51e857a45cd76f1766c14d6bed804857cd27b,windows10-64-shippable-qr,True,False,,,102210fe594ee9b33d82058545b1ed14f4c8206e,custom.jsdebugger.open.DAMP,damp,True,damp custom.jsdebugger.open.DAMP opt e10s fission stylo webrender,4768565,77,ms,firefox,,1733600433,2023-07-31T14:45:15,817.3065764089115,7cad7000bc1c51f14ca241ac2aa08ac299612b8c,1280380
autoland,4768729,12,95f51e857a45cd76f1766c14d6bed804857cd27b,windows10-64-shippable-qr,True,False,,,102210fe594ee9b33d82058545b1ed14f4c8206e,custom.jsdebugger.open.DAMP,damp,True,damp custom.jsdebugger.open.DAMP opt e10s fission stylo webrender,4768565,77,ms,firefox,,1734434033,2023-07-31T14:53:07,807.607696511317,d7e1bc5fa37d0b2113274fe3e262ee053a50115e,1280386
autoland,4768729,12,95f51e857a45cd76f1766c14d6bed804857cd27b,windows10-64-shippable-qr,True,False,,,102210fe594ee9b33d82058545b1ed14f4c8206e,custom.jsdebugger.open.DAMP,damp,True,damp custom.jsdebugger.open.DAMP opt e10s fission stylo webrender,4768565,77,ms,firefox,,1734402094,2023-07-31T14:55:33,836.2912177559074,9e236040dbebcbd0457b0eeedbe2f9c748222f7e,1280390
autoland,4768729,12,95f51e857a45cd76f1766c14d6bed804857cd27b,windows10-64-shippable-qr,True,False,,,102210fe594ee9b33d82058545b1ed14f4c8206e,custom.jsdebugger.open.DAMP,damp,True,damp custom.jsdebugger.open.DAMP opt e10s fission stylo webrender,4768565,77,ms,firefox,,1734401681,2023-07-31T15:11:07,812.6203199794691,546ff8a87052dd519d6886aaf27a95450b6e4444,1280402
autoland,4768729,12,95f51e857a45cd76f1766c14d6bed804857cd27b,windows10-64-shippable-qr,True,False,,,102210fe594ee9b33d82058545b1ed14f4c8206e,custom.jsdebugger.open.DAMP,damp,True,damp custom.jsdebugger.open.DAMP opt e10s fission stylo webrender,4768565,77,ms,firefox,,1734432840,2023-07-31T15:11:57,806.4291894862481,6312f41e52236601468e1305e197e667d5666ba4,1280403
autoland,4768729,12,95f51e857a45cd76f1766c14d6bed804857cd27b,windows10-64-shippable-qr,True,False,,,102210fe594ee9b33d82058545b1ed14f4c8206e,custom.jsdebugger.open.DAMP,damp,True,damp custom.jsdebugger.open.DAMP opt e10s fission stylo webrender,4768565,77,ms,firefox,,1734418195,2023-07-31T15:40:05,807.9305974589079,b33a0ed0e057977b753004e4ca4a6671c25b4365,1280425
autoland,4768729,12,95f51e857a45cd76f1766c14d6bed804857cd27b,windows10-64-shippable-qr,True,False,,,102210fe594ee9b33d82058545b1ed14f4c8206e,custom.jsdebugger.open.DAMP,damp,True,damp custom.jsdebugger.open.DAMP opt e10s fission stylo webrender,4768565,77,ms,firefox,,1734439057,2023-07-31T15:41:07,804.6183773215598,5ba7142bc00fc3c37628c5cd8692f72163bcb72b,1280426
autoland,4768729,12,95f51e857a45cd76f1766c14d6bed804857cd27b,windows10-64-shippable-qr,True,False,,,102210fe594ee9b33d82058545b1ed14f4c8206e,custom.jsdebugger.open.DAMP,damp,True,damp custom.jsdebugger.open.DAMP opt e10s fission stylo webrender,4768565,77,ms,firefox,,1733621182,2023-07-31T16:08:26,808.9621860628686,0a238650aa096b0da883226d02d11fc5178541f3,1280438
autoland,4768729,12,95f51e857a45cd76f1766c14d6bed804857cd27b,windows10-64-shippable-qr,True,False,,,102210fe594ee9b33d82058545b1ed14f4c8206e,custom.jsdebugger.open.DAMP,damp,True,damp custom.jsdebugger.open.DAMP opt e10s fission stylo webrender,4768565,77,ms,firefox,,1734431746,2023-07-31T17:26:23,811.0481160943891,085c31f150d35371620bb3f884c9f20b396dbe08,1280474
autoland,4768729,12,95f51e857a45cd76f1766c14d6bed804857cd27b,windows10-64-shippable-qr,True,False,,,102210fe594ee9b33d82058545b1ed14f4c8206e,custom.jsdebugger.open.DAMP,damp,True,damp custom.jsdebugger.open.DAMP opt e10s fission stylo webrender,4768565,77,ms,firefox,,1734434762,2023-07-31T17:49:21,806.4974562111602,0421f7e408c0eb7d9af6a93c13910c7c9946b382,1280484
autoland,4768729,12,95f51e857a45cd76f1766c14d6bed804857cd27b,windows10-64-shippable-qr,True,False,,,102210fe594ee9b33d82058545b1ed14f4c8206e,custom.jsdebugger.open.DAMP,damp,True,damp custom.jsdebugger.open.DAMP opt e10s fission stylo webrender,4768565,77,ms,firefox,,1734435371,2023-07-31T18:12:29,807.7470524104792,8ccad8ba7c8fc9039264384f077d0fa2744f68c1,1280493
autoland,4768729,12,95f51e857a45cd76f1766c14d6bed804857cd27b,windows10-64-shippable-qr,True,False,,,102210fe594ee9b33d82058545b1ed14f4c8206e,custom.jsdebugger.open.DAMP,damp,True,damp custom.jsdebugger.open.DAMP opt e10s fission stylo webrender,4768565,77,ms,firefox,,1734431133,2023-07-31T19:11:00,804.6012066814146,416a8b6b6458c743ddaf456c097378c4397aad93,1280541
autoland,4768729,12,95f51e857a45cd76f1766c14d6bed804857cd27b,windows10-64-shippable-qr,True,False,,,102210fe594ee9b33d82058545b1ed14f4c8206e,custom.jsdebugger.open.DAMP,damp,True,damp custom.jsdebugger.open.DAMP opt e10s fission stylo webrender,4768565,77,ms,firefox,,1733771654,2023-07-31T21:31:29,816.2809939358704,2d698aca1dece26df297dd085dbde9216e3b2e66,1280612
autoland,4768729,12,95f51e857a45cd76f1766c14d6bed804857cd27b,windows10-64-shippable-qr,True,False,,,102210fe594ee9b33d82058545b1ed14f4c8206e,custom.jsdebugger.open.DAMP,damp,True,damp custom.jsdebugger.open.DAMP opt e10s fission stylo webrender,4768565,77,ms,firefox,,1733776820,2023-07-31T21:34:42,822.6133636073064,28250de453513da3369c412cbce0f35b97146bec,1280618
autoland,4768729,12,95f51e857a45cd76f1766c14d6bed804857cd27b,windows10-64-shippable-qr,True,False,,,102210fe594ee9b33d82058545b1ed14f4c8206e,custom.jsdebugger.open.DAMP,damp,True,damp custom.jsdebugger.open.DAMP opt e10s fission stylo webrender,4768565,77,ms,firefox,,1733777032,2023-07-31T21:34:42,812.2847252966012,28250de453513da3369c412cbce0f35b97146bec,1280618
autoland,4768729,12,95f51e857a45cd76f1766c14d6bed804857cd27b,windows10-64-shippable-qr,True,False,,,102210fe594ee9b33d82058545b1ed14f4c8206e,custom.jsdebugger.open.DAMP,damp,True,damp custom.jsdebugger.open.DAMP opt e10s fission stylo webrender,4768565,77,ms,firefox,,1733777095,2023-07-31T21:34:42,813.3408949954119,28250de453513da3369c412cbce0f35b97146bec,1280618
autoland,4768729,12,95f51e857a45cd76f1766c14d6bed804857cd27b,windows10-64-shippable-qr,True,False,,,102210fe594ee9b33d82058545b1ed14f4c8206e,custom.jsdebugger.open.DAMP,damp,True,damp custom.jsdebugger.open.DAMP opt e10s fission stylo webrender,4768565,77,ms,firefox,,1733820533,2023-07-31T23:41:21,805.1055265953328,195161a06a7a71dbce0ee5e8ddb8c84f3cb03df7,1280694
autoland,4768729,12,95f51e857a45cd76f1766c14d6bed804857cd27b,windows10-64-shippable-qr,True,False,,,102210fe594ee9b33d82058545b1ed14f4c8206e,custom.jsdebugger.open.DAMP,damp,True,damp custom.jsdebugger.open.DAMP opt e10s fission stylo webrender,4768565,77,ms,firefox,,1733876607,2023-08-01T03:53:20,810.9597565067452,ca66ac527c958bd3f26f8c86f291fa85de21ec56,1280753
autoland,4768729,12,95f51e857a45cd76f1766c14d6bed804857cd27b,windows10-64-shippable-qr,True,False,,,102210fe594ee9b33d82058545b1ed14f4c8206e,custom.jsdebugger.open.DAMP,damp,True,damp custom.jsdebugger.open.DAMP opt e10s fission stylo webrender,4768565,77,ms,firefox,,1733911432,2023-08-01T04:02:13,824.4463323947857,d5ecff066adaf3a4029a970db93a9f23f1ed2587,1280758
autoland,4768729,12,95f51e857a45cd76f1766c14d6bed804857cd27b,windows10-64-shippable-qr,True,False,,,102210fe594ee9b33d82058545b1ed14f4c8206e,custom.jsdebugger.open.DAMP,damp,True,damp custom.jsdebugger.open.DAMP opt e10s fission stylo webrender,4768565,77,ms,firefox,,1734016170,2023-08-01T08:15:56,807.1555474393972,5201d6f4a7e8740bd42f08295800c15e0e18cd7e,1280812
autoland,4768729,12,95f51e857a45cd76f1766c14d6bed804857cd27b,windows10-64-shippable-qr,True,False,,,102210fe594ee9b33d82058545b1ed14f4c8206e,custom.jsdebugger.open.DAMP,damp,True,damp custom.jsdebugger.open.DAMP opt e10s fission stylo webrender,4768565,77,ms,firefox,,1734020882,2023-08-01T08:24:47,815.1246822187204,b83cfea645752706c643567095d49b349cb9e610,1280822
autoland,4768729,12,95f51e857a45cd76f1766c14d6bed804857cd27b,windows10-64-shippable-qr,True,False,,,102210fe594ee9b33d82058545b1ed14f4c8206e,custom.jsdebugger.open.DAMP,damp,True,damp custom.jsdebugger.open.DAMP opt e10s fission stylo webrender,4768565,77,ms,firefox,,1734088370,2023-08-01T12:32:45,811.2175464477914,90b19e0d07e5d2cd137f135b860f0357df90e338,1280938
autoland,4768729,12,95f51e857a45cd76f1766c14d6bed804857cd27b,windows10-64-shippable-qr,True,False,,,102210fe594ee9b33d82058545b1ed14f4c8206e,custom.jsdebugger.open.DAMP,damp,True,damp custom.jsdebugger.open.DAMP opt e10s fission stylo webrender,4768565,77,ms,firefox,,1734106754,2023-08-01T12:49:44,812.3215682740847,61356e1447e3bb09709883f8b5806a201d39c5a4,1280953
autoland,4768729,12,95f51e857a45cd76f1766c14d6bed804857cd27b,windows10-64-shippable-qr,True,False,,,102210fe594ee9b33d82058545b1ed14f4c8206e,custom.jsdebugger.open.DAMP,damp,True,damp custom.jsdebugger.open.DAMP opt e10s fission stylo webrender,4768565,77,ms,firefox,,1734155861,2023-08-01T15:48:38,805.4724598660277,ea7df1f8976b5cdf0d7ddbc918c38d7fffcee983,1281058
autoland,4768729,12,95f51e857a45cd76f1766c14d6bed804857cd27b,windows10-64-shippable-qr,True,False,,,102210fe594ee9b33d82058545b1ed14f4c8206e,custom.jsdebugger.open.DAMP,damp,True,damp custom.jsdebugger.open.DAMP opt e10s fission stylo webrender,4768565,77,ms,firefox,,1734354580,2023-08-01T20:02:17,806.0297806049275,fd6f3d21ce3f450906d293c067fdadc62ea991a6,1281212
autoland,4768729,12,95f51e857a45cd76f1766c14d6bed804857cd27b,windows10-64-shippable-qr,True,False,,,102210fe594ee9b33d82058545b1ed14f4c8206e,custom.jsdebugger.open.DAMP,damp,True,damp custom.jsdebugger.open.DAMP opt e10s fission stylo webrender,4768565,77,ms,firefox,,1734395350,2023-08-02T00:13:38,804.8716175532936,323a980eddb18489b9d7de1ffeff427026574b4c,1281337
autoland,4768729,12,95f51e857a45cd76f1766c14d6bed804857cd27b,windows10-64-shippable-qr,True,False,,,102210fe594ee9b33d82058545b1ed14f4c8206e,custom.jsdebugger.open.DAMP,damp,True,damp custom.jsdebugger.open.DAMP opt e10s fission stylo webrender,4768565,77,ms,firefox,,1734560835,2023-08-02T06:07:22,814.2744453922205,7ee1dad073d03db2f730fd5c2baf77f37e458feb,1281414
autoland,4768729,12,95f51e857a45cd76f1766c14d6bed804857cd27b,windows10-64-shippable-qr,True,False,,,102210fe594ee9b33d82058545b1ed14f4c8206e,custom.jsdebugger.open.DAMP,damp,True,damp custom.jsdebugger.open.DAMP opt e10s fission stylo webrender,4768565,77,ms,firefox,,1734540590,2023-08-02T06:35:09,814.9215889200568,a8968f9e8cf0bba14f132004f11b34a8abb93165,1281421
autoland,4768729,12,95f51e857a45cd76f1766c14d6bed804857cd27b,windows10-64-shippable-qr,True,False,,,102210fe594ee9b33d82058545b1ed14f4c8206e,custom.jsdebugger.open.DAMP,damp,True,damp custom.jsdebugger.open.DAMP opt e10s fission stylo webrender,4768565,77,ms,firefox,,1734614923,2023-08-02T10:39:12,845.0945562729612,338c2c8d91af0f92fa1a7a3b5fb1830adb54b373,1281520
autoland,4768729,12,95f51e857a45cd76f1766c14d6bed804857cd27b,windows10-64-shippable-qr,True,False,,,102210fe594ee9b33d82058545b1ed14f4c8206e,custom.jsdebugger.open.DAMP,damp,True,damp custom.jsdebugger.open.DAMP opt e10s fission stylo webrender,4768565,77,ms,firefox,,1734644594,2023-08-02T12:59:29,817.7867404310673,b21c8906db6d0a7e0fbae7e609d90da9cf977fbb,1281568
autoland,4768729,12,95f51e857a45cd76f1766c14d6bed804857cd27b,windows10-64-shippable-qr,True,False,,,102210fe594ee9b33d82058545b1ed14f4c8206e,custom.jsdebugger.open.DAMP,damp,True,damp custom.jsdebugger.open.DAMP opt e10s fission stylo webrender,4768565,77,ms,firefox,,1734729630,2023-08-02T16:29:38,813.5398312854522,90ca26ab8ee142d08164d3ed9761aa023bc4e2aa,1281697
autoland,4768729,12,95f51e857a45cd76f1766c14d6bed804857cd27b,windows10-64-shippable-qr,True,False,,,102210fe594ee9b33d82058545b1ed14f4c8206e,custom.jsdebugger.open.DAMP,damp,True,damp custom.jsdebugger.open.DAMP opt e10s fission stylo webrender,4768565,77,ms,firefox,,1735055543,2023-08-03T00:54:50,813.0086712186894,9836af94c959ecca4666d7f0c19125b41969ff65,1282044
autoland,4768729,12,95f51e857a45cd76f1766c14d6bed804857cd27b,windows10-64-shippable-qr,True,False,,,102210fe594ee9b33d82058545b1ed14f4c8206e,custom.jsdebugger.open.DAMP,damp,True,damp custom.jsdebugger.open.DAMP opt e10s fission stylo webrender,4768565,77,ms,firefox,,1735039805,2023-08-03T00:55:51,813.8303228358709,c37e853eb755f0f4110f01509516da8c93baf284,1282045
autoland,4768729,12,95f51e857a45cd76f1766c14d6bed804857cd27b,windows10-64-shippable-qr,True,False,,,102210fe594ee9b33d82058545b1ed14f4c8206e,custom.jsdebugger.open.DAMP,damp,True,damp custom.jsdebugger.open.DAMP opt e10s fission stylo webrender,4768565,77,ms,firefox,,1735156999,2023-08-03T05:32:27,819.78879698315,1eb2f6905e74aa982d6b71bec524ccfde726bb7b,1282117
autoland,4768729,12,95f51e857a45cd76f1766c14d6bed804857cd27b,windows10-64-shippable-qr,True,False,,,102210fe594ee9b33d82058545b1ed14f4c8206e,custom.jsdebugger.open.DAMP,damp,True,damp custom.jsdebugger.open.DAMP opt e10s fission stylo webrender,4768565,77,ms,firefox,,1736390257,2023-08-03T08:18:28,818.4541404465417,ce70368fe145625608ba707f859b6262e49a3fde,1282156
autoland,4768729,12,95f51e857a45cd76f1766c14d6bed804857cd27b,windows10-64-shippable-qr,True,False,,,102210fe594ee9b33d82058545b1ed14f4c8206e,custom.jsdebugger.open.DAMP,damp,True,damp custom.jsdebugger.open.DAMP opt e10s fission stylo webrender,4768565,77,ms,firefox,,1736391244,2023-08-03T08:30:00,808.3194296722804,fc6121a69859862d3762da053541db6e8fb1a235,1282163
autoland,4768729,12,95f51e857a45cd76f1766c14d6bed804857cd27b,windows10-64-shippable-qr,True,False,,,102210fe594ee9b33d82058545b1ed14f4c8206e,custom.jsdebugger.open.DAMP,damp,True,damp custom.jsdebugger.open.DAMP opt e10s fission stylo webrender,4768565,77,ms,firefox,,1736392102,2023-08-03T09:00:47,802.5481544286849,95b8138d8bc94b65efc456a3eba38835a3afb3a9,1282178
autoland,4768729,12,95f51e857a45cd76f1766c14d6bed804857cd27b,windows10-64-shippable-qr,True,False,,,102210fe594ee9b33d82058545b1ed14f4c8206e,custom.jsdebugger.open.DAMP,damp,True,damp custom.jsdebugger.open.DAMP opt e10s fission stylo webrender,4768565,77,ms,firefox,,1736392750,2023-08-03T09:07:03,804.973126812918,ebc036450b323fadbab0feb654346cf19d5720a2,1282181
autoland,4768729,12,95f51e857a45cd76f1766c14d6bed804857cd27b,windows10-64-shippable-qr,True,False,,,102210fe594ee9b33d82058545b1ed14f4c8206e,custom.jsdebugger.open.DAMP,damp,True,damp custom.jsdebugger.open.DAMP opt e10s fission stylo webrender,4768565,77,ms,firefox,,1736390193,2023-08-03T09:28:34,805.251550762936,01837134e47e1685a64e399acb9ef435e1b3a65d,1282191
autoland,4768729,12,95f51e857a45cd76f1766c14d6bed804857cd27b,windows10-64-shippable-qr,True,False,,,102210fe594ee9b33d82058545b1ed14f4c8206e,custom.jsdebugger.open.DAMP,damp,True,damp custom.jsdebugger.open.DAMP opt e10s fission stylo webrender,4768565,77,ms,firefox,,1735237516,2023-08-03T09:35:33,812.9621014121913,6f55c55c40c70eff3b82d3129f516257598ea115,1282197
autoland,4768729,12,95f51e857a45cd76f1766c14d6bed804857cd27b,windows10-64-shippable-qr,True,False,,,102210fe594ee9b33d82058545b1ed14f4c8206e,custom.jsdebugger.open.DAMP,damp,True,damp custom.jsdebugger.open.DAMP opt e10s fission stylo webrender,4768565,77,ms,firefox,,1736390371,2023-08-03T11:00:21,804.0996773041779,038d0e1757415d411c5203961ad858ad60118a0c,1282226
autoland,4768729,12,95f51e857a45cd76f1766c14d6bed804857cd27b,windows10-64-shippable-qr,True,False,,,102210fe594ee9b33d82058545b1ed14f4c8206e,custom.jsdebugger.open.DAMP,damp,True,damp custom.jsdebugger.open.DAMP opt e10s fission stylo webrender,4768565,77,ms,firefox,,1736389093,2023-08-03T11:03:15,803.6425355583742,0744a4057867d426271b00fd3f15951dc9d18ab9,1282227
autoland,4768729,12,95f51e857a45cd76f1766c14d6bed804857cd27b,windows10-64-shippable-qr,True,False,,,102210fe594ee9b33d82058545b1ed14f4c8206e,custom.jsdebugger.open.DAMP,damp,True,damp custom.jsdebugger.open.DAMP opt e10s fission stylo webrender,4768565,77,ms,firefox,,1736392572,2023-08-03T11:04:56,802.5463129678974,ab5c361b9916c486c602424efdf3563d59f77b5b,1282228
autoland,4768729,12,95f51e857a45cd76f1766c14d6bed804857cd27b,windows10-64-shippable-qr,True,False,,,102210fe594ee9b33d82058545b1ed14f4c8206e,custom.jsdebugger.open.DAMP,damp,True,damp custom.jsdebugger.open.DAMP opt e10s fission stylo webrender,4768565,77,ms,firefox,,1735283684,2023-08-03T11:38:24,807.8889943608374,9a8ae552959ec73c3546151f30d131552d64bce0,1282235
autoland,4768729,12,95f51e857a45cd76f1766c14d6bed804857cd27b,windows10-64-shippable-qr,True,False,,,102210fe594ee9b33d82058545b1ed14f4c8206e,custom.jsdebugger.open.DAMP,damp,True,damp custom.jsdebugger.open.DAMP opt e10s fission stylo webrender,4768565,77,ms,firefox,,1736390699,2023-08-03T14:14:17,802.501872214285,d84e836e47652db87a27a6f4b689c2a34c699685,1282300
autoland,4768729,12,95f51e857a45cd76f1766c14d6bed804857cd27b,windows10-64-shippable-qr,True,False,,,102210fe594ee9b33d82058545b1ed14f4c8206e,custom.jsdebugger.open.DAMP,damp,True,damp custom.jsdebugger.open.DAMP opt e10s fission stylo webrender,4768565,77,ms,firefox,,1736389468,2023-08-03T14:15:27,804.2699500253075,7c3b8868096b30db100c466dbca55fe673efd1b2,1282301
autoland,4768729,12,95f51e857a45cd76f1766c14d6bed804857cd27b,windows10-64-shippable-qr,True,False,,,102210fe594ee9b33d82058545b1ed14f4c8206e,custom.jsdebugger.open.DAMP,damp,True,damp custom.jsdebugger.open.DAMP opt e10s fission stylo webrender,4768565,77,ms,firefox,,1736390456,2023-08-03T14:16:16,803.7812874399715,b2cc22534ecdaa1e1f00f93d1c09260344c340e9,1282303
autoland,4768729,12,95f51e857a45cd76f1766c14d6bed804857cd27b,windows10-64-shippable-qr,True,False,,,102210fe594ee9b33d82058545b1ed14f4c8206e,custom.jsdebugger.open.DAMP,damp,True,damp custom.jsdebugger.open.DAMP opt e10s fission stylo webrender,4768565,77,ms,firefox,,1736389526,2023-08-03T14:17:05,804.506523907341,0633fc6a610e483da0f0ac5641f66a964420e697,1282304
autoland,4768729,12,95f51e857a45cd76f1766c14d6bed804857cd27b,windows10-64-shippable-qr,True,False,,,102210fe594ee9b33d82058545b1ed14f4c8206e,custom.jsdebugger.open.DAMP,damp,True,damp custom.jsdebugger.open.DAMP opt e10s fission stylo webrender,4768565,77,ms,firefox,,1736388601,2023-08-03T14:18:12,807.8890338797282,79cd2eba90d36212245b0af31cbe00e4154a1c5a,1282306
autoland,4768729,12,95f51e857a45cd76f1766c14d6bed804857cd27b,windows10-64-shippable-qr,True,False,,,102210fe594ee9b33d82058545b1ed14f4c8206e,custom.jsdebugger.open.DAMP,damp,True,damp custom.jsdebugger.open.DAMP opt e10s fission stylo webrender,4768565,77,ms,firefox,,1736384491,2023-08-03T14:19:08,802.3421598674831,588683fe0bb990c5d55a73ef988de35266140b53,1282308
autoland,4768729,12,95f51e857a45cd76f1766c14d6bed804857cd27b,windows10-64-shippable-qr,True,False,,,102210fe594ee9b33d82058545b1ed14f4c8206e,custom.jsdebugger.open.DAMP,damp,True,damp custom.jsdebugger.open.DAMP opt e10s fission stylo webrender,4768565,77,ms,firefox,,1736382317,2023-08-03T14:22:06,815.1151879943573,6008820328aa76634b459ba3684b5b0323e582f6,1282311
autoland,4768729,12,95f51e857a45cd76f1766c14d6bed804857cd27b,windows10-64-shippable-qr,True,False,,,102210fe594ee9b33d82058545b1ed14f4c8206e,custom.jsdebugger.open.DAMP,damp,True,damp custom.jsdebugger.open.DAMP opt e10s fission stylo webrender,4768565,77,ms,firefox,,1736382130,2023-08-03T14:23:01,814.2275315511579,70697d9cc1cd620b8e896293858057259c6b54f6,1282313
autoland,4768729,12,95f51e857a45cd76f1766c14d6bed804857cd27b,windows10-64-shippable-qr,True,False,,,102210fe594ee9b33d82058545b1ed14f4c8206e,custom.jsdebugger.open.DAMP,damp,True,damp custom.jsdebugger.open.DAMP opt e10s fission stylo webrender,4768565,77,ms,firefox,,1735475504,2023-08-03T15:46:38,813.1043736427819,b801323d1ecc3535a192916c7cb0575710458777,1282361
autoland,4768729,12,95f51e857a45cd76f1766c14d6bed804857cd27b,windows10-64-shippable-qr,True,False,,,102210fe594ee9b33d82058545b1ed14f4c8206e,custom.jsdebugger.open.DAMP,damp,True,damp custom.jsdebugger.open.DAMP opt e10s fission stylo webrender,4768565,77,ms,firefox,,1736383464,2023-08-03T15:55:35,819.2418770221993,3d9308c4bebf7f62c9bb9511647283492ffd0550,1282367
autoland,4768729,12,95f51e857a45cd76f1766c14d6bed804857cd27b,windows10-64-shippable-qr,True,False,,,102210fe594ee9b33d82058545b1ed14f4c8206e,custom.jsdebugger.open.DAMP,damp,True,damp custom.jsdebugger.open.DAMP opt e10s fission stylo webrender,4768565,77,ms,firefox,,1736382504,2023-08-03T15:56:32,811.5036061835854,fffad9c225c7c01f2a11f936580714578b329c10,1282368
autoland,4768729,12,95f51e857a45cd76f1766c14d6bed804857cd27b,windows10-64-shippable-qr,True,False,,,102210fe594ee9b33d82058545b1ed14f4c8206e,custom.jsdebugger.open.DAMP,damp,True,damp custom.jsdebugger.open.DAMP opt e10s fission stylo webrender,4768565,77,ms,firefox,,1736382451,2023-08-03T15:57:22,812.7357117184047,bbe27026e714e6eb4b13398615ad9c34f142f637,1282369
autoland,4768729,12,95f51e857a45cd76f1766c14d6bed804857cd27b,windows10-64-shippable-qr,True,False,,,102210fe594ee9b33d82058545b1ed14f4c8206e,custom.jsdebugger.open.DAMP,damp,True,damp custom.jsdebugger.open.DAMP opt e10s fission stylo webrender,4768565,77,ms,firefox,,1736382745,2023-08-03T15:58:52,815.7692452102347,54392d90eefe45783c710f5ad4088988b260e9ef,1282371
autoland,4768729,12,95f51e857a45cd76f1766c14d6bed804857cd27b,windows10-64-shippable-qr,True,False,,,102210fe594ee9b33d82058545b1ed14f4c8206e,custom.jsdebugger.open.DAMP,damp,True,damp custom.jsdebugger.open.DAMP opt e10s fission stylo webrender,4768565,77,ms,firefox,,1736382660,2023-08-03T15:59:42,813.6873277973646,8c37f2aefe559060c998282e6d523a922fe075c8,1282373
autoland,4768729,12,95f51e857a45cd76f1766c14d6bed804857cd27b,windows10-64-shippable-qr,True,False,,,102210fe594ee9b33d82058545b1ed14f4c8206e,custom.jsdebugger.open.DAMP,damp,True,damp custom.jsdebugger.open.DAMP opt e10s fission stylo webrender,4768565,77,ms,firefox,,1735436018,2023-08-03T16:00:50,814.8331836018187,58d067f89f59472dc1a89d573ccebb4850863efa,1282374
autoland,4768729,12,95f51e857a45cd76f1766c14d6bed804857cd27b,windows10-64-shippable-qr,True,False,,,102210fe594ee9b33d82058545b1ed14f4c8206e,custom.jsdebugger.open.DAMP,damp,True,damp custom.jsdebugger.open.DAMP opt e10s fission stylo webrender,4768565,77,ms,firefox,,1736389779,2023-08-03T18:19:48,805.4294804469237,3db10d6296ee2f4f023f1877ce5b194b7c62a259,1282465
autoland,4768729,12,95f51e857a45cd76f1766c14d6bed804857cd27b,windows10-64-shippable-qr,True,False,,,102210fe594ee9b33d82058545b1ed14f4c8206e,custom.jsdebugger.open.DAMP,damp,True,damp custom.jsdebugger.open.DAMP opt e10s fission stylo webrender,4768565,77,ms,firefox,,1736391551,2023-08-03T18:30:40,824.5812098144088,3b8590dae1a656c8e899e4bc741b5a40562e4fa4,1282475
autoland,4768729,12,95f51e857a45cd76f1766c14d6bed804857cd27b,windows10-64-shippable-qr,True,False,,,102210fe594ee9b33d82058545b1ed14f4c8206e,custom.jsdebugger.open.DAMP,damp,True,damp custom.jsdebugger.open.DAMP opt e10s fission stylo webrender,4768565,77,ms,firefox,,1736389292,2023-08-03T18:36:03,805.793047987434,b8f6a652779d04c2f1d94e6037f35fbffc4685f5,1282476
autoland,4768729,12,95f51e857a45cd76f1766c14d6bed804857cd27b,windows10-64-shippable-qr,True,False,,,102210fe594ee9b33d82058545b1ed14f4c8206e,custom.jsdebugger.open.DAMP,damp,True,damp custom.jsdebugger.open.DAMP opt e10s fission stylo webrender,4768565,77,ms,firefox,,1736390854,2023-08-03T18:40:42,801.0836975354468,48eff09bd49c095b266d0c0c936d6058b9d50266,1282478
autoland,4768729,12,95f51e857a45cd76f1766c14d6bed804857cd27b,windows10-64-shippable-qr,True,False,,,102210fe594ee9b33d82058545b1ed14f4c8206e,custom.jsdebugger.open.DAMP,damp,True,damp custom.jsdebugger.open.DAMP opt e10s fission stylo webrender,4768565,77,ms,firefox,,1736389933,2023-08-03T18:45:17,802.6439343178972,448119a9baa5f23a986c3e568cdfd580baf23273,1282481
autoland,4768729,12,95f51e857a45cd76f1766c14d6bed804857cd27b,windows10-64-shippable-qr,True,False,,,102210fe594ee9b33d82058545b1ed14f4c8206e,custom.jsdebugger.open.DAMP,damp,True,damp custom.jsdebugger.open.DAMP opt e10s fission stylo webrender,4768565,77,ms,firefox,,1736391740,2023-08-03T18:46:08,804.5052548221647,d82a8644ef7e815ab7e00a85ece70a02d62cc9ae,1282482
autoland,4768729,12,95f51e857a45cd76f1766c14d6bed804857cd27b,windows10-64-shippable-qr,True,False,,,102210fe594ee9b33d82058545b1ed14f4c8206e,custom.jsdebugger.open.DAMP,damp,True,damp custom.jsdebugger.open.DAMP opt e10s fission stylo webrender,4768565,77,ms,firefox,,1736391973,2023-08-03T18:49:18,799.6837549365446,e23d94136aa09ca382b32b0c46b0db4285d1fdd2,1282483
autoland,4768729,12,95f51e857a45cd76f1766c14d6bed804857cd27b,windows10-64-shippable-qr,True,False,,,102210fe594ee9b33d82058545b1ed14f4c8206e,custom.jsdebugger.open.DAMP,damp,True,damp custom.jsdebugger.open.DAMP opt e10s fission stylo webrender,4768565,77,ms,firefox,,1736394147,2023-08-03T18:59:37,800.9876836504045,f92a4a6df223f00474c9652f337d0739f8e04213,1282490
autoland,4768729,12,95f51e857a45cd76f1766c14d6bed804857cd27b,windows10-64-shippable-qr,True,False,,,102210fe594ee9b33d82058545b1ed14f4c8206e,custom.jsdebugger.open.DAMP,damp,True,damp custom.jsdebugger.open.DAMP opt e10s fission stylo webrender,4768565,77,ms,firefox,,1736390636,2023-08-03T19:09:46,809.8329275448341,1b93a5408b758e9a9fa688f9505880c49554cc28,1282499
autoland,4768729,12,95f51e857a45cd76f1766c14d6bed804857cd27b,windows10-64-shippable-qr,True,False,,,102210fe594ee9b33d82058545b1ed14f4c8206e,custom.jsdebugger.open.DAMP,damp,True,damp custom.jsdebugger.open.DAMP opt e10s fission stylo webrender,4768565,77,ms,firefox,,1735548856,2023-08-03T19:10:36,805.46224840777,8527a2500a35867e4319772e3be1f2756dfcfced,1282500
autoland,4768729,12,95f51e857a45cd76f1766c14d6bed804857cd27b,windows10-64-shippable-qr,True,False,,,102210fe594ee9b33d82058545b1ed14f4c8206e,custom.jsdebugger.open.DAMP,damp,True,damp custom.jsdebugger.open.DAMP opt e10s fission stylo webrender,4768565,77,ms,firefox,,1735694636,2023-08-03T22:02:40,821.1909792503793,3922ccc760667154aea7a174114abfacb17fe35e,1282606
autoland,4768729,12,95f51e857a45cd76f1766c14d6bed804857cd27b,windows10-64-shippable-qr,True,False,,,102210fe594ee9b33d82058545b1ed14f4c8206e,custom.jsdebugger.open.DAMP,damp,True,damp custom.jsdebugger.open.DAMP opt e10s fission stylo webrender,4768565,77,ms,firefox,,1735734846,2023-08-04T02:28:33,813.6634111492458,2b60f9868271a131fa342332b78f3968159fa46e,1282715
autoland,4768729,12,95f51e857a45cd76f1766c14d6bed804857cd27b,windows10-64-shippable-qr,True,False,,,102210fe594ee9b33d82058545b1ed14f4c8206e,custom.jsdebugger.open.DAMP,damp,True,damp custom.jsdebugger.open.DAMP opt e10s fission stylo webrender,4768565,77,ms,firefox,,1735852532,2023-08-04T06:28:57,810.7930568739539,94da8bb07baea6212776a4b3ddcebff2c08eab98,1282781
autoland,4768729,12,95f51e857a45cd76f1766c14d6bed804857cd27b,windows10-64-shippable-qr,True,False,,,102210fe594ee9b33d82058545b1ed14f4c8206e,custom.jsdebugger.open.DAMP,damp,True,damp custom.jsdebugger.open.DAMP opt e10s fission stylo webrender,4768565,77,ms,firefox,,1735922063,2023-08-04T09:04:37,810.1415750441201,386212864d07a46141ce5bca1ef4988cefa4bad7,1282830
autoland,4768729,12,95f51e857a45cd76f1766c14d6bed804857cd27b,windows10-64-shippable-qr,True,False,,,102210fe594ee9b33d82058545b1ed14f4c8206e,custom.jsdebugger.open.DAMP,damp,True,damp custom.jsdebugger.open.DAMP opt e10s fission stylo webrender,4768565,77,ms,firefox,,1736006987,2023-08-04T13:05:51,815.3316378166019,3a8e173a97d02ae7b0aa11e9ca6f35b1fe8fa926,1282936
autoland,4768729,12,95f51e857a45cd76f1766c14d6bed804857cd27b,windows10-64-shippable-qr,True,False,,,102210fe594ee9b33d82058545b1ed14f4c8206e,custom.jsdebugger.open.DAMP,damp,True,damp custom.jsdebugger.open.DAMP opt e10s fission stylo webrender,4768565,77,ms,firefox,,1736039406,2023-08-04T14:26:38,813.9763299107799,8b506ab414513f3320eb7747254e94b37808bb75,1282995
autoland,4768729,12,95f51e857a45cd76f1766c14d6bed804857cd27b,windows10-64-shippable-qr,True,False,,,102210fe594ee9b33d82058545b1ed14f4c8206e,custom.jsdebugger.open.DAMP,damp,True,damp custom.jsdebugger.open.DAMP opt e10s fission stylo webrender,4768565,77,ms,firefox,,1736114274,2023-08-04T17:20:09,802.2759769217664,e8c6dc4a318cb8af6210801b4271ea32ee9f324a,1283108
autoland,4768729,12,95f51e857a45cd76f1766c14d6bed804857cd27b,windows10-64-shippable-qr,True,False,,,102210fe594ee9b33d82058545b1ed14f4c8206e,custom.jsdebugger.open.DAMP,damp,True,damp custom.jsdebugger.open.DAMP opt e10s fission stylo webrender,4768565,77,ms,firefox,,1736292397,2023-08-04T21:22:40,826.383048297299,de6dcf5a4c0eec5ef6847cde00ec5da4fcee2e8c,1283226
autoland,4768729,12,95f51e857a45cd76f1766c14d6bed804857cd27b,windows10-64-shippable-qr,True,False,,,102210fe594ee9b33d82058545b1ed14f4c8206e,custom.jsdebugger.open.DAMP,damp,True,damp custom.jsdebugger.open.DAMP opt e10s fission stylo webrender,4768565,77,ms,firefox,,1736331898,2023-08-04T23:16:08,815.4068651160342,421628bd5a5c1cf8c64cb86994b1e6dc738abb49,1283269
autoland,4768729,12,95f51e857a45cd76f1766c14d6bed804857cd27b,windows10-64-shippable-qr,True,False,,,102210fe594ee9b33d82058545b1ed14f4c8206e,custom.jsdebugger.open.DAMP,damp,True,damp custom.jsdebugger.open.DAMP opt e10s fission stylo webrender,4768565,77,ms,firefox,,1736444554,2023-08-05T11:44:34,800.1748652755559,9e73058ab4aadee7e12b26a9be296b2bbc04cf74,1283328
autoland,4768729,12,95f51e857a45cd76f1766c14d6bed804857cd27b,windows10-64-shippable-qr,True,False,,,102210fe594ee9b33d82058545b1ed14f4c8206e,custom.jsdebugger.open.DAMP,damp,True,damp custom.jsdebugger.open.DAMP opt e10s fission stylo webrender,4768565,77,ms,firefox,,1737786243,2023-08-05T12:07:14,802.3278595972952,3838ff61ea19f6edeee31164e2c05fe13fc4125b,1283331
autoland,4768729,12,95f51e857a45cd76f1766c14d6bed804857cd27b,windows10-64-shippable-qr,True,False,,,102210fe594ee9b33d82058545b1ed14f4c8206e,custom.jsdebugger.open.DAMP,damp,True,damp custom.jsdebugger.open.DAMP opt e10s fission stylo webrender,4768565,77,ms,firefox,,1736466673,2023-08-05T16:15:02,805.0883557947673,b0538d39e8c853c9e07b359df9c740d5175e7077,1283346
autoland,4768729,12,95f51e857a45cd76f1766c14d6bed804857cd27b,windows10-64-shippable-qr,True,False,,,102210fe594ee9b33d82058545b1ed14f4c8206e,custom.jsdebugger.open.DAMP,damp,True,damp custom.jsdebugger.open.DAMP opt e10s fission stylo webrender,4768565,77,ms,firefox,,1737840197,2023-08-05T18:59:46,809.4627514816093,f3879b8a842229e8ea9c1a317390ffd6697fed13,1283368
autoland,4768729,12,95f51e857a45cd76f1766c14d6bed804857cd27b,windows10-64-shippable-qr,True,False,,,102210fe594ee9b33d82058545b1ed14f4c8206e,custom.jsdebugger.open.DAMP,damp,True,damp custom.jsdebugger.open.DAMP opt e10s fission stylo webrender,4768565,77,ms,firefox,,1737839527,2023-08-06T07:03:37,803.6013074438642,fcb0591592f2950805a7730584620aa6896e8d69,1283410
autoland,4768729,12,95f51e857a45cd76f1766c14d6bed804857cd27b,windows10-64-shippable-qr,True,False,,,102210fe594ee9b33d82058545b1ed14f4c8206e,custom.jsdebugger.open.DAMP,damp,True,damp custom.jsdebugger.open.DAMP opt e10s fission stylo webrender,4768565,77,ms,firefox,,1737842427,2023-08-06T19:07:19,811.6154125784778,34d982b161452a1255d4a6bcd49217a7ed1dc02d,1283430
autoland,4768729,12,95f51e857a45cd76f1766c14d6bed804857cd27b,windows10-64-shippable-qr,True,False,,,102210fe594ee9b33d82058545b1ed14f4c8206e,custom.jsdebugger.open.DAMP,damp,True,damp custom.jsdebugger.open.DAMP opt e10s fission stylo webrender,4768565,77,ms,firefox,,1737834619,2023-08-06T20:16:40,802.2228282777942,9a00f773fb991ca970e52cf99c946a6ce2201105,1283435
autoland,4768729,12,95f51e857a45cd76f1766c14d6bed804857cd27b,windows10-64-shippable-qr,True,False,,,102210fe594ee9b33d82058545b1ed14f4c8206e,custom.jsdebugger.open.DAMP,damp,True,damp custom.jsdebugger.open.DAMP opt e10s fission stylo webrender,4768565,77,ms,firefox,,1736623964,2023-08-06T23:55:51,813.6996592808737,a777f43c4d9cabe80f2fc3aea6bf95c7e3e9c4c1,1283445
autoland,4768729,12,95f51e857a45cd76f1766c14d6bed804857cd27b,windows10-64-shippable-qr,True,False,,,102210fe594ee9b33d82058545b1ed14f4c8206e,custom.jsdebugger.open.DAMP,damp,True,damp custom.jsdebugger.open.DAMP opt e10s fission stylo webrender,4768565,77,ms,firefox,,1737875767,2023-08-07T00:12:40,812.8403302600782,0b9ef0f6bf04851bcc8bbe9beb88362eb1659a50,1283449
autoland,4768729,12,95f51e857a45cd76f1766c14d6bed804857cd27b,windows10-64-shippable-qr,True,False,,,102210fe594ee9b33d82058545b1ed14f4c8206e,custom.jsdebugger.open.DAMP,damp,True,damp custom.jsdebugger.open.DAMP opt e10s fission stylo webrender,4768565,77,ms,firefox,,1737787333,2023-08-07T01:07:14,802.0642471143728,4e6febc59baab7317ec93111d5b7d2caae57ff5f,1283456
autoland,4768729,12,95f51e857a45cd76f1766c14d6bed804857cd27b,windows10-64-shippable-qr,True,False,,,102210fe594ee9b33d82058545b1ed14f4c8206e,custom.jsdebugger.open.DAMP,damp,True,damp custom.jsdebugger.open.DAMP opt e10s fission stylo webrender,4768565,77,ms,firefox,,1736665302,2023-08-07T02:09:17,812.7250242688315,a86a27857ef685b0547d023a29fb8c8bb3f8fc1d,1283462
autoland,4768729,12,95f51e857a45cd76f1766c14d6bed804857cd27b,windows10-64-shippable-qr,True,False,,,102210fe594ee9b33d82058545b1ed14f4c8206e,custom.jsdebugger.open.DAMP,damp,True,damp custom.jsdebugger.open.DAMP opt e10s fission stylo webrender,4768565,77,ms,firefox,,1737787278,2023-08-07T02:10:04,805.7798967740291,477851945d8a3949ad8059a81f0f82cc183a92fb,1283463
autoland,4768729,12,95f51e857a45cd76f1766c14d6bed804857cd27b,windows10-64-shippable-qr,True,False,,,102210fe594ee9b33d82058545b1ed14f4c8206e,custom.jsdebugger.open.DAMP,damp,True,damp custom.jsdebugger.open.DAMP opt e10s fission stylo webrender,4768565,77,ms,firefox,,1737796574,2023-08-07T03:43:22,805.4232036233152,8dcec213578c70d0e3d0f7d436660e1f6a6f9fc6,1283479
autoland,4768729,12,95f51e857a45cd76f1766c14d6bed804857cd27b,windows10-64-shippable-qr,True,False,,,102210fe594ee9b33d82058545b1ed14f4c8206e,custom.jsdebugger.open.DAMP,damp,True,damp custom.jsdebugger.open.DAMP opt e10s fission stylo webrender,4768565,77,ms,firefox,,1737793816,2023-08-07T04:03:18,811.3123534188471,675cf3cb3d3363cd277d1743f579181e15a8039c,1283480
autoland,4768729,12,95f51e857a45cd76f1766c14d6bed804857cd27b,windows10-64-shippable-qr,True,False,,,102210fe594ee9b33d82058545b1ed14f4c8206e,custom.jsdebugger.open.DAMP,damp,True,damp custom.jsdebugger.open.DAMP opt e10s fission stylo webrender,4768565,77,ms,firefox,,1737786490,2023-08-07T04:48:50,802.4742916222604,9555a7afb7209f87b299f3b014bb364b34f6e095,1283483
autoland,4768729,12,95f51e857a45cd76f1766c14d6bed804857cd27b,windows10-64-shippable-qr,True,False,,,102210fe594ee9b33d82058545b1ed14f4c8206e,custom.jsdebugger.open.DAMP,damp,True,damp custom.jsdebugger.open.DAMP opt e10s fission stylo webrender,4768565,77,ms,firefox,,1737786568,2023-08-07T04:55:58,809.7021968558402,4389f1c2b8cc83eafdc84eb81353a028baaebb55,1283484
autoland,4768729,12,95f51e857a45cd76f1766c14d6bed804857cd27b,windows10-64-shippable-qr,True,False,,,102210fe594ee9b33d82058545b1ed14f4c8206e,custom.jsdebugger.open.DAMP,damp,True,damp custom.jsdebugger.open.DAMP opt e10s fission stylo webrender,4768565,77,ms,firefox,,1737798373,2023-08-07T04:56:52,807.3103031142964,d042f945d03e6a5d010821ad61d946ca3ab1c7a4,1283486
autoland,4768729,12,95f51e857a45cd76f1766c14d6bed804857cd27b,windows10-64-shippable-qr,True,False,,,102210fe594ee9b33d82058545b1ed14f4c8206e,custom.jsdebugger.open.DAMP,damp,True,damp custom.jsdebugger.open.DAMP opt e10s fission stylo webrender,4768565,77,ms,firefox,,1737799148,2023-08-07T05:27:01,820.9506554290492,06273ebf279aad7827a5bd6c083dfb819eb55cb1,1283494
autoland,4768729,12,95f51e857a45cd76f1766c14d6bed804857cd27b,windows10-64-shippable-qr,True,False,,,102210fe594ee9b33d82058545b1ed14f4c8206e,custom.jsdebugger.open.DAMP,damp,True,damp custom.jsdebugger.open.DAMP opt e10s fission stylo webrender,4768565,77,ms,firefox,,1737807201,2023-08-07T05:36:59,803.6298820144802,cb9938ab6bca1f14f8a15214cbfe7697bff6898b,1283500
autoland,4768729,12,95f51e857a45cd76f1766c14d6bed804857cd27b,windows10-64-shippable-qr,True,False,,,102210fe594ee9b33d82058545b1ed14f4c8206e,custom.jsdebugger.open.DAMP,damp,True,damp custom.jsdebugger.open.DAMP opt e10s fission stylo webrender,4768565,77,ms,firefox,,1737810520,2023-08-07T05:42:09,804.1053462275213,b6e3956b37ba6426426eb8e35d2a5b1bbb67ed74,1283504
autoland,4768729,12,95f51e857a45cd76f1766c14d6bed804857cd27b,windows10-64-shippable-qr,True,False,,,102210fe594ee9b33d82058545b1ed14f4c8206e,custom.jsdebugger.open.DAMP,damp,True,damp custom.jsdebugger.open.DAMP opt e10s fission stylo webrender,4768565,77,ms,firefox,,1736714468,2023-08-07T06:19:47,809.6443165883975,6d877fdb9a1e892fe6528a26aab81b53cfae55c5,1283519
autoland,4768729,12,95f51e857a45cd76f1766c14d6bed804857cd27b,windows10-64-shippable-qr,True,False,,,102210fe594ee9b33d82058545b1ed14f4c8206e,custom.jsdebugger.open.DAMP,damp,True,damp custom.jsdebugger.open.DAMP opt e10s fission stylo webrender,4768565,77,ms,firefox,,1737805857,2023-08-07T06:30:03,829.009944755162,d6760db62dc1cc0831c09c42f086cf57d1c2bf48,1283523
autoland,4768729,12,95f51e857a45cd76f1766c14d6bed804857cd27b,windows10-64-shippable-qr,True,False,,,102210fe594ee9b33d82058545b1ed14f4c8206e,custom.jsdebugger.open.DAMP,damp,True,damp custom.jsdebugger.open.DAMP opt e10s fission stylo webrender,4768565,77,ms,firefox,,1737799052,2023-08-07T06:35:30,806.0488952422311,a00f184037e57d43a02194fdd4eb246981ce39ef,1283526
autoland,4768729,12,95f51e857a45cd76f1766c14d6bed804857cd27b,windows10-64-shippable-qr,True,False,,,102210fe594ee9b33d82058545b1ed14f4c8206e,custom.jsdebugger.open.DAMP,damp,True,damp custom.jsdebugger.open.DAMP opt e10s fission stylo webrender,4768565,77,ms,firefox,,1737807093,2023-08-07T07:04:33,808.9570008526498,088808518dfb21c78dbcf155e0a6e0a6b03ef7b3,1283541
autoland,4768729,12,95f51e857a45cd76f1766c14d6bed804857cd27b,windows10-64-shippable-qr,True,False,,,102210fe594ee9b33d82058545b1ed14f4c8206e,custom.jsdebugger.open.DAMP,damp,True,damp custom.jsdebugger.open.DAMP opt e10s fission stylo webrender,4768565,77,ms,firefox,,1737810269,2023-08-07T07:15:48,815.6527247952836,f4f211db29dd3b8d9a15bdede2a23dc22033af73,1283546
autoland,4768729,12,95f51e857a45cd76f1766c14d6bed804857cd27b,windows10-64-shippable-qr,True,False,,,102210fe594ee9b33d82058545b1ed14f4c8206e,custom.jsdebugger.open.DAMP,damp,True,damp custom.jsdebugger.open.DAMP opt e10s fission stylo webrender,4768565,77,ms,firefox,,1737798319,2023-08-07T07:22:50,820.7324112116621,ceee5818d1a1583bd3276eb5ba29174f53644028,1283548
autoland,4768729,12,95f51e857a45cd76f1766c14d6bed804857cd27b,windows10-64-shippable-qr,True,False,,,102210fe594ee9b33d82058545b1ed14f4c8206e,custom.jsdebugger.open.DAMP,damp,True,damp custom.jsdebugger.open.DAMP opt e10s fission stylo webrender,4768565,77,ms,firefox,,1737810217,2023-08-07T07:47:27,832.0387113422476,6c4376d088c82ac5743cbae2446c29f760da9b43,1283555
autoland,4768729,12,95f51e857a45cd76f1766c14d6bed804857cd27b,windows10-64-shippable-qr,True,False,,,102210fe594ee9b33d82058545b1ed14f4c8206e,custom.jsdebugger.open.DAMP,damp,True,damp custom.jsdebugger.open.DAMP opt e10s fission stylo webrender,4768565,77,ms,firefox,,1737795911,2023-08-07T08:49:51,814.8029566318655,ae9f026e64dd44285f4b4f687acf3dd8195c38e0,1283569
autoland,4768729,12,95f51e857a45cd76f1766c14d6bed804857cd27b,windows10-64-shippable-qr,True,False,,,102210fe594ee9b33d82058545b1ed14f4c8206e,custom.jsdebugger.open.DAMP,damp,True,damp custom.jsdebugger.open.DAMP opt e10s fission stylo webrender,4768565,77,ms,firefox,,1737826962,2023-08-07T09:17:06,808.8115526294787,2d8142aa7fb12b6115c1ec7b56396e80e8c7a904,1283579
autoland,4768729,12,95f51e857a45cd76f1766c14d6bed804857cd27b,windows10-64-shippable-qr,True,False,,,102210fe594ee9b33d82058545b1ed14f4c8206e,custom.jsdebugger.open.DAMP,damp,True,damp custom.jsdebugger.open.DAMP opt e10s fission stylo webrender,4768565,77,ms,firefox,,1736833931,2023-08-07T09:17:55,825.7648420140022,2f07664dbc304adeae1029ead0f4ab014aaa02a8,1283581
autoland,4768729,12,95f51e857a45cd76f1766c14d6bed804857cd27b,windows10-64-shippable-qr,True,False,,,102210fe594ee9b33d82058545b1ed14f4c8206e,custom.jsdebugger.open.DAMP,damp,True,damp custom.jsdebugger.open.DAMP opt e10s fission stylo webrender,4768565,77,ms,firefox,,1737984490,2023-08-07T11:39:45,814.990708908259,49284146400e91f8ede2ab75ff6c3e2e0518eea5,1283636
autoland,4768729,12,95f51e857a45cd76f1766c14d6bed804857cd27b,windows10-64-shippable-qr,True,False,,,102210fe594ee9b33d82058545b1ed14f4c8206e,custom.jsdebugger.open.DAMP,damp,True,damp custom.jsdebugger.open.DAMP opt e10s fission stylo webrender,4768565,77,ms,firefox,,1737980054,2023-08-07T11:49:32,815.7734130279641,75edff380fee19421fc97b2ebbc6cfbeb5dd6d86,1283642
autoland,4768729,12,95f51e857a45cd76f1766c14d6bed804857cd27b,windows10-64-shippable-qr,True,False,,,102210fe594ee9b33d82058545b1ed14f4c8206e,custom.jsdebugger.open.DAMP,damp,True,damp custom.jsdebugger.open.DAMP opt e10s fission stylo webrender,4768565,77,ms,firefox,,1737979652,2023-08-07T12:08:36,820.5564018744772,454f2b58a08561703d31d7d396de0ff4bdbaaa27,1283649
autoland,4768729,12,95f51e857a45cd76f1766c14d6bed804857cd27b,windows10-64-shippable-qr,True,False,,,102210fe594ee9b33d82058545b1ed14f4c8206e,custom.jsdebugger.open.DAMP,damp,True,damp custom.jsdebugger.open.DAMP opt e10s fission stylo webrender,4768565,77,ms,firefox,,1737980844,2023-08-07T12:15:51,816.4479859643761,07943b119126cfba02021ee65dbc1b88a745c7f2,1283651
autoland,4768729,12,95f51e857a45cd76f1766c14d6bed804857cd27b,windows10-64-shippable-qr,True,False,,,102210fe594ee9b33d82058545b1ed14f4c8206e,custom.jsdebugger.open.DAMP,damp,True,damp custom.jsdebugger.open.DAMP opt e10s fission stylo webrender,4768565,77,ms,firefox,,1737977701,2023-08-07T12:33:35,815.1922217026413,c309e9b48aec470f46357d029dc89a042e91c197,1283659
autoland,4768729,12,95f51e857a45cd76f1766c14d6bed804857cd27b,windows10-64-shippable-qr,True,False,,,102210fe594ee9b33d82058545b1ed14f4c8206e,custom.jsdebugger.open.DAMP,damp,True,damp custom.jsdebugger.open.DAMP opt e10s fission stylo webrender,4768565,77,ms,firefox,,1737798219,2023-08-07T12:36:35,816.2903806073446,c5ede434ae61b9f6acd7cf56d2957a3c1a08b413,1283662
autoland,4768729,12,95f51e857a45cd76f1766c14d6bed804857cd27b,windows10-64-shippable-qr,True,False,,,102210fe594ee9b33d82058545b1ed14f4c8206e,custom.jsdebugger.open.DAMP,damp,True,damp custom.jsdebugger.open.DAMP opt e10s fission stylo webrender,4768565,77,ms,firefox,,1737799558,2023-08-07T12:39:24,809.1789484319597,4b083686a5324e7ca56c271b84e4b96bf1d5b48c,1283663
autoland,4768729,12,95f51e857a45cd76f1766c14d6bed804857cd27b,windows10-64-shippable-qr,True,False,,,102210fe594ee9b33d82058545b1ed14f4c8206e,custom.jsdebugger.open.DAMP,damp,True,damp custom.jsdebugger.open.DAMP opt e10s fission stylo webrender,4768565,77,ms,firefox,,1737804498,2023-08-07T13:06:05,811.8993176408694,cc21f77497eba1c81f1e7c2067fa6e49c3387876,1283680
autoland,4768729,12,95f51e857a45cd76f1766c14d6bed804857cd27b,windows10-64-shippable-qr,True,False,,,102210fe594ee9b33d82058545b1ed14f4c8206e,custom.jsdebugger.open.DAMP,damp,True,damp custom.jsdebugger.open.DAMP opt e10s fission stylo webrender,4768565,77,ms,firefox,,1737795710,2023-08-07T13:07:34,805.5342411888014,ced2f2b9cb19b3c4a773d73fd4e4202ae7dd3c33,1283682
autoland,4768729,12,95f51e857a45cd76f1766c14d6bed804857cd27b,windows10-64-shippable-qr,True,False,,,102210fe594ee9b33d82058545b1ed14f4c8206e,custom.jsdebugger.open.DAMP,damp,True,damp custom.jsdebugger.open.DAMP opt e10s fission stylo webrender,4768565,77,ms,firefox,,1737795992,2023-08-07T13:08:27,805.5558589635257,f5b6320fea38e5ac5ac92ba529bbfb6410ef4ee7,1283684
autoland,4768729,12,95f51e857a45cd76f1766c14d6bed804857cd27b,windows10-64-shippable-qr,True,False,,,102210fe594ee9b33d82058545b1ed14f4c8206e,custom.jsdebugger.open.DAMP,damp,True,damp custom.jsdebugger.open.DAMP opt e10s fission stylo webrender,4768565,77,ms,firefox,,1737797372,2023-08-07T13:09:19,811.7826037685882,6981d5aa32b2cf137c79cf49d8b2945e0e13033e,1283686
autoland,4768729,12,95f51e857a45cd76f1766c14d6bed804857cd27b,windows10-64-shippable-qr,True,False,,,102210fe594ee9b33d82058545b1ed14f4c8206e,custom.jsdebugger.open.DAMP,damp,True,damp custom.jsdebugger.open.DAMP opt e10s fission stylo webrender,4768565,77,ms,firefox,,1737797155,2023-08-07T13:10:13,812.2173544254838,9f2d21642ba127d4ca12ebc0c31f36471c82fe01,1283687
autoland,4768729,12,95f51e857a45cd76f1766c14d6bed804857cd27b,windows10-64-shippable-qr,True,False,,,102210fe594ee9b33d82058545b1ed14f4c8206e,custom.jsdebugger.open.DAMP,damp,True,damp custom.jsdebugger.open.DAMP opt e10s fission stylo webrender,4768565,77,ms,firefox,,1737809430,2023-08-07T13:11:05,815.1762866297358,a1509016de492518479d0a43bbfd707938e0714c,1283688
autoland,4768729,12,95f51e857a45cd76f1766c14d6bed804857cd27b,windows10-64-shippable-qr,True,False,,,102210fe594ee9b33d82058545b1ed14f4c8206e,custom.jsdebugger.open.DAMP,damp,True,damp custom.jsdebugger.open.DAMP opt e10s fission stylo webrender,4768565,77,ms,firefox,,1736896734,2023-08-07T13:44:02,820.619977280855,d59d0a5038b29cdbcbb2d4b003d642a2617e297f,1283713
autoland,4768729,12,95f51e857a45cd76f1766c14d6bed804857cd27b,windows10-64-shippable-qr,True,False,,,102210fe594ee9b33d82058545b1ed14f4c8206e,custom.jsdebugger.open.DAMP,damp,True,damp custom.jsdebugger.open.DAMP opt e10s fission stylo webrender,4768565,77,ms,firefox,,1736956507,2023-08-07T16:46:35,821.3378985583404,969534e114528550edbcaf30931bc5e255ac2475,1283815
autoland,4768729,12,95f51e857a45cd76f1766c14d6bed804857cd27b,windows10-64-shippable-qr,True,False,,,102210fe594ee9b33d82058545b1ed14f4c8206e,custom.jsdebugger.open.DAMP,damp,True,damp custom.jsdebugger.open.DAMP opt e10s fission stylo webrender,4768565,77,ms,firefox,,1737077325,2023-08-07T20:52:42,810.7785040224444,588b596bcb73c4c9cf235c8df1dc04fc9475c321,1283921
autoland,4768729,12,95f51e857a45cd76f1766c14d6bed804857cd27b,windows10-64-shippable-qr,True,False,,,102210fe594ee9b33d82058545b1ed14f4c8206e,custom.jsdebugger.open.DAMP,damp,True,damp custom.jsdebugger.open.DAMP opt e10s fission stylo webrender,4768565,77,ms,firefox,,1737092550,2023-08-07T21:31:10,818.627102954295,0d1a783351f683e500d6e8f83d3dc430b2afdcbf,1283941
autoland,4768729,12,95f51e857a45cd76f1766c14d6bed804857cd27b,windows10-64-shippable-qr,True,False,,,102210fe594ee9b33d82058545b1ed14f4c8206e,custom.jsdebugger.open.DAMP,damp,True,damp custom.jsdebugger.open.DAMP opt e10s fission stylo webrender,4768565,77,ms,firefox,,1737223168,2023-08-08T01:47:48,811.5330028316966,7053ad5afbc40a1a98d9e4e447c98e2fd6d70f04,1284029
autoland,4768729,12,95f51e857a45cd76f1766c14d6bed804857cd27b,windows10-64-shippable-qr,True,False,,,102210fe594ee9b33d82058545b1ed14f4c8206e,custom.jsdebugger.open.DAMP,damp,True,damp custom.jsdebugger.open.DAMP opt e10s fission stylo webrender,4768565,77,ms,firefox,,1737308254,2023-08-08T08:03:57,811.226314884043,201950bdeb03d34c7ad70702b52d28c3e0f6a448,1284128
autoland,4768729,12,95f51e857a45cd76f1766c14d6bed804857cd27b,windows10-64-shippable-qr,True,False,,,102210fe594ee9b33d82058545b1ed14f4c8206e,custom.jsdebugger.open.DAMP,damp,True,damp custom.jsdebugger.open.DAMP opt e10s fission stylo webrender,4768565,77,ms,firefox,,1737390750,2023-08-08T12:10:40,807.2360240284979,d1fbe6c1f87656fb4f55677904f55f6df433ea9a,1284255
autoland,4768729,12,95f51e857a45cd76f1766c14d6bed804857cd27b,windows10-64-shippable-qr,True,False,,,102210fe594ee9b33d82058545b1ed14f4c8206e,custom.jsdebugger.open.DAMP,damp,True,damp custom.jsdebugger.open.DAMP opt e10s fission stylo webrender,4768565,77,ms,firefox,,1737403219,2023-08-08T12:20:31,817.3621841772156,062a5e5729067f579bd6d1ab2f1a3021d7fd291a,1284261
autoland,4768729,12,95f51e857a45cd76f1766c14d6bed804857cd27b,windows10-64-shippable-qr,True,False,,,102210fe594ee9b33d82058545b1ed14f4c8206e,custom.jsdebugger.open.DAMP,damp,True,damp custom.jsdebugger.open.DAMP opt e10s fission stylo webrender,4768565,77,ms,firefox,,1738932368,2023-08-08T14:21:29,819.423713181648,e78e15a11c7c9c583172c6dc65f25fc847c46f5f,1284331
autoland,4768729,12,95f51e857a45cd76f1766c14d6bed804857cd27b,windows10-64-shippable-qr,True,False,,,102210fe594ee9b33d82058545b1ed14f4c8206e,custom.jsdebugger.open.DAMP,damp,True,damp custom.jsdebugger.open.DAMP opt e10s fission stylo webrender,4768565,77,ms,firefox,,1738929295,2023-08-08T14:40:08,829.5505629099644,3c585e66b44b2f04de4a52a1ecd599c87297f046,1284344
autoland,4768729,12,95f51e857a45cd76f1766c14d6bed804857cd27b,windows10-64-shippable-qr,True,False,,,102210fe594ee9b33d82058545b1ed14f4c8206e,custom.jsdebugger.open.DAMP,damp,True,damp custom.jsdebugger.open.DAMP opt e10s fission stylo webrender,4768565,77,ms,firefox,,1738929339,2023-08-08T14:45:03,818.8755935785593,008ff17e528d770be55a94b2d9a5c2eecb3cecd9,1284348
autoland,4768729,12,95f51e857a45cd76f1766c14d6bed804857cd27b,windows10-64-shippable-qr,True,False,,,102210fe594ee9b33d82058545b1ed14f4c8206e,custom.jsdebugger.open.DAMP,damp,True,damp custom.jsdebugger.open.DAMP opt e10s fission stylo webrender,4768565,77,ms,firefox,,1738929708,2023-08-08T15:23:46,818.6870069440993,5bf5ff2ee9da7244e867c40210ced85928dfc1a2,1284365
autoland,4768729,12,95f51e857a45cd76f1766c14d6bed804857cd27b,windows10-64-shippable-qr,True,False,,,102210fe594ee9b33d82058545b1ed14f4c8206e,custom.jsdebugger.open.DAMP,damp,True,damp custom.jsdebugger.open.DAMP opt e10s fission stylo webrender,4768565,77,ms,firefox,,1738931015,2023-08-08T15:26:10,821.8236890754415,d75ae3e40db2286ff51b725604a88c594e16d409,1284368
autoland,4768729,12,95f51e857a45cd76f1766c14d6bed804857cd27b,windows10-64-shippable-qr,True,False,,,102210fe594ee9b33d82058545b1ed14f4c8206e,custom.jsdebugger.open.DAMP,damp,True,damp custom.jsdebugger.open.DAMP opt e10s fission stylo webrender,4768565,77,ms,firefox,,1738933159,2023-08-08T15:27:50,818.1389033386367,79945cdcc7d0101ba5bae6d6824398980efa498f,1284369
autoland,4768729,12,95f51e857a45cd76f1766c14d6bed804857cd27b,windows10-64-shippable-qr,True,False,,,102210fe594ee9b33d82058545b1ed14f4c8206e,custom.jsdebugger.open.DAMP,damp,True,damp custom.jsdebugger.open.DAMP opt e10s fission stylo webrender,4768565,77,ms,firefox,,1738929498,2023-08-08T15:31:45,822.3147576415213,719ae16ac2cbf57706e4b3f86ed0d9838b9c7c91,1284370
autoland,4768729,12,95f51e857a45cd76f1766c14d6bed804857cd27b,windows10-64-shippable-qr,True,False,,,102210fe594ee9b33d82058545b1ed14f4c8206e,custom.jsdebugger.open.DAMP,damp,True,damp custom.jsdebugger.open.DAMP opt e10s fission stylo webrender,4768565,77,ms,firefox,,1738929904,2023-08-08T15:33:18,820.2454599199045,16499cdce1606e327ad079e36d797bd5026af687,1284372
autoland,4768729,12,95f51e857a45cd76f1766c14d6bed804857cd27b,windows10-64-shippable-qr,True,False,,,102210fe594ee9b33d82058545b1ed14f4c8206e,custom.jsdebugger.open.DAMP,damp,True,damp custom.jsdebugger.open.DAMP opt e10s fission stylo webrender,4768565,77,ms,firefox,,1738929811,2023-08-08T16:15:08,814.3562337162739,fff948fa86f305e2887b0548a5beaf7ddbe47e18,1284390
autoland,4768729,12,95f51e857a45cd76f1766c14d6bed804857cd27b,windows10-64-shippable-qr,True,False,,,102210fe594ee9b33d82058545b1ed14f4c8206e,custom.jsdebugger.open.DAMP,damp,True,damp custom.jsdebugger.open.DAMP opt e10s fission stylo webrender,4768565,77,ms,firefox,,1737520485,2023-08-08T16:23:23,817.5581094102472,855c69dcdcc457c3e5a54150cdd89a71a2527e2b,1284396
autoland,4768729,12,95f51e857a45cd76f1766c14d6bed804857cd27b,windows10-64-shippable-qr,True,False,,,102210fe594ee9b33d82058545b1ed14f4c8206e,custom.jsdebugger.open.DAMP,damp,True,damp custom.jsdebugger.open.DAMP opt e10s fission stylo webrender,4768565,77,ms,firefox,,1738930757,2023-08-08T16:28:50,817.142149120853,80fde27f01a774b21528e4955162e350e4ee1f23,1284403
autoland,4768729,12,95f51e857a45cd76f1766c14d6bed804857cd27b,windows10-64-shippable-qr,True,False,,,102210fe594ee9b33d82058545b1ed14f4c8206e,custom.jsdebugger.open.DAMP,damp,True,damp custom.jsdebugger.open.DAMP opt e10s fission stylo webrender,4768565,77,ms,firefox,,1738940504,2023-08-08T16:35:26,819.628247484111,fe65507a41dca7475cfb7de8ff2a6703b86eccf6,1284407
autoland,4768729,12,95f51e857a45cd76f1766c14d6bed804857cd27b,windows10-64-shippable-qr,True,False,,,102210fe594ee9b33d82058545b1ed14f4c8206e,custom.jsdebugger.open.DAMP,damp,True,damp custom.jsdebugger.open.DAMP opt e10s fission stylo webrender,4768565,77,ms,firefox,,1738931419,2023-08-08T16:44:08,817.351153193682,3ebab3dbcc8f0a71bb9fd3fad47944d889b99c5c,1284414
autoland,4768729,12,95f51e857a45cd76f1766c14d6bed804857cd27b,windows10-64-shippable-qr,True,False,,,102210fe594ee9b33d82058545b1ed14f4c8206e,custom.jsdebugger.open.DAMP,damp,True,damp custom.jsdebugger.open.DAMP opt e10s fission stylo webrender,4768565,77,ms,firefox,,1738940673,2023-08-08T17:15:10,818.0471620669041,4d3a71169f8d2d6f802827588941827617ac3983,1284438
autoland,4768729,12,95f51e857a45cd76f1766c14d6bed804857cd27b,windows10-64-shippable-qr,True,False,,,102210fe594ee9b33d82058545b1ed14f4c8206e,custom.jsdebugger.open.DAMP,damp,True,damp custom.jsdebugger.open.DAMP opt e10s fission stylo webrender,4768565,77,ms,firefox,,1738938017,2023-08-08T17:51:54,816.5472340721717,cab4cf0c14dd6385b1ba0b8a224241ef2b6fbe73,1284469
autoland,4768729,12,95f51e857a45cd76f1766c14d6bed804857cd27b,windows10-64-shippable-qr,True,False,,,102210fe594ee9b33d82058545b1ed14f4c8206e,custom.jsdebugger.open.DAMP,damp,True,damp custom.jsdebugger.open.DAMP opt e10s fission stylo webrender,4768565,77,ms,firefox,,1737580103,2023-08-08T18:03:32,816.3058660171373,b19ed5a6579d312e71c03201698107835378c612,1284479
autoland,4768729,12,95f51e857a45cd76f1766c14d6bed804857cd27b,windows10-64-shippable-qr,True,False,,,102210fe594ee9b33d82058545b1ed14f4c8206e,custom.jsdebugger.open.DAMP,damp,True,damp custom.jsdebugger.open.DAMP opt e10s fission stylo webrender,4768565,77,ms,firefox,,1738932097,2023-08-08T20:21:46,820.0955530001083,f77c2fc738fa94b4b96b53a890011f6b5d5a1ffd,1284561
autoland,4768729,12,95f51e857a45cd76f1766c14d6bed804857cd27b,windows10-64-shippable-qr,True,False,,,102210fe594ee9b33d82058545b1ed14f4c8206e,custom.jsdebugger.open.DAMP,damp,True,damp custom.jsdebugger.open.DAMP opt e10s fission stylo webrender,4768565,77,ms,firefox,,1738931876,2023-08-08T20:23:17,817.6231333769647,a177379714690f85186a58cca544d9f3d83d7d5b,1284562
autoland,4768729,12,95f51e857a45cd76f1766c14d6bed804857cd27b,windows10-64-shippable-qr,True,False,,,102210fe594ee9b33d82058545b1ed14f4c8206e,custom.jsdebugger.open.DAMP,damp,True,damp custom.jsdebugger.open.DAMP opt e10s fission stylo webrender,4768565,77,ms,firefox,,1738937806,2023-08-08T20:24:34,813.9578979202206,a8267c9267daac307ec0b06882b52db6d8d2fb09,1284564
autoland,4768729,12,95f51e857a45cd76f1766c14d6bed804857cd27b,windows10-64-shippable-qr,True,False,,,102210fe594ee9b33d82058545b1ed14f4c8206e,custom.jsdebugger.open.DAMP,damp,True,damp custom.jsdebugger.open.DAMP opt e10s fission stylo webrender,4768565,77,ms,firefox,,1738928748,2023-08-08T20:25:32,819.1641146280526,8d4143f38c23a84e8bd5c536c1f81a8c746c4748,1284566
autoland,4768729,12,95f51e857a45cd76f1766c14d6bed804857cd27b,windows10-64-shippable-qr,True,False,,,102210fe594ee9b33d82058545b1ed14f4c8206e,custom.jsdebugger.open.DAMP,damp,True,damp custom.jsdebugger.open.DAMP opt e10s fission stylo webrender,4768565,77,ms,firefox,,1738931739,2023-08-08T21:00:11,824.2033259605159,2660659b14c8521e768098b292facd8f59e74572,1284583
autoland,4768729,12,95f51e857a45cd76f1766c14d6bed804857cd27b,windows10-64-shippable-qr,True,False,,,102210fe594ee9b33d82058545b1ed14f4c8206e,custom.jsdebugger.open.DAMP,damp,True,damp custom.jsdebugger.open.DAMP opt e10s fission stylo webrender,4768565,77,ms,firefox,,1738933314,2023-08-08T21:01:52,814.671543186385,b50be8861ca0a4f9e6777e9333a9e483bdb57bf9,1284585
autoland,4768729,12,95f51e857a45cd76f1766c14d6bed804857cd27b,windows10-64-shippable-qr,True,False,,,102210fe594ee9b33d82058545b1ed14f4c8206e,custom.jsdebugger.open.DAMP,damp,True,damp custom.jsdebugger.open.DAMP opt e10s fission stylo webrender,4768565,77,ms,firefox,,1738928839,2023-08-08T21:22:21,815.6038511963925,c7ce9810dc564ccfb6a77bccc1dbc7a59ba3bca6,1284597
autoland,4768729,12,95f51e857a45cd76f1766c14d6bed804857cd27b,windows10-64-shippable-qr,True,False,,,102210fe594ee9b33d82058545b1ed14f4c8206e,custom.jsdebugger.open.DAMP,damp,True,damp custom.jsdebugger.open.DAMP opt e10s fission stylo webrender,4768565,77,ms,firefox,,1738929160,2023-08-08T21:25:00,825.1255765119058,ae572fb876bce47682cd3f6d2bd750c6e1de558f,1284599
autoland,4768729,12,95f51e857a45cd76f1766c14d6bed804857cd27b,windows10-64-shippable-qr,True,False,,,102210fe594ee9b33d82058545b1ed14f4c8206e,custom.jsdebugger.open.DAMP,damp,True,damp custom.jsdebugger.open.DAMP opt e10s fission stylo webrender,4768565,77,ms,firefox,,1737710223,2023-08-08T21:27:09,817.4432805722463,4abb9ce2fb8e4174171b3478d6f28b78bf3f214a,1284603
autoland,4768729,12,95f51e857a45cd76f1766c14d6bed804857cd27b,windows10-64-shippable-qr,True,False,,,102210fe594ee9b33d82058545b1ed14f4c8206e,custom.jsdebugger.open.DAMP,damp,True,damp custom.jsdebugger.open.DAMP opt e10s fission stylo webrender,4768565,77,ms,firefox,,1738928422,2023-08-08T21:43:30,827.9626744727575,3338e8c3aaad554ffc57245d3897865695657a62,1284614
autoland,4768729,12,95f51e857a45cd76f1766c14d6bed804857cd27b,windows10-64-shippable-qr,True,False,,,102210fe594ee9b33d82058545b1ed14f4c8206e,custom.jsdebugger.open.DAMP,damp,True,damp custom.jsdebugger.open.DAMP opt e10s fission stylo webrender,4768565,77,ms,firefox,,1738928553,2023-08-08T21:50:37,817.5294997081619,a5c57fffac4bdeaa8d476c510486d9e87e81d7e7,1284620
autoland,4768729,12,95f51e857a45cd76f1766c14d6bed804857cd27b,windows10-64-shippable-qr,True,False,,,102210fe594ee9b33d82058545b1ed14f4c8206e,custom.jsdebugger.open.DAMP,damp,True,damp custom.jsdebugger.open.DAMP opt e10s fission stylo webrender,4768565,77,ms,firefox,,1738931183,2023-08-08T23:05:44,814.3993683975532,f0e5e2a506600cc59e93ffec47817893774c4a8d,1284663
autoland,4768729,12,95f51e857a45cd76f1766c14d6bed804857cd27b,windows10-64-shippable-qr,True,False,,,102210fe594ee9b33d82058545b1ed14f4c8206e,custom.jsdebugger.open.DAMP,damp,True,damp custom.jsdebugger.open.DAMP opt e10s fission stylo webrender,4768565,77,ms,firefox,,1738929768,2023-08-08T23:13:51,819.4788527113706,ba9868b3f4e7934eabca6398df3c74738e1ef7b1,1284668
autoland,4768729,12,95f51e857a45cd76f1766c14d6bed804857cd27b,windows10-64-shippable-qr,True,False,,,102210fe594ee9b33d82058545b1ed14f4c8206e,custom.jsdebugger.open.DAMP,damp,True,damp custom.jsdebugger.open.DAMP opt e10s fission stylo webrender,4768565,77,ms,firefox,,1738932808,2023-08-09T00:40:25,815.1923737928228,b57643dc6b227f5d0ffd05324f2f21bd4557fcee,1284706
autoland,4768729,12,95f51e857a45cd76f1766c14d6bed804857cd27b,windows10-64-shippable-qr,True,False,,,102210fe594ee9b33d82058545b1ed14f4c8206e,custom.jsdebugger.open.DAMP,damp,True,damp custom.jsdebugger.open.DAMP opt e10s fission stylo webrender,4768565,77,ms,firefox,,1738930876,2023-08-09T00:51:41,818.4029242664546,1374ab070c01bb16259d925cd0146ebb8f7afce3,1284715
autoland,4768729,12,95f51e857a45cd76f1766c14d6bed804857cd27b,windows10-64-shippable-qr,True,False,,,102210fe594ee9b33d82058545b1ed14f4c8206e,custom.jsdebugger.open.DAMP,damp,True,damp custom.jsdebugger.open.DAMP opt e10s fission stylo webrender,4768565,77,ms,firefox,,1738932987,2023-08-09T01:08:31,813.9732579123665,a369921ff340abce27758b0614128b89fb724e9c,1284728
autoland,4768729,12,95f51e857a45cd76f1766c14d6bed804857cd27b,windows10-64-shippable-qr,True,False,,,102210fe594ee9b33d82058545b1ed14f4c8206e,custom.jsdebugger.open.DAMP,damp,True,damp custom.jsdebugger.open.DAMP opt e10s fission stylo webrender,4768565,77,ms,firefox,,1738938992,2023-08-09T01:17:28,812.4923413215802,e20332cad1b4b44d6393073713a2c61914f43029,1284735
autoland,4768729,12,95f51e857a45cd76f1766c14d6bed804857cd27b,windows10-64-shippable-qr,True,False,,,102210fe594ee9b33d82058545b1ed14f4c8206e,custom.jsdebugger.open.DAMP,damp,True,damp custom.jsdebugger.open.DAMP opt e10s fission stylo webrender,4768565,77,ms,firefox,,1737857828,2023-08-09T02:34:29,819.0028020038881,25a29224e55d9a839d6fddde206208a453535ec8,1284750
autoland,4768729,12,95f51e857a45cd76f1766c14d6bed804857cd27b,windows10-64-shippable-qr,True,False,,,102210fe594ee9b33d82058545b1ed14f4c8206e,custom.jsdebugger.open.DAMP,damp,True,damp custom.jsdebugger.open.DAMP opt e10s fission stylo webrender,4768565,77,ms,firefox,,1738026598,2023-08-09T13:49:06,812.1534401774406,46b5603cd2b8de629b659ec8d44fc7b086782c46,1285020
autoland,4768729,12,95f51e857a45cd76f1766c14d6bed804857cd27b,windows10-64-shippable-qr,True,False,,,102210fe594ee9b33d82058545b1ed14f4c8206e,custom.jsdebugger.open.DAMP,damp,True,damp custom.jsdebugger.open.DAMP opt e10s fission stylo webrender,4768565,77,ms,firefox,,1738251789,2023-08-09T17:29:37,813.4075210841766,299828b58af2fd55f393babed8ea8db6425040df,1285186
autoland,4768729,12,95f51e857a45cd76f1766c14d6bed804857cd27b,windows10-64-shippable-qr,True,False,,,102210fe594ee9b33d82058545b1ed14f4c8206e,custom.jsdebugger.open.DAMP,damp,True,damp custom.jsdebugger.open.DAMP opt e10s fission stylo webrender,4768565,77,ms,firefox,,1738329913,2023-08-09T20:56:32,815.9773149673274,9766f63db97d1b85b2f2f47d2b3cb3ee3782ae85,1285337
autoland,4768729,12,95f51e857a45cd76f1766c14d6bed804857cd27b,windows10-64-shippable-qr,True,False,,,102210fe594ee9b33d82058545b1ed14f4c8206e,custom.jsdebugger.open.DAMP,damp,True,damp custom.jsdebugger.open.DAMP opt e10s fission stylo webrender,4768565,77,ms,firefox,,1738393699,2023-08-10T01:02:34,823.3558840696378,b2b54f91567d2de224314e03fc81ba6e815e2fa7,1285442
autoland,4768729,12,95f51e857a45cd76f1766c14d6bed804857cd27b,windows10-64-shippable-qr,True,False,,,102210fe594ee9b33d82058545b1ed14f4c8206e,custom.jsdebugger.open.DAMP,damp,True,damp custom.jsdebugger.open.DAMP opt e10s fission stylo webrender,4768565,77,ms,firefox,,1738452103,2023-08-10T02:22:08,808.2452550359449,7704c89f0e6bc2ca33282a228b42fb5cd7aa072c,1285454
autoland,4768729,12,95f51e857a45cd76f1766c14d6bed804857cd27b,windows10-64-shippable-qr,True,False,,,102210fe594ee9b33d82058545b1ed14f4c8206e,custom.jsdebugger.open.DAMP,damp,True,damp custom.jsdebugger.open.DAMP opt e10s fission stylo webrender,4768565,77,ms,firefox,,1738541037,2023-08-10T06:54:21,815.7918270937371,24eb42c9b3d9f910ba5afe124232608f70532552,1285524
autoland,4768729,12,95f51e857a45cd76f1766c14d6bed804857cd27b,windows10-64-shippable-qr,True,False,,,102210fe594ee9b33d82058545b1ed14f4c8206e,custom.jsdebugger.open.DAMP,damp,True,damp custom.jsdebugger.open.DAMP opt e10s fission stylo webrender,4768565,77,ms,firefox,,1738556984,2023-08-10T07:38:16,814.7543798209081,f688cd32ea991c3f0e62e19b43efc48cb4cc183a,1285542
autoland,4768729,12,95f51e857a45cd76f1766c14d6bed804857cd27b,windows10-64-shippable-qr,True,False,,,102210fe594ee9b33d82058545b1ed14f4c8206e,custom.jsdebugger.open.DAMP,damp,True,damp custom.jsdebugger.open.DAMP opt e10s fission stylo webrender,4768565,77,ms,firefox,,1738661262,2023-08-10T11:47:02,810.7523321579938,b544a2a999190b3345911b807fac8392e1360811,1285658
autoland,4768729,12,95f51e857a45cd76f1766c14d6bed804857cd27b,windows10-64-shippable-qr,True,False,,,102210fe594ee9b33d82058545b1ed14f4c8206e,custom.jsdebugger.open.DAMP,damp,True,damp custom.jsdebugger.open.DAMP opt e10s fission stylo webrender,4768565,77,ms,firefox,,1738701669,2023-08-10T13:06:38,818.441091569046,11f47f2a1cf08c1e0b5bb6374f2a7dd1f49c8cac,1285701
autoland,4768729,12,95f51e857a45cd76f1766c14d6bed804857cd27b,windows10-64-shippable-qr,True,False,,,102210fe594ee9b33d82058545b1ed14f4c8206e,custom.jsdebugger.open.DAMP,damp,True,damp custom.jsdebugger.open.DAMP opt e10s fission stylo webrender,4768565,77,ms,firefox,,1738800534,2023-08-10T16:07:39,814.6016330760467,42a4b2af29229dbfd0675767afaf6965d292e4a7,1285800
autoland,4768729,12,95f51e857a45cd76f1766c14d6bed804857cd27b,windows10-64-shippable-qr,True,False,,,102210fe594ee9b33d82058545b1ed14f4c8206e,custom.jsdebugger.open.DAMP,damp,True,damp custom.jsdebugger.open.DAMP opt e10s fission stylo webrender,4768565,77,ms,firefox,,1738918458,2023-08-10T18:32:11,818.3410969719262,fae9c8496544fb4597f4094d95b81fdefec01628,1285918
autoland,4768729,12,95f51e857a45cd76f1766c14d6bed804857cd27b,windows10-64-shippable-qr,True,False,,,102210fe594ee9b33d82058545b1ed14f4c8206e,custom.jsdebugger.open.DAMP,damp,True,damp custom.jsdebugger.open.DAMP opt e10s fission stylo webrender,4768565,77,ms,firefox,,1738977929,2023-08-10T21:59:13,814.0127016764891,389f1009f2db207be63aacd4c9c54990f9d1104b,1286074
autoland,4768729,12,95f51e857a45cd76f1766c14d6bed804857cd27b,windows10-64-shippable-qr,True,False,,,102210fe594ee9b33d82058545b1ed14f4c8206e,custom.jsdebugger.open.DAMP,damp,True,damp custom.jsdebugger.open.DAMP opt e10s fission stylo webrender,4768565,77,ms,firefox,,1739011560,2023-08-11T03:08:44,813.5037541527417,05da0ca6db46baad5f6e45489d80d5097053bb42,1286160
autoland,4768729,12,95f51e857a45cd76f1766c14d6bed804857cd27b,windows10-64-shippable-qr,True,False,,,102210fe594ee9b33d82058545b1ed14f4c8206e,custom.jsdebugger.open.DAMP,damp,True,damp custom.jsdebugger.open.DAMP opt e10s fission stylo webrender,4768565,77,ms,firefox,,1739102015,2023-08-11T07:27:06,815.0539186923997,efb44db563b1abcb74959e12c6ce8e577cd213f2,1286189
autoland,4768729,12,95f51e857a45cd76f1766c14d6bed804857cd27b,windows10-64-shippable-qr,True,False,,,102210fe594ee9b33d82058545b1ed14f4c8206e,custom.jsdebugger.open.DAMP,damp,True,damp custom.jsdebugger.open.DAMP opt e10s fission stylo webrender,4768565,77,ms,firefox,,1739120097,2023-08-11T08:27:25,828.2498586027432,cda91469ef2a9b195d09f702816a5f7aec451d02,1286199
autoland,4768729,12,95f51e857a45cd76f1766c14d6bed804857cd27b,windows10-64-shippable-qr,True,False,,,102210fe594ee9b33d82058545b1ed14f4c8206e,custom.jsdebugger.open.DAMP,damp,True,damp custom.jsdebugger.open.DAMP opt e10s fission stylo webrender,4768565,77,ms,firefox,,1739304894,2023-08-11T14:16:15,805.3712167499034,21aaca8e9cca74e93bf7c9c3a6c05b78a0d46a06,1286315
autoland,4768729,12,95f51e857a45cd76f1766c14d6bed804857cd27b,windows10-64-shippable-qr,True,False,,,102210fe594ee9b33d82058545b1ed14f4c8206e,custom.jsdebugger.open.DAMP,damp,True,damp custom.jsdebugger.open.DAMP opt e10s fission stylo webrender,4768565,77,ms,firefox,,1739326777,2023-08-11T16:12:07,818.6397322854828,16838b515ded4549918a4ebf3e3fa8a0b427e1f4,1286403
autoland,4768729,12,95f51e857a45cd76f1766c14d6bed804857cd27b,windows10-64-shippable-qr,True,False,,,102210fe594ee9b33d82058545b1ed14f4c8206e,custom.jsdebugger.open.DAMP,damp,True,damp custom.jsdebugger.open.DAMP opt e10s fission stylo webrender,4768565,77,ms,firefox,,1739417711,2023-08-11T20:27:04,812.4228798815311,700d98d93bde10f22824d5d41b863f4a108f832b,1286565
autoland,4768729,12,95f51e857a45cd76f1766c14d6bed804857cd27b,windows10-64-shippable-qr,True,False,,,102210fe594ee9b33d82058545b1ed14f4c8206e,custom.jsdebugger.open.DAMP,damp,True,damp custom.jsdebugger.open.DAMP opt e10s fission stylo webrender,4768565,77,ms,firefox,,1739559364,2023-08-12T05:14:02,807.8955192141802,8dd752fc2bce87d04b7ae3bab02bb57d59c64e8a,1286635
autoland,4768729,12,95f51e857a45cd76f1766c14d6bed804857cd27b,windows10-64-shippable-qr,True,False,,,102210fe594ee9b33d82058545b1ed14f4c8206e,custom.jsdebugger.open.DAMP,damp,True,damp custom.jsdebugger.open.DAMP opt e10s fission stylo webrender,4768565,77,ms,firefox,,1739572017,2023-08-12T05:14:50,819.2678143178127,f20040ae7b2f3e1499ea3b90639fd96566103125,1286636
autoland,4768729,12,95f51e857a45cd76f1766c14d6bed804857cd27b,windows10-64-shippable-qr,True,False,,,102210fe594ee9b33d82058545b1ed14f4c8206e,custom.jsdebugger.open.DAMP,damp,True,damp custom.jsdebugger.open.DAMP opt e10s fission stylo webrender,4768565,77,ms,firefox,,1739637854,2023-08-12T12:22:39,813.3103251950306,6386291adbedd6140dfbf10b071e5cc82f5433a1,1286663
autoland,4768729,12,95f51e857a45cd76f1766c14d6bed804857cd27b,windows10-64-shippable-qr,True,False,,,102210fe594ee9b33d82058545b1ed14f4c8206e,custom.jsdebugger.open.DAMP,damp,True,damp custom.jsdebugger.open.DAMP opt e10s fission stylo webrender,4768565,77,ms,firefox,,1739687849,2023-08-12T17:53:09,811.1112438517448,9a15449ff274a89d15ae4d345601385b371c2dff,1286688
autoland,4768729,12,95f51e857a45cd76f1766c14d6bed804857cd27b,windows10-64-shippable-qr,True,False,,,102210fe594ee9b33d82058545b1ed14f4c8206e,custom.jsdebugger.open.DAMP,damp,True,damp custom.jsdebugger.open.DAMP opt e10s fission stylo webrender,4768565,77,ms,firefox,,1739759295,2023-08-13T04:26:09,811.484511133458,dcf2ddfaffbf9900de8ba4a674708bf996d147b6,1286737
autoland,4768729,12,95f51e857a45cd76f1766c14d6bed804857cd27b,windows10-64-shippable-qr,True,False,,,102210fe594ee9b33d82058545b1ed14f4c8206e,custom.jsdebugger.open.DAMP,damp,True,damp custom.jsdebugger.open.DAMP opt e10s fission stylo webrender,4768565,77,ms,firefox,,1739836602,2023-08-13T16:54:11,810.2495897174012,cbfbab86b8f2ad4e39c90caa2d8e55102609b72d,1286762
autoland,4768729,12,95f51e857a45cd76f1766c14d6bed804857cd27b,windows10-64-shippable-qr,True,False,,,102210fe594ee9b33d82058545b1ed14f4c8206e,custom.jsdebugger.open.DAMP,damp,True,damp custom.jsdebugger.open.DAMP opt e10s fission stylo webrender,4768565,77,ms,firefox,,1739921757,2023-08-14T00:32:30,813.1345592419166,bdeed1276a3515d597485fc241f9757ff607a9d1,1286792
autoland,4768729,12,95f51e857a45cd76f1766c14d6bed804857cd27b,windows10-64-shippable-qr,True,False,,,102210fe594ee9b33d82058545b1ed14f4c8206e,custom.jsdebugger.open.DAMP,damp,True,damp custom.jsdebugger.open.DAMP opt e10s fission stylo webrender,4768565,77,ms,firefox,,1739957831,2023-08-14T06:39:21,811.2687046304345,a5bcd3edffd78b69932e1ea7c5dda0894107edaa,1286822
autoland,4768729,12,95f51e857a45cd76f1766c14d6bed804857cd27b,windows10-64-shippable-qr,True,False,,,102210fe594ee9b33d82058545b1ed14f4c8206e,custom.jsdebugger.open.DAMP,damp,True,damp custom.jsdebugger.open.DAMP opt e10s fission stylo webrender,4768565,77,ms,firefox,,1740038764,2023-08-14T10:48:55,817.379871167177,64a1445ac4138d208b6412914b12fd0a2e9ff945,1286891
autoland,4768729,12,95f51e857a45cd76f1766c14d6bed804857cd27b,windows10-64-shippable-qr,True,False,,,102210fe594ee9b33d82058545b1ed14f4c8206e,custom.jsdebugger.open.DAMP,damp,True,damp custom.jsdebugger.open.DAMP opt e10s fission stylo webrender,4768565,77,ms,firefox,,1740181969,2023-08-14T16:54:04,820.961944779141,5b1987d52ae19ebe1b311fec0f664563b5bf198d,1287092
autoland,4768729,12,95f51e857a45cd76f1766c14d6bed804857cd27b,windows10-64-shippable-qr,True,False,,,102210fe594ee9b33d82058545b1ed14f4c8206e,custom.jsdebugger.open.DAMP,damp,True,damp custom.jsdebugger.open.DAMP opt e10s fission stylo webrender,4768565,77,ms,firefox,,1740338456,2023-08-14T21:20:15,805.0652492688605,7081c01a8f314a82bc3c055c11f0880dc2b706fb,1287268
autoland,4768729,12,95f51e857a45cd76f1766c14d6bed804857cd27b,windows10-64-shippable-qr,True,False,,,102210fe594ee9b33d82058545b1ed14f4c8206e,custom.jsdebugger.open.DAMP,damp,True,damp custom.jsdebugger.open.DAMP opt e10s fission stylo webrender,4768565,77,ms,firefox,,1740373788,2023-08-14T23:25:21,815.9378909336738,88ec6682eab1c5c36cb839c8db0156446559a1cb,1287331
autoland,4768729,12,95f51e857a45cd76f1766c14d6bed804857cd27b,windows10-64-shippable-qr,True,False,,,102210fe594ee9b33d82058545b1ed14f4c8206e,custom.jsdebugger.open.DAMP,damp,True,damp custom.jsdebugger.open.DAMP opt e10s fission stylo webrender,4768565,77,ms,firefox,,1740506600,2023-08-15T03:40:03,833.752718293792,ef2753ba331b17b408096bfd42e83a91039b995d,1287395
autoland,4768729,12,95f51e857a45cd76f1766c14d6bed804857cd27b,windows10-64-shippable-qr,True,False,,,102210fe594ee9b33d82058545b1ed14f4c8206e,custom.jsdebugger.open.DAMP,damp,True,damp custom.jsdebugger.open.DAMP opt e10s fission stylo webrender,4768565,77,ms,firefox,,1740636019,2023-08-15T12:15:00,816.3015540893466,0038346134ec0c0912660c19edced48ff4c9996b,1287534
autoland,4768729,12,95f51e857a45cd76f1766c14d6bed804857cd27b,windows10-64-shippable-qr,True,False,,,102210fe594ee9b33d82058545b1ed14f4c8206e,custom.jsdebugger.open.DAMP,damp,True,damp custom.jsdebugger.open.DAMP opt e10s fission stylo webrender,4768565,77,ms,firefox,,1740660972,2023-08-15T12:16:05,814.2733970306726,34ea39f6bd8afd706e571c5a5c5557f8f02274c7,1287535
autoland,4768729,12,95f51e857a45cd76f1766c14d6bed804857cd27b,windows10-64-shippable-qr,True,False,,,102210fe594ee9b33d82058545b1ed14f4c8206e,custom.jsdebugger.open.DAMP,damp,True,damp custom.jsdebugger.open.DAMP opt e10s fission stylo webrender,4768565,77,ms,firefox,,1740845541,2023-08-15T17:48:00,817.1154295138995,c01a1256082294777509d59591b44cc1a9a54101,1287732
autoland,4768729,12,95f51e857a45cd76f1766c14d6bed804857cd27b,windows10-64-shippable-qr,True,False,,,102210fe594ee9b33d82058545b1ed14f4c8206e,custom.jsdebugger.open.DAMP,damp,True,damp custom.jsdebugger.open.DAMP opt e10s fission stylo webrender,4768565,77,ms,firefox,,1741003829,2023-08-15T20:18:28,819.3093335408703,b6d00af33f9f1879900a9ff148f77a03de4ca507,1287829
autoland,4768729,12,95f51e857a45cd76f1766c14d6bed804857cd27b,windows10-64-shippable-qr,True,False,,,102210fe594ee9b33d82058545b1ed14f4c8206e,custom.jsdebugger.open.DAMP,damp,True,damp custom.jsdebugger.open.DAMP opt e10s fission stylo webrender,4768565,77,ms,firefox,,1741059101,2023-08-16T01:44:13,811.577952472071,af1979bb2dd22b96889d47af7852253d7f161693,1287987
autoland,4768729,12,95f51e857a45cd76f1766c14d6bed804857cd27b,windows10-64-shippable-qr,True,False,,,102210fe594ee9b33d82058545b1ed14f4c8206e,custom.jsdebugger.open.DAMP,damp,True,damp custom.jsdebugger.open.DAMP opt e10s fission stylo webrender,4768565,77,ms,firefox,,1741165504,2023-08-16T06:09:24,817.7700310373984,4d7123b9c5729f33db3288141ea7502fae3cbadc,1288100
autoland,4768729,12,95f51e857a45cd76f1766c14d6bed804857cd27b,windows10-64-shippable-qr,True,False,,,102210fe594ee9b33d82058545b1ed14f4c8206e,custom.jsdebugger.open.DAMP,damp,True,damp custom.jsdebugger.open.DAMP opt e10s fission stylo webrender,4768565,77,ms,firefox,,1741221934,2023-08-16T07:28:11,807.2304701700023,3ba3d3cb9bb7860efcbb623d34fc5d721fc7cfcb,1288129
autoland,4768729,12,95f51e857a45cd76f1766c14d6bed804857cd27b,windows10-64-shippable-qr,True,False,,,102210fe594ee9b33d82058545b1ed14f4c8206e,custom.jsdebugger.open.DAMP,damp,True,damp custom.jsdebugger.open.DAMP opt e10s fission stylo webrender,4768565,77,ms,firefox,,1741323673,2023-08-16T10:40:28,814.5104970293687,3cbe8cb45dab35d18ef4ffb5481be55dfabf47c7,1288233
autoland,4768729,12,95f51e857a45cd76f1766c14d6bed804857cd27b,windows10-64-shippable-qr,True,False,,,102210fe594ee9b33d82058545b1ed14f4c8206e,custom.jsdebugger.open.DAMP,damp,True,damp custom.jsdebugger.open.DAMP opt e10s fission stylo webrender,4768565,77,ms,firefox,,1741503568,2023-08-16T14:37:22,820.6178810727506,1cafd355bbcf32aae501b9419edec5e7c8a59968,1288343
autoland,4768729,12,95f51e857a45cd76f1766c14d6bed804857cd27b,windows10-64-shippable-qr,True,False,,,102210fe594ee9b33d82058545b1ed14f4c8206e,custom.jsdebugger.open.DAMP,damp,True,damp custom.jsdebugger.open.DAMP opt e10s fission stylo webrender,4768565,77,ms,firefox,,1742982406,2023-08-16T17:18:17,812.8560964254211,76c2ef9d279ab62d4513c845d1c71e49aaf07d8c,1288437
autoland,4768729,12,95f51e857a45cd76f1766c14d6bed804857cd27b,windows10-64-shippable-qr,True,False,,,102210fe594ee9b33d82058545b1ed14f4c8206e,custom.jsdebugger.open.DAMP,damp,True,damp custom.jsdebugger.open.DAMP opt e10s fission stylo webrender,4768565,77,ms,firefox,,1742982181,2023-08-16T17:19:17,807.3513288787108,e679173f9fd8ae276789ca7302817d53d23baab4,1288439
autoland,4768729,12,95f51e857a45cd76f1766c14d6bed804857cd27b,windows10-64-shippable-qr,True,False,,,102210fe594ee9b33d82058545b1ed14f4c8206e,custom.jsdebugger.open.DAMP,damp,True,damp custom.jsdebugger.open.DAMP opt e10s fission stylo webrender,4768565,77,ms,firefox,,1742982295,2023-08-16T17:37:36,805.2877985642117,2407597d846312d9c6de852dce689d1c238c71c6,1288452
autoland,4768729,12,95f51e857a45cd76f1766c14d6bed804857cd27b,windows10-64-shippable-qr,True,False,,,102210fe594ee9b33d82058545b1ed14f4c8206e,custom.jsdebugger.open.DAMP,damp,True,damp custom.jsdebugger.open.DAMP opt e10s fission stylo webrender,4768565,77,ms,firefox,,1742983139,2023-08-16T18:04:47,811.7278398682392,d85402f11fc4636036f3e809d57fd20d20c41d7f,1288470
autoland,4768729,12,95f51e857a45cd76f1766c14d6bed804857cd27b,windows10-64-shippable-qr,True,False,,,102210fe594ee9b33d82058545b1ed14f4c8206e,custom.jsdebugger.open.DAMP,damp,True,damp custom.jsdebugger.open.DAMP opt e10s fission stylo webrender,4768565,77,ms,firefox,,1742982429,2023-08-16T18:22:38,810.344074298715,52f816cfe298fe872f34f152541fff7f08f3bba7,1288480
autoland,4768729,12,95f51e857a45cd76f1766c14d6bed804857cd27b,windows10-64-shippable-qr,True,False,,,102210fe594ee9b33d82058545b1ed14f4c8206e,custom.jsdebugger.open.DAMP,damp,True,damp custom.jsdebugger.open.DAMP opt e10s fission stylo webrender,4768565,77,ms,firefox,,1742983194,2023-08-16T18:23:27,810.029405891757,8e55399e35ce0383df8c6ed46690d8fdfeefa6d8,1288481
autoland,4768729,12,95f51e857a45cd76f1766c14d6bed804857cd27b,windows10-64-shippable-qr,True,False,,,102210fe594ee9b33d82058545b1ed14f4c8206e,custom.jsdebugger.open.DAMP,damp,True,damp custom.jsdebugger.open.DAMP opt e10s fission stylo webrender,4768565,77,ms,firefox,,1742982717,2023-08-16T18:24:20,809.1955525639569,b7c070a4e6e35db1b091b0c13420eed67b2bb9fb,1288482
autoland,4768729,12,95f51e857a45cd76f1766c14d6bed804857cd27b,windows10-64-shippable-qr,True,False,,,102210fe594ee9b33d82058545b1ed14f4c8206e,custom.jsdebugger.open.DAMP,damp,True,damp custom.jsdebugger.open.DAMP opt e10s fission stylo webrender,4768565,77,ms,firefox,,1742982349,2023-08-16T18:29:35,807.8439383838995,536bc940d00da0301805cf4b485a48374b636a86,1288484
autoland,4768729,12,95f51e857a45cd76f1766c14d6bed804857cd27b,windows10-64-shippable-qr,True,False,,,102210fe594ee9b33d82058545b1ed14f4c8206e,custom.jsdebugger.open.DAMP,damp,True,damp custom.jsdebugger.open.DAMP opt e10s fission stylo webrender,4768565,77,ms,firefox,,1741610085,2023-08-16T18:57:22,817.6164151268094,1c8dec8815d59d488dc44109a4361dcec573ec0a,1288496
autoland,4768729,12,95f51e857a45cd76f1766c14d6bed804857cd27b,windows10-64-shippable-qr,True,False,,,102210fe594ee9b33d82058545b1ed14f4c8206e,custom.jsdebugger.open.DAMP,damp,True,damp custom.jsdebugger.open.DAMP opt e10s fission stylo webrender,4768565,77,ms,firefox,,1742982122,2023-08-16T21:11:31,832.2969875601011,d2ae6ee5f7ed182032574138aa6cd25894e0aea9,1288595
autoland,4768729,12,95f51e857a45cd76f1766c14d6bed804857cd27b,windows10-64-shippable-qr,True,False,,,102210fe594ee9b33d82058545b1ed14f4c8206e,custom.jsdebugger.open.DAMP,damp,True,damp custom.jsdebugger.open.DAMP opt e10s fission stylo webrender,4768565,77,ms,firefox,,1742982240,2023-08-16T21:12:23,831.344101253042,f647e84eefff9d4a2340e8b7bfa8241c1f471347,1288597
autoland,4768729,12,95f51e857a45cd76f1766c14d6bed804857cd27b,windows10-64-shippable-qr,True,False,,,102210fe594ee9b33d82058545b1ed14f4c8206e,custom.jsdebugger.open.DAMP,damp,True,damp custom.jsdebugger.open.DAMP opt e10s fission stylo webrender,4768565,77,ms,firefox,,1742982795,2023-08-16T21:13:13,828.2339918325888,08a66d97b33b91ee81cf551b7f81dee5596e0769,1288598
autoland,4768729,12,95f51e857a45cd76f1766c14d6bed804857cd27b,windows10-64-shippable-qr,True,False,,,102210fe594ee9b33d82058545b1ed14f4c8206e,custom.jsdebugger.open.DAMP,damp,True,damp custom.jsdebugger.open.DAMP opt e10s fission stylo webrender,4768565,77,ms,firefox,,1742982595,2023-08-16T21:14:09,824.6043516623758,3072155b3ba7258eeffe3cc96f1065c8b8eb3e4f,1288599
autoland,4768729,12,95f51e857a45cd76f1766c14d6bed804857cd27b,windows10-64-shippable-qr,True,False,,,102210fe594ee9b33d82058545b1ed14f4c8206e,custom.jsdebugger.open.DAMP,damp,True,damp custom.jsdebugger.open.DAMP opt e10s fission stylo webrender,4768565,77,ms,firefox,,1742982742,2023-08-16T21:15:06,834.0165123498009,3b5a0c666d81128f40fa48e3e30c16c64e64b959,1288602
autoland,4768729,12,95f51e857a45cd76f1766c14d6bed804857cd27b,windows10-64-shippable-qr,True,False,,,102210fe594ee9b33d82058545b1ed14f4c8206e,custom.jsdebugger.open.DAMP,damp,True,damp custom.jsdebugger.open.DAMP opt e10s fission stylo webrender,4768565,77,ms,firefox,,1742983011,2023-08-16T21:15:59,831.4218656879857,69f670fb5c2974e05152acd3a5cf1d5c0b640d67,1288603
autoland,4768729,12,95f51e857a45cd76f1766c14d6bed804857cd27b,windows10-64-shippable-qr,True,False,,,102210fe594ee9b33d82058545b1ed14f4c8206e,custom.jsdebugger.open.DAMP,damp,True,damp custom.jsdebugger.open.DAMP opt e10s fission stylo webrender,4768565,77,ms,firefox,,1742982929,2023-08-16T22:03:36,833.9927309814593,cda31e355b3b5a8a6b4271733f93cc9097b7e1bc,1288632
autoland,4768729,12,95f51e857a45cd76f1766c14d6bed804857cd27b,windows10-64-shippable-qr,True,False,,,102210fe594ee9b33d82058545b1ed14f4c8206e,custom.jsdebugger.open.DAMP,damp,True,damp custom.jsdebugger.open.DAMP opt e10s fission stylo webrender,4768565,77,ms,firefox,,1742982506,2023-08-16T22:03:36,834.7715999404681,cda31e355b3b5a8a6b4271733f93cc9097b7e1bc,1288632
autoland,4768729,12,95f51e857a45cd76f1766c14d6bed804857cd27b,windows10-64-shippable-qr,True,False,,,102210fe594ee9b33d82058545b1ed14f4c8206e,custom.jsdebugger.open.DAMP,damp,True,damp custom.jsdebugger.open.DAMP opt e10s fission stylo webrender,4768565,77,ms,firefox,,1742982556,2023-08-16T22:07:07,832.8505170861172,139a53c64cf08799126c12e52c87210d0905e17c,1288635
autoland,4768729,12,95f51e857a45cd76f1766c14d6bed804857cd27b,windows10-64-shippable-qr,True,False,,,102210fe594ee9b33d82058545b1ed14f4c8206e,custom.jsdebugger.open.DAMP,damp,True,damp custom.jsdebugger.open.DAMP opt e10s fission stylo webrender,4768565,77,ms,firefox,,1742982874,2023-08-16T22:07:07,827.6092880880196,139a53c64cf08799126c12e52c87210d0905e17c,1288635
autoland,4768729,12,95f51e857a45cd76f1766c14d6bed804857cd27b,windows10-64-shippable-qr,True,False,,,102210fe594ee9b33d82058545b1ed14f4c8206e,custom.jsdebugger.open.DAMP,damp,True,damp custom.jsdebugger.open.DAMP opt e10s fission stylo webrender,4768565,77,ms,firefox,,1742983077,2023-08-16T22:07:07,832.3348755924235,139a53c64cf08799126c12e52c87210d0905e17c,1288635
autoland,4768729,12,95f51e857a45cd76f1766c14d6bed804857cd27b,windows10-64-shippable-qr,True,False,,,102210fe594ee9b33d82058545b1ed14f4c8206e,custom.jsdebugger.open.DAMP,damp,True,damp custom.jsdebugger.open.DAMP opt e10s fission stylo webrender,4768565,77,ms,firefox,,1741698088,2023-08-16T23:04:52,832.9417671779447,4e21d241af64f5d1f3b4796d48ab8d58a961f081,1288666
autoland,4768729,12,95f51e857a45cd76f1766c14d6bed804857cd27b,windows10-64-shippable-qr,True,False,,,102210fe594ee9b33d82058545b1ed14f4c8206e,custom.jsdebugger.open.DAMP,damp,True,damp custom.jsdebugger.open.DAMP opt e10s fission stylo webrender,4768565,77,ms,firefox,,1741738912,2023-08-16T23:22:50,832.0626646291275,200aa08042f1b584401fd4aca219d4b68edf7973,1288675
autoland,4768729,12,95f51e857a45cd76f1766c14d6bed804857cd27b,windows10-64-shippable-qr,True,False,,,102210fe594ee9b33d82058545b1ed14f4c8206e,custom.jsdebugger.open.DAMP,damp,True,damp custom.jsdebugger.open.DAMP opt e10s fission stylo webrender,4768565,77,ms,firefox,,1743024693,2023-08-17T00:40:03,831.8270844227454,6ddefe7e7f25c644dfffc0235e658eb491e86d5d,1288703
autoland,4768729,12,95f51e857a45cd76f1766c14d6bed804857cd27b,windows10-64-shippable-qr,True,False,,,102210fe594ee9b33d82058545b1ed14f4c8206e,custom.jsdebugger.open.DAMP,damp,True,damp custom.jsdebugger.open.DAMP opt e10s fission stylo webrender,4768565,77,ms,firefox,,1743029759,2023-08-17T01:09:58,824.7498283947498,df174956d60e88d3a0c7c2d34a20141478e9756b,1288711
autoland,4768729,12,95f51e857a45cd76f1766c14d6bed804857cd27b,windows10-64-shippable-qr,True,False,,,102210fe594ee9b33d82058545b1ed14f4c8206e,custom.jsdebugger.open.DAMP,damp,True,damp custom.jsdebugger.open.DAMP opt e10s fission stylo webrender,4768565,77,ms,firefox,,1743022274,2023-08-17T01:10:52,829.6818018598715,44ba8ebd6477e140f1ebf3a7869de55df35c6d11,1288713
autoland,4768729,12,95f51e857a45cd76f1766c14d6bed804857cd27b,windows10-64-shippable-qr,True,False,,,102210fe594ee9b33d82058545b1ed14f4c8206e,custom.jsdebugger.open.DAMP,damp,True,damp custom.jsdebugger.open.DAMP opt e10s fission stylo webrender,4768565,77,ms,firefox,,1743026015,2023-08-17T02:25:49,832.6211981006682,970422f6006c712e04ad97a1712a217677a7a01a,1288736
autoland,4768729,12,95f51e857a45cd76f1766c14d6bed804857cd27b,windows10-64-shippable-qr,True,False,,,102210fe594ee9b33d82058545b1ed14f4c8206e,custom.jsdebugger.open.DAMP,damp,True,damp custom.jsdebugger.open.DAMP opt e10s fission stylo webrender,4768565,77,ms,firefox,,1743026173,2023-08-17T03:01:04,831.75904737979,1102d2a280edce916206a06c049d675d511bf4bd,1288743
autoland,4768729,12,95f51e857a45cd76f1766c14d6bed804857cd27b,windows10-64-shippable-qr,True,False,,,102210fe594ee9b33d82058545b1ed14f4c8206e,custom.jsdebugger.open.DAMP,damp,True,damp custom.jsdebugger.open.DAMP opt e10s fission stylo webrender,4768565,77,ms,firefox,,1741847368,2023-08-17T04:16:28,838.5928311722382,18db2934736dc8d16e5b5840ec0b170aef5c0c3b,1288753
autoland,4768729,12,95f51e857a45cd76f1766c14d6bed804857cd27b,windows10-64-shippable-qr,True,False,,,102210fe594ee9b33d82058545b1ed14f4c8206e,custom.jsdebugger.open.DAMP,damp,True,damp custom.jsdebugger.open.DAMP opt e10s fission stylo webrender,4768565,77,ms,firefox,,1742009866,2023-08-17T08:24:55,846.0042632569603,bee27401511bf375891968a9ca78d7ef74d19962,1288813
autoland,4768729,12,95f51e857a45cd76f1766c14d6bed804857cd27b,windows10-64-shippable-qr,True,False,,,102210fe594ee9b33d82058545b1ed14f4c8206e,custom.jsdebugger.open.DAMP,damp,True,damp custom.jsdebugger.open.DAMP opt e10s fission stylo webrender,4768565,77,ms,firefox,,1742001333,2023-08-17T10:09:55,840.2689505079879,78e7cb2837e7dec0ef55a2f5f383625335ad2520,1288847
autoland,4768729,12,95f51e857a45cd76f1766c14d6bed804857cd27b,windows10-64-shippable-qr,True,False,,,102210fe594ee9b33d82058545b1ed14f4c8206e,custom.jsdebugger.open.DAMP,damp,True,damp custom.jsdebugger.open.DAMP opt e10s fission stylo webrender,4768565,77,ms,firefox,,1742129126,2023-08-17T14:34:38,842.275301081645,776fbad509150f69418e1f44fa2580c651211253,1288953
autoland,4768729,12,95f51e857a45cd76f1766c14d6bed804857cd27b,windows10-64-shippable-qr,True,False,,,102210fe594ee9b33d82058545b1ed14f4c8206e,custom.jsdebugger.open.DAMP,damp,True,damp custom.jsdebugger.open.DAMP opt e10s fission stylo webrender,4768565,77,ms,firefox,,1742240499,2023-08-17T16:13:13,838.5114230749787,aac1f1d71d5251ffb80e7a22087e1c473e53069d,1289025
autoland,4768729,12,95f51e857a45cd76f1766c14d6bed804857cd27b,windows10-64-shippable-qr,True,False,,,102210fe594ee9b33d82058545b1ed14f4c8206e,custom.jsdebugger.open.DAMP,damp,True,damp custom.jsdebugger.open.DAMP opt e10s fission stylo webrender,4768565,77,ms,firefox,,1742421124,2023-08-17T19:44:04,834.3313359627409,e3a24ea4f8b0be504990cbc266d7af273804678e,1289144
autoland,4768729,12,95f51e857a45cd76f1766c14d6bed804857cd27b,windows10-64-shippable-qr,True,False,,,102210fe594ee9b33d82058545b1ed14f4c8206e,custom.jsdebugger.open.DAMP,damp,True,damp custom.jsdebugger.open.DAMP opt e10s fission stylo webrender,4768565,77,ms,firefox,,1742505709,2023-08-18T00:01:41,839.6968074085598,990790cb4b9bfd20fd7683f2815d50585f5dcba2,1289285
autoland,4768729,12,95f51e857a45cd76f1766c14d6bed804857cd27b,windows10-64-shippable-qr,True,False,,,102210fe594ee9b33d82058545b1ed14f4c8206e,custom.jsdebugger.open.DAMP,damp,True,damp custom.jsdebugger.open.DAMP opt e10s fission stylo webrender,4768565,77,ms,firefox,,1742637912,2023-08-18T04:25:36,839.4081005923144,deca2c956e89b8e65d2a1b0fcb79db8b991a7046,1289346
autoland,4768729,12,95f51e857a45cd76f1766c14d6bed804857cd27b,windows10-64-shippable-qr,True,False,,,102210fe594ee9b33d82058545b1ed14f4c8206e,custom.jsdebugger.open.DAMP,damp,True,damp custom.jsdebugger.open.DAMP opt e10s fission stylo webrender,4768565,77,ms,firefox,,1742676053,2023-08-18T05:21:52,843.8814028685083,87da0265a044885f5ed64cc9ce2b961721d2142e,1289351
autoland,4768729,12,95f51e857a45cd76f1766c14d6bed804857cd27b,windows10-64-shippable-qr,True,False,,,102210fe594ee9b33d82058545b1ed14f4c8206e,custom.jsdebugger.open.DAMP,damp,True,damp custom.jsdebugger.open.DAMP opt e10s fission stylo webrender,4768565,77,ms,firefox,,1742848372,2023-08-18T14:09:35,842.0863730494093,e2305368eaae41c8b47dd15f03addc2ec4fe0504,1289469
autoland,4768729,12,95f51e857a45cd76f1766c14d6bed804857cd27b,windows10-64-shippable-qr,True,False,,,102210fe594ee9b33d82058545b1ed14f4c8206e,custom.jsdebugger.open.DAMP,damp,True,damp custom.jsdebugger.open.DAMP opt e10s fission stylo webrender,4768565,77,ms,firefox,,1742937618,2023-08-18T19:46:30,838.2016074776648,62feb2305afdcba50bd84b58cd2ab152d53c61e7,1289627
autoland,4768729,12,95f51e857a45cd76f1766c14d6bed804857cd27b,windows10-64-shippable-qr,True,False,,,102210fe594ee9b33d82058545b1ed14f4c8206e,custom.jsdebugger.open.DAMP,damp,True,damp custom.jsdebugger.open.DAMP opt e10s fission stylo webrender,4768565,77,ms,firefox,,1743069326,2023-08-19T05:41:08,835.0710041478851,9814020284505cbc4a6075b3b7aba216be0632f8,1289731
autoland,4768729,12,95f51e857a45cd76f1766c14d6bed804857cd27b,windows10-64-shippable-qr,True,False,,,102210fe594ee9b33d82058545b1ed14f4c8206e,custom.jsdebugger.open.DAMP,damp,True,damp custom.jsdebugger.open.DAMP opt e10s fission stylo webrender,4768565,77,ms,firefox,,1743127524,2023-08-19T11:55:58,849.8520147060117,8fefefd6da577f8b3d842ea07120af9e964c09b5,1289750
autoland,4768729,12,95f51e857a45cd76f1766c14d6bed804857cd27b,windows10-64-shippable-qr,True,False,,,102210fe594ee9b33d82058545b1ed14f4c8206e,custom.jsdebugger.open.DAMP,damp,True,damp custom.jsdebugger.open.DAMP opt e10s fission stylo webrender,4768565,77,ms,firefox,,1743152518,2023-08-19T16:49:23,834.4123439681316,00ae001484c9ff1069878dc66b64e3cd07b706f4,1289762
autoland,4768729,12,95f51e857a45cd76f1766c14d6bed804857cd27b,windows10-64-shippable-qr,True,False,,,102210fe594ee9b33d82058545b1ed14f4c8206e,custom.jsdebugger.open.DAMP,damp,True,damp custom.jsdebugger.open.DAMP opt e10s fission stylo webrender,4768565,77,ms,firefox,,1743444193,2023-08-21T01:56:25,833.5484302589466,80d255ac1919800d21a7e2a610fbcd6fda43ed99,1289869
autoland,4768729,12,95f51e857a45cd76f1766c14d6bed804857cd27b,windows10-64-shippable-qr,True,False,,,102210fe594ee9b33d82058545b1ed14f4c8206e,custom.jsdebugger.open.DAMP,damp,True,damp custom.jsdebugger.open.DAMP opt e10s fission stylo webrender,4768565,77,ms,firefox,,1743505357,2023-08-21T07:01:47,841.2835027371475,a4b3b09ad08da2e5b588b641b24f767ff91e5912,1289886
autoland,4768729,12,95f51e857a45cd76f1766c14d6bed804857cd27b,windows10-64-shippable-qr,True,False,,,102210fe594ee9b33d82058545b1ed14f4c8206e,custom.jsdebugger.open.DAMP,damp,True,damp custom.jsdebugger.open.DAMP opt e10s fission stylo webrender,4768565,77,ms,firefox,,1743708711,2023-08-21T15:24:43,831.004246525823,bc597f54f9cf91b3284e6f593c33ca79ec723077,1290025
autoland,4768729,12,95f51e857a45cd76f1766c14d6bed804857cd27b,windows10-64-shippable-qr,True,False,,,102210fe594ee9b33d82058545b1ed14f4c8206e,custom.jsdebugger.open.DAMP,damp,True,damp custom.jsdebugger.open.DAMP opt e10s fission stylo webrender,4768565,77,ms,firefox,,1745060712,2023-08-21T15:54:10,831.7890241292553,87c32bc1bde71c8bf578a0b1095fe584733b44e7,1290034
autoland,4768729,12,95f51e857a45cd76f1766c14d6bed804857cd27b,windows10-64-shippable-qr,True,False,,,102210fe594ee9b33d82058545b1ed14f4c8206e,custom.jsdebugger.open.DAMP,damp,True,damp custom.jsdebugger.open.DAMP opt e10s fission stylo webrender,4768565,77,ms,firefox,,1745061056,2023-08-21T16:33:44,834.2293903751561,b65a5303a7aeae06891e819e83d764c52e270f7a,1290041
autoland,4768729,12,95f51e857a45cd76f1766c14d6bed804857cd27b,windows10-64-shippable-qr,True,False,,,102210fe594ee9b33d82058545b1ed14f4c8206e,custom.jsdebugger.open.DAMP,damp,True,damp custom.jsdebugger.open.DAMP opt e10s fission stylo webrender,4768565,77,ms,firefox,,1745061992,2023-08-21T18:52:39,833.1383751444009,667f94d3510f6398d8cbd1c534f1082bebe26c97,1290073
autoland,4768729,12,95f51e857a45cd76f1766c14d6bed804857cd27b,windows10-64-shippable-qr,True,False,,,102210fe594ee9b33d82058545b1ed14f4c8206e,custom.jsdebugger.open.DAMP,damp,True,damp custom.jsdebugger.open.DAMP opt e10s fission stylo webrender,4768565,77,ms,firefox,,1745060888,2023-08-21T19:01:11,829.8126524692516,5895c3cf40627e87b793a3466e7f3b5a0df3dd06,1290076
autoland,4768729,12,95f51e857a45cd76f1766c14d6bed804857cd27b,windows10-64-shippable-qr,True,False,,,102210fe594ee9b33d82058545b1ed14f4c8206e,custom.jsdebugger.open.DAMP,damp,True,damp custom.jsdebugger.open.DAMP opt e10s fission stylo webrender,4768565,77,ms,firefox,,1743760511,2023-08-21T19:46:12,837.9638036541728,82b916987920b0a9e2071c575073cbcff078021a,1290082
autoland,4768729,12,95f51e857a45cd76f1766c14d6bed804857cd27b,windows10-64-shippable-qr,True,False,,,102210fe594ee9b33d82058545b1ed14f4c8206e,custom.jsdebugger.open.DAMP,damp,True,damp custom.jsdebugger.open.DAMP opt e10s fission stylo webrender,4768565,77,ms,firefox,,1745060885,2023-08-21T20:02:43,833.1832603163775,55d55cdf7f44c5cb94b4097b47afd8851252f8a2,1290085
autoland,4768729,12,95f51e857a45cd76f1766c14d6bed804857cd27b,windows10-64-shippable-qr,True,False,,,102210fe594ee9b33d82058545b1ed14f4c8206e,custom.jsdebugger.open.DAMP,damp,True,damp custom.jsdebugger.open.DAMP opt e10s fission stylo webrender,4768565,77,ms,firefox,,1745060948,2023-08-21T21:58:02,829.9348497400133,6db2de19f043d5839722ab0f3c6cd030a8cfec88,1290106
autoland,4768729,12,95f51e857a45cd76f1766c14d6bed804857cd27b,windows10-64-shippable-qr,True,False,,,102210fe594ee9b33d82058545b1ed14f4c8206e,custom.jsdebugger.open.DAMP,damp,True,damp custom.jsdebugger.open.DAMP opt e10s fission stylo webrender,4768565,77,ms,firefox,,1745061044,2023-08-21T21:58:02,834.8732594551111,6db2de19f043d5839722ab0f3c6cd030a8cfec88,1290106
autoland,4768729,12,95f51e857a45cd76f1766c14d6bed804857cd27b,windows10-64-shippable-qr,True,False,,,102210fe594ee9b33d82058545b1ed14f4c8206e,custom.jsdebugger.open.DAMP,damp,True,damp custom.jsdebugger.open.DAMP opt e10s fission stylo webrender,4768565,77,ms,firefox,,1743833287,2023-08-22T01:01:20,832.1116446529513,1bbf9fc4d2dc2a1ff3ccf67fb65cedc71fcc0291,1290123
autoland,4768729,12,95f51e857a45cd76f1766c14d6bed804857cd27b,windows10-64-shippable-qr,True,False,,,102210fe594ee9b33d82058545b1ed14f4c8206e,custom.jsdebugger.open.DAMP,damp,True,damp custom.jsdebugger.open.DAMP opt e10s fission stylo webrender,4768565,77,ms,firefox,,1745103693,2023-08-22T02:17:21,843.6634934071553,58826b04f826554d81e88a2115ded444ef1cf5f4,1290144
autoland,4768729,12,95f51e857a45cd76f1766c14d6bed804857cd27b,windows10-64-shippable-qr,True,False,,,102210fe594ee9b33d82058545b1ed14f4c8206e,custom.jsdebugger.open.DAMP,damp,True,damp custom.jsdebugger.open.DAMP opt e10s fission stylo webrender,4768565,77,ms,firefox,,1745102969,2023-08-22T07:53:19,844.5364110693117,7fac130e85bd394a3452b8cb154f40cb4fc60a6c,1290168
autoland,4768729,12,95f51e857a45cd76f1766c14d6bed804857cd27b,windows10-64-shippable-qr,True,False,,,102210fe594ee9b33d82058545b1ed14f4c8206e,custom.jsdebugger.open.DAMP,damp,True,damp custom.jsdebugger.open.DAMP opt e10s fission stylo webrender,4768565,77,ms,firefox,,1745103448,2023-08-22T09:29:27,846.0871156124413,ccded805beae93d3b98543807638e626e7337acc,1290185
autoland,4768729,12,95f51e857a45cd76f1766c14d6bed804857cd27b,windows10-64-shippable-qr,True,False,,,102210fe594ee9b33d82058545b1ed14f4c8206e,custom.jsdebugger.open.DAMP,damp,True,damp custom.jsdebugger.open.DAMP opt e10s fission stylo webrender,4768565,77,ms,firefox,,1745107322,2023-08-22T10:01:35,831.47318076191,fb756de2f6aaa6888b947f58305c692cecb8b7d0,1290189
autoland,4768729,12,95f51e857a45cd76f1766c14d6bed804857cd27b,windows10-64-shippable-qr,True,False,,,102210fe594ee9b33d82058545b1ed14f4c8206e,custom.jsdebugger.open.DAMP,damp,True,damp custom.jsdebugger.open.DAMP opt e10s fission stylo webrender,4768565,77,ms,firefox,,1745103978,2023-08-22T10:22:47,841.3464164102088,e4f39c21263f7325520d45120b6e2132e3c436f2,1290191
autoland,4768729,12,95f51e857a45cd76f1766c14d6bed804857cd27b,windows10-64-shippable-qr,True,False,,,102210fe594ee9b33d82058545b1ed14f4c8206e,custom.jsdebugger.open.DAMP,damp,True,damp custom.jsdebugger.open.DAMP opt e10s fission stylo webrender,4768565,77,ms,firefox,,1745061159,2023-08-22T11:00:38,830.3159420319425,e5eaba75408ae99aad9253d54cd09efb8f5a50ec,1290200
autoland,4768729,12,95f51e857a45cd76f1766c14d6bed804857cd27b,windows10-64-shippable-qr,True,False,,,102210fe594ee9b33d82058545b1ed14f4c8206e,custom.jsdebugger.open.DAMP,damp,True,damp custom.jsdebugger.open.DAMP opt e10s fission stylo webrender,4768565,77,ms,firefox,,1744034249,2023-08-22T11:50:17,815.3468455707043,81c3a95411ab3d706659872a9aedef21494cac9c,1290203
autoland,4768729,12,95f51e857a45cd76f1766c14d6bed804857cd27b,windows10-64-shippable-qr,True,False,,,102210fe594ee9b33d82058545b1ed14f4c8206e,custom.jsdebugger.open.DAMP,damp,True,damp custom.jsdebugger.open.DAMP opt e10s fission stylo webrender,4768565,77,ms,firefox,,1745099711,2023-08-22T12:40:15,825.4418298721575,26e28b8edd2b29cf3ad703c39f70789335541470,1290207
autoland,4768729,12,95f51e857a45cd76f1766c14d6bed804857cd27b,windows10-64-shippable-qr,True,False,,,102210fe594ee9b33d82058545b1ed14f4c8206e,custom.jsdebugger.open.DAMP,damp,True,damp custom.jsdebugger.open.DAMP opt e10s fission stylo webrender,4768565,77,ms,firefox,,1745100213,2023-08-22T12:41:21,825.4699222135241,c850305f1ad84d8d25568eb624bf06fb4b2bad56,1290208
autoland,4768729,12,95f51e857a45cd76f1766c14d6bed804857cd27b,windows10-64-shippable-qr,True,False,,,102210fe594ee9b33d82058545b1ed14f4c8206e,custom.jsdebugger.open.DAMP,damp,True,damp custom.jsdebugger.open.DAMP opt e10s fission stylo webrender,4768565,77,ms,firefox,,1745099389,2023-08-22T14:06:43,824.1129007208656,bc91ede31572bbd7ef1382b7d9bd3beaac11dc56,1290237
autoland,4768729,12,95f51e857a45cd76f1766c14d6bed804857cd27b,windows10-64-shippable-qr,True,False,,,102210fe594ee9b33d82058545b1ed14f4c8206e,custom.jsdebugger.open.DAMP,damp,True,damp custom.jsdebugger.open.DAMP opt e10s fission stylo webrender,4768565,77,ms,firefox,,1745115650,2023-08-22T14:36:12,828.2390427639884,ca737b661c6eeaecfebf6f2bd27aca46ef656ae4,1290249
autoland,4768729,12,95f51e857a45cd76f1766c14d6bed804857cd27b,windows10-64-shippable-qr,True,False,,,102210fe594ee9b33d82058545b1ed14f4c8206e,custom.jsdebugger.open.DAMP,damp,True,damp custom.jsdebugger.open.DAMP opt e10s fission stylo webrender,4768565,77,ms,firefox,,1745100365,2023-08-22T14:50:03,829.9963409023003,939dacb7eea3d926e3cf425c8c3d03abb8a03782,1290254
autoland,4768729,12,95f51e857a45cd76f1766c14d6bed804857cd27b,windows10-64-shippable-qr,True,False,,,102210fe594ee9b33d82058545b1ed14f4c8206e,custom.jsdebugger.open.DAMP,damp,True,damp custom.jsdebugger.open.DAMP opt e10s fission stylo webrender,4768565,77,ms,firefox,,1745106377,2023-08-22T15:25:25,826.4140574600242,27e7593f8ea662e89807d5d7dc324c488a9766ac,1290268
autoland,4768729,12,95f51e857a45cd76f1766c14d6bed804857cd27b,windows10-64-shippable-qr,True,False,,,102210fe594ee9b33d82058545b1ed14f4c8206e,custom.jsdebugger.open.DAMP,damp,True,damp custom.jsdebugger.open.DAMP opt e10s fission stylo webrender,4768565,77,ms,firefox,,1745099442,2023-08-22T15:47:55,836.5130781755124,8374f96199da95257aa7fb4eeb57a37800c2b59b,1290275
autoland,4768729,12,95f51e857a45cd76f1766c14d6bed804857cd27b,windows10-64-shippable-qr,True,False,,,102210fe594ee9b33d82058545b1ed14f4c8206e,custom.jsdebugger.open.DAMP,damp,True,damp custom.jsdebugger.open.DAMP opt e10s fission stylo webrender,4768565,77,ms,firefox,,1744216527,2023-08-22T15:58:55,828.9932194075445,eccdb961d59ca1e4315f6b2d255d638be86d8f63,1290279
autoland,4768729,12,95f51e857a45cd76f1766c14d6bed804857cd27b,windows10-64-shippable-qr,True,False,,,102210fe594ee9b33d82058545b1ed14f4c8206e,custom.jsdebugger.open.DAMP,damp,True,damp custom.jsdebugger.open.DAMP opt e10s fission stylo webrender,4768565,77,ms,firefox,,1744229716,2023-08-22T16:02:39,825.9012121747764,ece9fb8fbedfa6acc08840151034f2468832c851,1290281
autoland,4768729,12,95f51e857a45cd76f1766c14d6bed804857cd27b,windows10-64-shippable-qr,True,False,,,102210fe594ee9b33d82058545b1ed14f4c8206e,custom.jsdebugger.open.DAMP,damp,True,damp custom.jsdebugger.open.DAMP opt e10s fission stylo webrender,4768565,77,ms,firefox,,1744314933,2023-08-22T20:17:58,817.7951493777946,a1487474ef2708086b96f2b3625f244382eb9f4a,1290386
autoland,4768729,12,95f51e857a45cd76f1766c14d6bed804857cd27b,windows10-64-shippable-qr,True,False,,,102210fe594ee9b33d82058545b1ed14f4c8206e,custom.jsdebugger.open.DAMP,damp,True,damp custom.jsdebugger.open.DAMP opt e10s fission stylo webrender,4768565,77,ms,firefox,,1744375237,2023-08-22T22:10:32,820.3100946654304,959c2f0abc19c494aba15ae7513fff9f59631cc1,1290435
autoland,4768729,12,95f51e857a45cd76f1766c14d6bed804857cd27b,windows10-64-shippable-qr,True,False,,,102210fe594ee9b33d82058545b1ed14f4c8206e,custom.jsdebugger.open.DAMP,damp,True,damp custom.jsdebugger.open.DAMP opt e10s fission stylo webrender,4768565,77,ms,firefox,,1744435356,2023-08-23T02:11:44,813.5155301467239,df1f27dc099011a97267a844e60b1350575fc73c,1290482
autoland,4768729,12,95f51e857a45cd76f1766c14d6bed804857cd27b,windows10-64-shippable-qr,True,False,,,102210fe594ee9b33d82058545b1ed14f4c8206e,custom.jsdebugger.open.DAMP,damp,True,damp custom.jsdebugger.open.DAMP opt e10s fission stylo webrender,4768565,77,ms,firefox,,1744573125,2023-08-23T06:45:25,829.8274423761031,991ab6dbc55b4783dc5a6f561a9cc22cb4408e38,1290546
autoland,4768729,12,95f51e857a45cd76f1766c14d6bed804857cd27b,windows10-64-shippable-qr,True,False,,,102210fe594ee9b33d82058545b1ed14f4c8206e,custom.jsdebugger.open.DAMP,damp,True,damp custom.jsdebugger.open.DAMP opt e10s fission stylo webrender,4768565,77,ms,firefox,,1744583866,2023-08-23T07:14:41,828.8874643903691,4a4d5e64aec5efa71e7c743f4c968544faee5332,1290556
autoland,4768729,12,95f51e857a45cd76f1766c14d6bed804857cd27b,windows10-64-shippable-qr,True,False,,,102210fe594ee9b33d82058545b1ed14f4c8206e,custom.jsdebugger.open.DAMP,damp,True,damp custom.jsdebugger.open.DAMP opt e10s fission stylo webrender,4768565,77,ms,firefox,,1744677641,2023-08-23T11:20:43,817.7438106121699,c3bfc7b73e9fc06ec28663e6501728233eb0d574,1290592
autoland,4768729,12,95f51e857a45cd76f1766c14d6bed804857cd27b,windows10-64-shippable-qr,True,False,,,102210fe594ee9b33d82058545b1ed14f4c8206e,custom.jsdebugger.open.DAMP,damp,True,damp custom.jsdebugger.open.DAMP opt e10s fission stylo webrender,4768565,77,ms,firefox,,1744774295,2023-08-23T15:20:56,826.0252122582497,a7db5ff392b1f3d18507813fbd65458438b3cbc4,1290685
autoland,4768729,12,95f51e857a45cd76f1766c14d6bed804857cd27b,windows10-64-shippable-qr,True,False,,,102210fe594ee9b33d82058545b1ed14f4c8206e,custom.jsdebugger.open.DAMP,damp,True,damp custom.jsdebugger.open.DAMP opt e10s fission stylo webrender,4768565,77,ms,firefox,,1744839658,2023-08-23T16:55:50,827.7497410130891,40a8041d06707a315c5f6e4b541dbe805bf34ec7,1290727
autoland,4768729,12,95f51e857a45cd76f1766c14d6bed804857cd27b,windows10-64-shippable-qr,True,False,,,102210fe594ee9b33d82058545b1ed14f4c8206e,custom.jsdebugger.open.DAMP,damp,True,damp custom.jsdebugger.open.DAMP opt e10s fission stylo webrender,4768565,77,ms,firefox,,1744902791,2023-08-23T20:58:03,820.5770787118217,b5371614cd5a3e19ca3e500a87546023aea8eb5d,1290847
autoland,4768729,12,95f51e857a45cd76f1766c14d6bed804857cd27b,windows10-64-shippable-qr,True,False,,,102210fe594ee9b33d82058545b1ed14f4c8206e,custom.jsdebugger.open.DAMP,damp,True,damp custom.jsdebugger.open.DAMP opt e10s fission stylo webrender,4768565,77,ms,firefox,,1745033661,2023-08-23T22:59:05,820.6158552361667,25936c5809e05c5b5d28810efdfb0af9bb2f1792,1290874
autoland,4768729,12,95f51e857a45cd76f1766c14d6bed804857cd27b,windows10-64-shippable-qr,True,False,,,102210fe594ee9b33d82058545b1ed14f4c8206e,custom.jsdebugger.open.DAMP,damp,True,damp custom.jsdebugger.open.DAMP opt e10s fission stylo webrender,4768565,77,ms,firefox,,1745113373,2023-08-24T03:53:22,818.0782390479908,332b088b314103bc02b008e08f1567f092cd6ca1,1290918
autoland,4768729,12,95f51e857a45cd76f1766c14d6bed804857cd27b,windows10-64-shippable-qr,True,False,,,102210fe594ee9b33d82058545b1ed14f4c8206e,custom.jsdebugger.open.DAMP,damp,True,damp custom.jsdebugger.open.DAMP opt e10s fission stylo webrender,4768565,77,ms,firefox,,1745208483,2023-08-24T11:04:38,820.5245264857294,fbbf71ea5127f6cc74aab13a3817349afe93580c,1291003
autoland,4768729,12,95f51e857a45cd76f1766c14d6bed804857cd27b,windows10-64-shippable-qr,True,False,,,102210fe594ee9b33d82058545b1ed14f4c8206e,custom.jsdebugger.open.DAMP,damp,True,damp custom.jsdebugger.open.DAMP opt e10s fission stylo webrender,4768565,77,ms,firefox,,1745372040,2023-08-24T13:41:33,826.2994144421682,9d2df5cf36fbb1712a62be68c4a309e2451e2d35,1291057
autoland,4768729,12,95f51e857a45cd76f1766c14d6bed804857cd27b,windows10-64-shippable-qr,True,False,,,102210fe594ee9b33d82058545b1ed14f4c8206e,custom.jsdebugger.open.DAMP,damp,True,damp custom.jsdebugger.open.DAMP opt e10s fission stylo webrender,4768565,77,ms,firefox,,1745501581,2023-08-24T18:48:40,827.0322051468356,6089e7f0fa57a29c6d080f135f65e146c34457d8,1291216
autoland,4768729,12,95f51e857a45cd76f1766c14d6bed804857cd27b,windows10-64-shippable-qr,True,False,,,102210fe594ee9b33d82058545b1ed14f4c8206e,custom.jsdebugger.open.DAMP,damp,True,damp custom.jsdebugger.open.DAMP opt e10s fission stylo webrender,4768565,77,ms,firefox,,1745673554,2023-08-25T00:48:43,817.1043985957513,0129f728663fcc0bcc1f816e006f1eb2635780e4,1291339
autoland,4768729,12,95f51e857a45cd76f1766c14d6bed804857cd27b,windows10-64-shippable-qr,True,False,,,102210fe594ee9b33d82058545b1ed14f4c8206e,custom.jsdebugger.open.DAMP,damp,True,damp custom.jsdebugger.open.DAMP opt e10s fission stylo webrender,4768565,77,ms,firefox,,1745821608,2023-08-25T11:24:50,816.8366848870501,e5ba3b52ebac2d2582cecd6122443fc024cd24c9,1291437
autoland,4768729,12,95f51e857a45cd76f1766c14d6bed804857cd27b,windows10-64-shippable-qr,True,False,,,102210fe594ee9b33d82058545b1ed14f4c8206e,custom.jsdebugger.open.DAMP,damp,True,damp custom.jsdebugger.open.DAMP opt e10s fission stylo webrender,4768565,77,ms,firefox,,1745997776,2023-08-25T15:32:54,833.4492161779781,059b77df2394c7caf1061e1b817e004878738efa,1291507
autoland,4768729,12,95f51e857a45cd76f1766c14d6bed804857cd27b,windows10-64-shippable-qr,True,False,,,102210fe594ee9b33d82058545b1ed14f4c8206e,custom.jsdebugger.open.DAMP,damp,True,damp custom.jsdebugger.open.DAMP opt e10s fission stylo webrender,4768565,77,ms,firefox,,1746121439,2023-08-25T19:36:02,825.2190935202889,47efe79717796bf6f3a70e5733e99a98b0d9fad4,1291599
autoland,4768729,12,95f51e857a45cd76f1766c14d6bed804857cd27b,windows10-64-shippable-qr,True,False,,,102210fe594ee9b33d82058545b1ed14f4c8206e,custom.jsdebugger.open.DAMP,damp,True,damp custom.jsdebugger.open.DAMP opt e10s fission stylo webrender,4768565,77,ms,firefox,,1746236297,2023-08-26T03:22:14,814.9824725482831,ddc3d1e9268d9abde51f1082490491f544286b16,1291695
autoland,4768729,12,95f51e857a45cd76f1766c14d6bed804857cd27b,windows10-64-shippable-qr,True,False,,,102210fe594ee9b33d82058545b1ed14f4c8206e,custom.jsdebugger.open.DAMP,damp,True,damp custom.jsdebugger.open.DAMP opt e10s fission stylo webrender,4768565,77,ms,firefox,,1746464317,2023-08-26T13:17:30,817.8835705769452,cc8d561a9b401f3ebfda56de56c018b287d8b340,1291872
autoland,4768729,12,95f51e857a45cd76f1766c14d6bed804857cd27b,windows10-64-shippable-qr,True,False,,,102210fe594ee9b33d82058545b1ed14f4c8206e,custom.jsdebugger.open.DAMP,damp,True,damp custom.jsdebugger.open.DAMP opt e10s fission stylo webrender,4768565,77,ms,firefox,,1746601475,2023-08-26T23:47:49,816.7030698480339,140288e1dd6073b83aa67b725aa9a96945374a82,1292019
autoland,4768729,12,95f51e857a45cd76f1766c14d6bed804857cd27b,windows10-64-shippable-qr,True,False,,,102210fe594ee9b33d82058545b1ed14f4c8206e,custom.jsdebugger.open.DAMP,damp,True,damp custom.jsdebugger.open.DAMP opt e10s fission stylo webrender,4768565,77,ms,firefox,,1746738148,2023-08-27T23:31:15,815.4240131618335,6aaf2cf582814f5a76c09fa2ac7cc760a5886134,1292080
autoland,4768729,12,95f51e857a45cd76f1766c14d6bed804857cd27b,windows10-64-shippable-qr,True,False,,,102210fe594ee9b33d82058545b1ed14f4c8206e,custom.jsdebugger.open.DAMP,damp,True,damp custom.jsdebugger.open.DAMP opt e10s fission stylo webrender,4768565,77,ms,firefox,,1746862704,2023-08-28T10:38:35,820.6834170168077,2303dc7d775759ce8737630e7762c69d2beac062,1292181
autoland,4768729,12,95f51e857a45cd76f1766c14d6bed804857cd27b,windows10-64-shippable-qr,True,False,,,102210fe594ee9b33d82058545b1ed14f4c8206e,custom.jsdebugger.open.DAMP,damp,True,damp custom.jsdebugger.open.DAMP opt e10s fission stylo webrender,4768565,77,ms,firefox,,1747005890,2023-08-28T14:50:25,830.4277867510682,f8e518c6ab37a0144872f6158300e1de85034002,1292276
autoland,4768729,12,95f51e857a45cd76f1766c14d6bed804857cd27b,windows10-64-shippable-qr,True,False,,,102210fe594ee9b33d82058545b1ed14f4c8206e,custom.jsdebugger.open.DAMP,damp,True,damp custom.jsdebugger.open.DAMP opt e10s fission stylo webrender,4768565,77,ms,firefox,,1747103962,2023-08-28T18:02:15,827.9969839781552,7ef66afbcd94bc7787448a9d797ec662b02fe58a,1292360
autoland,4768729,12,95f51e857a45cd76f1766c14d6bed804857cd27b,windows10-64-shippable-qr,True,False,,,102210fe594ee9b33d82058545b1ed14f4c8206e,custom.jsdebugger.open.DAMP,damp,True,damp custom.jsdebugger.open.DAMP opt e10s fission stylo webrender,4768565,77,ms,firefox,,1747213458,2023-08-28T20:37:08,829.3470658770993,9451de3148827dbd587f22175b6c0453c7a605db,1292463
autoland,4768729,12,95f51e857a45cd76f1766c14d6bed804857cd27b,windows10-64-shippable-qr,True,False,,,102210fe594ee9b33d82058545b1ed14f4c8206e,custom.jsdebugger.open.DAMP,damp,True,damp custom.jsdebugger.open.DAMP opt e10s fission stylo webrender,4768565,77,ms,firefox,,1747268076,2023-08-29T02:20:20,818.0517392625188,4cca72b5cd903bbb8bdc66098aaeb1eb12d8dddd,1292618
autoland,4768729,12,95f51e857a45cd76f1766c14d6bed804857cd27b,windows10-64-shippable-qr,True,False,,,102210fe594ee9b33d82058545b1ed14f4c8206e,custom.jsdebugger.open.DAMP,damp,True,damp custom.jsdebugger.open.DAMP opt e10s fission stylo webrender,4768565,77,ms,firefox,,1747274887,2023-08-29T03:02:37,825.2620584430406,f79fe732a6b523e66f30e056118cdd2cff02a5ca,1292639
autoland,4768729,12,95f51e857a45cd76f1766c14d6bed804857cd27b,windows10-64-shippable-qr,True,False,,,102210fe594ee9b33d82058545b1ed14f4c8206e,custom.jsdebugger.open.DAMP,damp,True,damp custom.jsdebugger.open.DAMP opt e10s fission stylo webrender,4768565,77,ms,firefox,,1747367488,2023-08-29T07:11:54,818.9753864743252,801325776b1492f30ec6ac7c770000fa8c894d2a,1292691
autoland,4768729,12,95f51e857a45cd76f1766c14d6bed804857cd27b,windows10-64-shippable-qr,True,False,,,102210fe594ee9b33d82058545b1ed14f4c8206e,custom.jsdebugger.open.DAMP,damp,True,damp custom.jsdebugger.open.DAMP opt e10s fission stylo webrender,4768565,77,ms,firefox,,1747535131,2023-08-29T11:18:23,826.2833789809811,843a6e4db35622bdd606d6cdd7c0f1a05828a89e,1292770
autoland,4768729,12,95f51e857a45cd76f1766c14d6bed804857cd27b,windows10-64-shippable-qr,True,False,,,102210fe594ee9b33d82058545b1ed14f4c8206e,custom.jsdebugger.open.DAMP,damp,True,damp custom.jsdebugger.open.DAMP opt e10s fission stylo webrender,4768565,77,ms,firefox,,1747645814,2023-08-29T11:21:44,820.1515587490721,abe9789555b5960e5b395aba02b4891c388e4839,1292771
autoland,4768729,12,95f51e857a45cd76f1766c14d6bed804857cd27b,windows10-64-shippable-qr,True,False,,,102210fe594ee9b33d82058545b1ed14f4c8206e,custom.jsdebugger.open.DAMP,damp,True,damp custom.jsdebugger.open.DAMP opt e10s fission stylo webrender,4768565,77,ms,firefox,,1747768419,2023-08-29T16:25:43,823.0018507102795,0bb8944a5c2a783f353dc7595b2171844923a934,1292913
autoland,4768729,12,95f51e857a45cd76f1766c14d6bed804857cd27b,windows10-64-shippable-qr,True,False,,,102210fe594ee9b33d82058545b1ed14f4c8206e,custom.jsdebugger.open.DAMP,damp,True,damp custom.jsdebugger.open.DAMP opt e10s fission stylo webrender,4768565,77,ms,firefox,,1747829170,2023-08-29T20:54:58,825.9721867614317,16c71fac642647b97c85d086e54342a5addaaf13,1293039
autoland,4768729,12,95f51e857a45cd76f1766c14d6bed804857cd27b,windows10-64-shippable-qr,True,False,,,102210fe594ee9b33d82058545b1ed14f4c8206e,custom.jsdebugger.open.DAMP,damp,True,damp custom.jsdebugger.open.DAMP opt e10s fission stylo webrender,4768565,77,ms,firefox,,1747856999,2023-08-30T01:49:26,821.3569645347452,34dcd8f28e9a642600425b3383df225859ea91cd,1293133
autoland,4768729,12,95f51e857a45cd76f1766c14d6bed804857cd27b,windows10-64-shippable-qr,True,False,,,102210fe594ee9b33d82058545b1ed14f4c8206e,custom.jsdebugger.open.DAMP,damp,True,damp custom.jsdebugger.open.DAMP opt e10s fission stylo webrender,4768565,77,ms,firefox,,1748094462,2023-08-30T13:43:19,825.6920190818782,379bb5e39311a7878ea31b7eb0dd39fdef1ab15a,1293343
autoland,4768729,12,95f51e857a45cd76f1766c14d6bed804857cd27b,windows10-64-shippable-qr,True,False,,,102210fe594ee9b33d82058545b1ed14f4c8206e,custom.jsdebugger.open.DAMP,damp,True,damp custom.jsdebugger.open.DAMP opt e10s fission stylo webrender,4768565,77,ms,firefox,,1748091083,2023-08-30T16:15:47,827.0605948483189,f648d27187b6f45ac21ab6bf0ca9673dcfc55cf4,1293412
autoland,4768729,12,95f51e857a45cd76f1766c14d6bed804857cd27b,windows10-64-shippable-qr,True,False,,,102210fe594ee9b33d82058545b1ed14f4c8206e,custom.jsdebugger.open.DAMP,damp,True,damp custom.jsdebugger.open.DAMP opt e10s fission stylo webrender,4768565,77,ms,firefox,,1748156241,2023-08-30T20:58:03,834.4116058854088,7643e2c34ec4fce31fb741b2e7003adc7e547e36,1293585
autoland,4768729,12,95f51e857a45cd76f1766c14d6bed804857cd27b,windows10-64-shippable-qr,True,False,,,102210fe594ee9b33d82058545b1ed14f4c8206e,custom.jsdebugger.open.DAMP,damp,True,damp custom.jsdebugger.open.DAMP opt e10s fission stylo webrender,4768565,77,ms,firefox,,1748222409,2023-08-30T23:31:09,814.9207544413366,8db6a3b432759fd37b677c455c7d9ecedafd7e77,1293654
autoland,4768729,12,95f51e857a45cd76f1766c14d6bed804857cd27b,windows10-64-shippable-qr,True,False,,,102210fe594ee9b33d82058545b1ed14f4c8206e,custom.jsdebugger.open.DAMP,damp,True,damp custom.jsdebugger.open.DAMP opt e10s fission stylo webrender,4768565,77,ms,firefox,,1748247772,2023-08-31T03:36:38,817.8197716886934,bcc1470439818e29a38c29432af9fd130b8ec931,1293720
autoland,4768729,12,95f51e857a45cd76f1766c14d6bed804857cd27b,windows10-64-shippable-qr,True,False,,,102210fe594ee9b33d82058545b1ed14f4c8206e,custom.jsdebugger.open.DAMP,damp,True,damp custom.jsdebugger.open.DAMP opt e10s fission stylo webrender,4768565,77,ms,firefox,,1748350355,2023-08-31T09:19:24,818.0951350450996,e2d1d56b4cb882f210d71f021a2f804a56d718e6,1293811
autoland,4768729,12,95f51e857a45cd76f1766c14d6bed804857cd27b,windows10-64-shippable-qr,True,False,,,102210fe594ee9b33d82058545b1ed14f4c8206e,custom.jsdebugger.open.DAMP,damp,True,damp custom.jsdebugger.open.DAMP opt e10s fission stylo webrender,4768565,77,ms,firefox,,1748466174,2023-08-31T14:04:37,818.1100295390061,79fd00522da11013e2076ceccfd842c54d2f0822,1293937
autoland,4768729,12,95f51e857a45cd76f1766c14d6bed804857cd27b,windows10-64-shippable-qr,True,False,,,102210fe594ee9b33d82058545b1ed14f4c8206e,custom.jsdebugger.open.DAMP,damp,True,damp custom.jsdebugger.open.DAMP opt e10s fission stylo webrender,4768565,77,ms,firefox,,1748611967,2023-08-31T18:09:30,817.1789965347853,bd48139a6966dfb067c7b31bdf2021bd85a1f6a9,1294069
autoland,4768729,12,95f51e857a45cd76f1766c14d6bed804857cd27b,windows10-64-shippable-qr,True,False,,,102210fe594ee9b33d82058545b1ed14f4c8206e,custom.jsdebugger.open.DAMP,damp,True,damp custom.jsdebugger.open.DAMP opt e10s fission stylo webrender,4768565,77,ms,firefox,,1748657025,2023-08-31T19:33:29,821.4103344792893,a0d77e120c268cc1e877891df07436c1128dde4f,1294123
autoland,4768729,12,95f51e857a45cd76f1766c14d6bed804857cd27b,windows10-64-shippable-qr,True,False,,,102210fe594ee9b33d82058545b1ed14f4c8206e,custom.jsdebugger.open.DAMP,damp,True,damp custom.jsdebugger.open.DAMP opt e10s fission stylo webrender,4768565,77,ms,firefox,,1748774899,2023-09-01T00:39:38,820.0191829169817,27ce38e0ae179241f6afc83c246df3113fc76eb5,1294315
autoland,4768729,12,95f51e857a45cd76f1766c14d6bed804857cd27b,windows10-64-shippable-qr,True,False,,,102210fe594ee9b33d82058545b1ed14f4c8206e,custom.jsdebugger.open.DAMP,damp,True,damp custom.jsdebugger.open.DAMP opt e10s fission stylo webrender,4768565,77,ms,firefox,,1748782678,2023-09-01T01:00:26,828.6821522852624,9034f1db1295f77ef75c8afa9ac280788649b1c4,1294322
autoland,4768729,12,95f51e857a45cd76f1766c14d6bed804857cd27b,windows10-64-shippable-qr,True,False,,,102210fe594ee9b33d82058545b1ed14f4c8206e,custom.jsdebugger.open.DAMP,damp,True,damp custom.jsdebugger.open.DAMP opt e10s fission stylo webrender,4768565,77,ms,firefox,,1748935429,2023-09-01T06:26:09,828.9803654793359,ae769caa17a3a27e7fed2cfd78ea439adf051dc8,1294426
autoland,4768729,12,95f51e857a45cd76f1766c14d6bed804857cd27b,windows10-64-shippable-qr,True,False,,,102210fe594ee9b33d82058545b1ed14f4c8206e,custom.jsdebugger.open.DAMP,damp,True,damp custom.jsdebugger.open.DAMP opt e10s fission stylo webrender,4768565,77,ms,firefox,,1749125046,2023-09-01T10:42:21,827.139259482773,2e446d8859cc4a60faa49f68ed5445c534e47850,1294509
autoland,4768729,12,95f51e857a45cd76f1766c14d6bed804857cd27b,windows10-64-shippable-qr,True,False,,,102210fe594ee9b33d82058545b1ed14f4c8206e,custom.jsdebugger.open.DAMP,damp,True,damp custom.jsdebugger.open.DAMP opt e10s fission stylo webrender,4768565,77,ms,firefox,,1749115698,2023-09-01T11:44:59,826.7378050965744,bf57203fdaf0f91ccecca73cc02286e5c20686be,1294532
autoland,4768729,12,95f51e857a45cd76f1766c14d6bed804857cd27b,windows10-64-shippable-qr,True,False,,,102210fe594ee9b33d82058545b1ed14f4c8206e,custom.jsdebugger.open.DAMP,damp,True,damp custom.jsdebugger.open.DAMP opt e10s fission stylo webrender,4768565,77,ms,firefox,,1749217828,2023-09-01T15:47:54,827.6629304300877,ad7684944accdb72fb27cae1118a774a95ed9c55,1294651
autoland,4768729,12,95f51e857a45cd76f1766c14d6bed804857cd27b,windows10-64-shippable-qr,True,False,,,102210fe594ee9b33d82058545b1ed14f4c8206e,custom.jsdebugger.open.DAMP,damp,True,damp custom.jsdebugger.open.DAMP opt e10s fission stylo webrender,4768565,77,ms,firefox,,1749528157,2023-09-02T01:00:47,820.8271182275266,99eed791079c7b72126fee110226a0f9c519a053,1294900
autoland,4768729,12,95f51e857a45cd76f1766c14d6bed804857cd27b,windows10-64-shippable-qr,True,False,,,102210fe594ee9b33d82058545b1ed14f4c8206e,custom.jsdebugger.open.DAMP,damp,True,damp custom.jsdebugger.open.DAMP opt e10s fission stylo webrender,4768565,77,ms,firefox,,1749568348,2023-09-02T06:50:37,823.7579044307349,0d100cd406fac31edd725aaa2ca36c72593b7207,1294943
autoland,4768729,12,95f51e857a45cd76f1766c14d6bed804857cd27b,windows10-64-shippable-qr,True,False,,,102210fe594ee9b33d82058545b1ed14f4c8206e,custom.jsdebugger.open.DAMP,damp,True,damp custom.jsdebugger.open.DAMP opt e10s fission stylo webrender,4768565,77,ms,firefox,,1749626339,2023-09-02T11:43:51,821.9065231838322,66f85436a9395093f71f506f8cdc16623cbbb38e,1294960
autoland,4768729,12,95f51e857a45cd76f1766c14d6bed804857cd27b,windows10-64-shippable-qr,True,False,,,102210fe594ee9b33d82058545b1ed14f4c8206e,custom.jsdebugger.open.DAMP,damp,True,damp custom.jsdebugger.open.DAMP opt e10s fission stylo webrender,4768565,77,ms,firefox,,1749653988,2023-09-02T16:16:12,829.3432611254184,ee62282ee19c0c3cceebbdb2cd283127260a46d6,1294982
autoland,4768729,12,95f51e857a45cd76f1766c14d6bed804857cd27b,windows10-64-shippable-qr,True,False,,,102210fe594ee9b33d82058545b1ed14f4c8206e,custom.jsdebugger.open.DAMP,damp,True,damp custom.jsdebugger.open.DAMP opt e10s fission stylo webrender,4768565,77,ms,firefox,,1749842993,2023-09-03T15:28:00,824.674061300655,e2d4c17692b7650a5aefa27823ab8cb72dc06fe6,1295071
autoland,4768729,12,95f51e857a45cd76f1766c14d6bed804857cd27b,windows10-64-shippable-qr,True,False,,,102210fe594ee9b33d82058545b1ed14f4c8206e,custom.jsdebugger.open.DAMP,damp,True,damp custom.jsdebugger.open.DAMP opt e10s fission stylo webrender,4768565,77,ms,firefox,,1749883583,2023-09-03T17:48:29,820.2359773463941,39747a728e31525f254d25d9fa323a491dda5b09,1295079
autoland,4768729,12,95f51e857a45cd76f1766c14d6bed804857cd27b,windows10-64-shippable-qr,True,False,,,102210fe594ee9b33d82058545b1ed14f4c8206e,custom.jsdebugger.open.DAMP,damp,True,damp custom.jsdebugger.open.DAMP opt e10s fission stylo webrender,4768565,77,ms,firefox,,1749979724,2023-09-04T00:54:15,817.4247890735569,9398dc74275ecd37eab02b496051302e67ce059f,1295103
autoland,4768729,12,95f51e857a45cd76f1766c14d6bed804857cd27b,windows10-64-shippable-qr,True,False,,,102210fe594ee9b33d82058545b1ed14f4c8206e,custom.jsdebugger.open.DAMP,damp,True,damp custom.jsdebugger.open.DAMP opt e10s fission stylo webrender,4768565,77,ms,firefox,,1750044632,2023-09-04T05:09:42,823.1379824110772,738c0a460acb30ab2ab419f4c0dc93fa9af200d6,1295121
autoland,4768729,12,95f51e857a45cd76f1766c14d6bed804857cd27b,windows10-64-shippable-qr,True,False,,,102210fe594ee9b33d82058545b1ed14f4c8206e,custom.jsdebugger.open.DAMP,damp,True,damp custom.jsdebugger.open.DAMP opt e10s fission stylo webrender,4768565,77,ms,firefox,,1750080084,2023-09-04T08:06:31,819.6557247846213,5378e223b13ecd8d32d6afddc956d8bdca322ef0,1295171
autoland,4768729,12,95f51e857a45cd76f1766c14d6bed804857cd27b,windows10-64-shippable-qr,True,False,,,102210fe594ee9b33d82058545b1ed14f4c8206e,custom.jsdebugger.open.DAMP,damp,True,damp custom.jsdebugger.open.DAMP opt e10s fission stylo webrender,4768565,77,ms,firefox,,1750199536,2023-09-04T12:17:38,827.8443491896469,16cc1aa2701e0b2cf32665cee19dc11308a4760a,1295286
autoland,4768729,12,95f51e857a45cd76f1766c14d6bed804857cd27b,windows10-64-shippable-qr,True,False,,,102210fe594ee9b33d82058545b1ed14f4c8206e,custom.jsdebugger.open.DAMP,damp,True,damp custom.jsdebugger.open.DAMP opt e10s fission stylo webrender,4768565,77,ms,firefox,,1750334508,2023-09-04T20:09:20,822.7838595782305,2c0ab3a7f1f3e1e095a0175f8a6096d10a311a5a,1295407
autoland,4768729,12,95f51e857a45cd76f1766c14d6bed804857cd27b,windows10-64-shippable-qr,True,False,,,102210fe594ee9b33d82058545b1ed14f4c8206e,custom.jsdebugger.open.DAMP,damp,True,damp custom.jsdebugger.open.DAMP opt e10s fission stylo webrender,4768565,77,ms,firefox,,1750395881,2023-09-05T01:26:26,822.904449763184,530fe27f752d2f1fa88cd1013b419d7c1ca1a2e0,1295456
autoland,4768729,12,95f51e857a45cd76f1766c14d6bed804857cd27b,windows10-64-shippable-qr,True,False,,,102210fe594ee9b33d82058545b1ed14f4c8206e,custom.jsdebugger.open.DAMP,damp,True,damp custom.jsdebugger.open.DAMP opt e10s fission stylo webrender,4768565,77,ms,firefox,,1750490314,2023-09-05T06:45:05,818.9471794304554,55f5393d14f682f76c2d9f9c857c9f0890ee2a7f,1295504
autoland,4768729,12,95f51e857a45cd76f1766c14d6bed804857cd27b,windows10-64-shippable-qr,True,False,,,102210fe594ee9b33d82058545b1ed14f4c8206e,custom.jsdebugger.open.DAMP,damp,True,damp custom.jsdebugger.open.DAMP opt e10s fission stylo webrender,4768565,77,ms,firefox,,1750600835,2023-09-05T11:29:45,818.9570486393495,27708fc6f6648945c105baa6a5c63f9d62f265b5,1295622
autoland,4768729,12,95f51e857a45cd76f1766c14d6bed804857cd27b,windows10-64-shippable-qr,True,False,,,102210fe594ee9b33d82058545b1ed14f4c8206e,custom.jsdebugger.open.DAMP,damp,True,damp custom.jsdebugger.open.DAMP opt e10s fission stylo webrender,4768565,77,ms,firefox,,1750619122,2023-09-05T11:45:39,829.8139088293547,42d664dd03163fb19554f6e18c4163b8622b4401,1295627
autoland,4768729,12,95f51e857a45cd76f1766c14d6bed804857cd27b,windows10-64-shippable-qr,True,False,,,102210fe594ee9b33d82058545b1ed14f4c8206e,custom.jsdebugger.open.DAMP,damp,True,damp custom.jsdebugger.open.DAMP opt e10s fission stylo webrender,4768565,77,ms,firefox,,1750698769,2023-09-05T15:46:18,817.6407421414733,40053facf08c6ea9bc6a6f5ae223a6faa89ebc08,1295770
autoland,4768729,12,95f51e857a45cd76f1766c14d6bed804857cd27b,windows10-64-shippable-qr,True,False,,,102210fe594ee9b33d82058545b1ed14f4c8206e,custom.jsdebugger.open.DAMP,damp,True,damp custom.jsdebugger.open.DAMP opt e10s fission stylo webrender,4768565,77,ms,firefox,,1750718911,2023-09-05T16:15:45,826.5727181281045,08da3ca498f61eb9acb594038c5e764cfb37d735,1295791
autoland,4768729,12,95f51e857a45cd76f1766c14d6bed804857cd27b,windows10-64-shippable-qr,True,False,,,102210fe594ee9b33d82058545b1ed14f4c8206e,custom.jsdebugger.open.DAMP,damp,True,damp custom.jsdebugger.open.DAMP opt e10s fission stylo webrender,4768565,77,ms,firefox,,1750864033,2023-09-05T19:25:11,823.460512756792,e6278ccb302b74ca329c17e5d00508b795c54eec,1295926
autoland,4768729,12,95f51e857a45cd76f1766c14d6bed804857cd27b,windows10-64-shippable-qr,True,False,,,102210fe594ee9b33d82058545b1ed14f4c8206e,custom.jsdebugger.open.DAMP,damp,True,damp custom.jsdebugger.open.DAMP opt e10s fission stylo webrender,4768565,77,ms,firefox,,1750988182,2023-09-05T23:38:09,819.966187468046,b34280e9a0872e3b3f0893cd3bd78bf94b421612,1296071
autoland,4768729,12,95f51e857a45cd76f1766c14d6bed804857cd27b,windows10-64-shippable-qr,True,False,,,102210fe594ee9b33d82058545b1ed14f4c8206e,custom.jsdebugger.open.DAMP,damp,True,damp custom.jsdebugger.open.DAMP opt e10s fission stylo webrender,4768565,77,ms,firefox,,1751008068,2023-09-06T00:54:53,826.9598555206949,ff7e2e9adbc1753b1f3e01a3f2eb8a91bb911418,1296116
autoland,4768729,12,95f51e857a45cd76f1766c14d6bed804857cd27b,windows10-64-shippable-qr,True,False,,,102210fe594ee9b33d82058545b1ed14f4c8206e,custom.jsdebugger.open.DAMP,damp,True,damp custom.jsdebugger.open.DAMP opt e10s fission stylo webrender,4768565,77,ms,firefox,,1751108691,2023-09-06T05:00:41,827.3712081286576,5c56b92baa65aa27df61f84718594767ef8f26f4,1296186
autoland,4768729,12,95f51e857a45cd76f1766c14d6bed804857cd27b,windows10-64-shippable-qr,True,False,,,102210fe594ee9b33d82058545b1ed14f4c8206e,custom.jsdebugger.open.DAMP,damp,True,damp custom.jsdebugger.open.DAMP opt e10s fission stylo webrender,4768565,77,ms,firefox,,1751278188,2023-09-06T10:31:58,828.5120610030572,6631a30338d3de03925f76afd071a29511729440,1296288
autoland,4768729,12,95f51e857a45cd76f1766c14d6bed804857cd27b,windows10-64-shippable-qr,True,False,,,102210fe594ee9b33d82058545b1ed14f4c8206e,custom.jsdebugger.open.DAMP,damp,True,damp custom.jsdebugger.open.DAMP opt e10s fission stylo webrender,4768565,77,ms,firefox,,1751247866,2023-09-06T11:18:29,825.0848384434357,e43370e4259f61e0c264dbcef8b45e2862b3c5e8,1296309
autoland,4768729,12,95f51e857a45cd76f1766c14d6bed804857cd27b,windows10-64-shippable-qr,True,False,,,102210fe594ee9b33d82058545b1ed14f4c8206e,custom.jsdebugger.open.DAMP,damp,True,damp custom.jsdebugger.open.DAMP opt e10s fission stylo webrender,4768565,77,ms,firefox,,1751353612,2023-09-06T14:28:21,825.6228474684976,0315c2d875ca2a95bbb65ef4a1f7b75f72ed7263,1296418
autoland,4768729,12,95f51e857a45cd76f1766c14d6bed804857cd27b,windows10-64-shippable-qr,True,False,,,102210fe594ee9b33d82058545b1ed14f4c8206e,custom.jsdebugger.open.DAMP,damp,True,damp custom.jsdebugger.open.DAMP opt e10s fission stylo webrender,4768565,77,ms,firefox,,1751422350,2023-09-06T18:00:42,826.3455466001142,340378041fcfd986f6c0edb18a81efbc36f930c1,1296561
autoland,4768729,12,95f51e857a45cd76f1766c14d6bed804857cd27b,windows10-64-shippable-qr,True,False,,,102210fe594ee9b33d82058545b1ed14f4c8206e,custom.jsdebugger.open.DAMP,damp,True,damp custom.jsdebugger.open.DAMP opt e10s fission stylo webrender,4768565,77,ms,firefox,,1751484134,2023-09-06T21:18:27,816.2102299665712,6e5768f3fc480965c2b67e5006ad8351d30a27b2,1296699
autoland,4768729,12,95f51e857a45cd76f1766c14d6bed804857cd27b,windows10-64-shippable-qr,True,False,,,102210fe594ee9b33d82058545b1ed14f4c8206e,custom.jsdebugger.open.DAMP,damp,True,damp custom.jsdebugger.open.DAMP opt e10s fission stylo webrender,4768565,77,ms,firefox,,1751603450,2023-09-07T02:02:33,818.0894409539178,172ac46f5fd5a20a001b2cbed27df0ffb44ef6a6,1296842
autoland,4768729,12,95f51e857a45cd76f1766c14d6bed804857cd27b,windows10-64-shippable-qr,True,False,,,102210fe594ee9b33d82058545b1ed14f4c8206e,custom.jsdebugger.open.DAMP,damp,True,damp custom.jsdebugger.open.DAMP opt e10s fission stylo webrender,4768565,77,ms,firefox,,1751676342,2023-09-07T05:47:53,825.6947497481015,c8b40099127c273a58ba6defbe045c55752f0f64,1296880
autoland,4768729,12,95f51e857a45cd76f1766c14d6bed804857cd27b,windows10-64-shippable-qr,True,False,,,102210fe594ee9b33d82058545b1ed14f4c8206e,custom.jsdebugger.open.DAMP,damp,True,damp custom.jsdebugger.open.DAMP opt e10s fission stylo webrender,4768565,77,ms,firefox,,1751774849,2023-09-07T10:02:59,825.1356374490852,72c09a220d986d7af3fa78b07b9b87cd943f9ab5,1296967
autoland,4768729,12,95f51e857a45cd76f1766c14d6bed804857cd27b,windows10-64-shippable-qr,True,False,,,102210fe594ee9b33d82058545b1ed14f4c8206e,custom.jsdebugger.open.DAMP,damp,True,damp custom.jsdebugger.open.DAMP opt e10s fission stylo webrender,4768565,77,ms,firefox,,1751890528,2023-09-07T12:32:17,818.9453491666354,31aee1c71573016a4a40410e1c41adad2304c430,1297037
autoland,4768729,12,95f51e857a45cd76f1766c14d6bed804857cd27b,windows10-64-shippable-qr,True,False,,,102210fe594ee9b33d82058545b1ed14f4c8206e,custom.jsdebugger.open.DAMP,damp,True,damp custom.jsdebugger.open.DAMP opt e10s fission stylo webrender,4768565,77,ms,firefox,,1751918769,2023-09-07T16:05:38,819.4576142289607,be838735b3cf99411aaa287377f080810144f92d,1297179
autoland,4768729,12,95f51e857a45cd76f1766c14d6bed804857cd27b,windows10-64-shippable-qr,True,False,,,102210fe594ee9b33d82058545b1ed14f4c8206e,custom.jsdebugger.open.DAMP,damp,True,damp custom.jsdebugger.open.DAMP opt e10s fission stylo webrender,4768565,77,ms,firefox,,1752069293,2023-09-07T18:57:03,827.334744404623,25b4a7559a80b3970d88de68b2ac92420ca025c8,1297304
autoland,4768729,12,95f51e857a45cd76f1766c14d6bed804857cd27b,windows10-64-shippable-qr,True,False,,,102210fe594ee9b33d82058545b1ed14f4c8206e,custom.jsdebugger.open.DAMP,damp,True,damp custom.jsdebugger.open.DAMP opt e10s fission stylo webrender,4768565,77,ms,firefox,,1752227337,2023-09-07T23:16:45,832.8138247979668,6fb5507c20420498c1ebe5f2b6df35394d980f1c,1297446
autoland,4768729,12,95f51e857a45cd76f1766c14d6bed804857cd27b,windows10-64-shippable-qr,True,False,,,102210fe594ee9b33d82058545b1ed14f4c8206e,custom.jsdebugger.open.DAMP,damp,True,damp custom.jsdebugger.open.DAMP opt e10s fission stylo webrender,4768565,77,ms,firefox,,1752204394,2023-09-07T23:39:19,818.4910664457184,3096b15a785accc50f5e96ad64eed31ebd5ae045,1297453
autoland,4768729,12,95f51e857a45cd76f1766c14d6bed804857cd27b,windows10-64-shippable-qr,True,False,,,102210fe594ee9b33d82058545b1ed14f4c8206e,custom.jsdebugger.open.DAMP,damp,True,damp custom.jsdebugger.open.DAMP opt e10s fission stylo webrender,4768565,77,ms,firefox,,1752321809,2023-09-08T04:28:36,829.8932686803673,9cf29328d69c6278a4d9e184fcf79d33542cb600,1297535
autoland,4768729,12,95f51e857a45cd76f1766c14d6bed804857cd27b,windows10-64-shippable-qr,True,False,,,102210fe594ee9b33d82058545b1ed14f4c8206e,custom.jsdebugger.open.DAMP,damp,True,damp custom.jsdebugger.open.DAMP opt e10s fission stylo webrender,4768565,77,ms,firefox,,1752387134,2023-09-08T08:33:18,823.8069459297076,850826d930dbbaab76c864c8e0c815e741d335ec,1297602
autoland,4768729,12,95f51e857a45cd76f1766c14d6bed804857cd27b,windows10-64-shippable-qr,True,False,,,102210fe594ee9b33d82058545b1ed14f4c8206e,custom.jsdebugger.open.DAMP,damp,True,damp custom.jsdebugger.open.DAMP opt e10s fission stylo webrender,4768565,77,ms,firefox,,1752489945,2023-09-08T09:52:44,830.8559924660804,274b1d437629e97813d0b7fe7e8b4912cf84cf32,1297644
autoland,4768729,12,95f51e857a45cd76f1766c14d6bed804857cd27b,windows10-64-shippable-qr,True,False,,,102210fe594ee9b33d82058545b1ed14f4c8206e,custom.jsdebugger.open.DAMP,damp,True,damp custom.jsdebugger.open.DAMP opt e10s fission stylo webrender,4768565,77,ms,firefox,,1752605646,2023-09-08T14:14:09,828.4740509645089,822367e291b07b889b553a6beaa660fd1d4bf101,1297788
autoland,4768729,12,95f51e857a45cd76f1766c14d6bed804857cd27b,windows10-64-shippable-qr,True,False,,,102210fe594ee9b33d82058545b1ed14f4c8206e,custom.jsdebugger.open.DAMP,damp,True,damp custom.jsdebugger.open.DAMP opt e10s fission stylo webrender,4768565,77,ms,firefox,,1752633148,2023-09-08T14:59:47,823.9846796129568,bde2db6f12ce1100b2bbb4b10916f7be1cf90f3a,1297817
autoland,4768729,12,95f51e857a45cd76f1766c14d6bed804857cd27b,windows10-64-shippable-qr,True,False,,,102210fe594ee9b33d82058545b1ed14f4c8206e,custom.jsdebugger.open.DAMP,damp,True,damp custom.jsdebugger.open.DAMP opt e10s fission stylo webrender,4768565,77,ms,firefox,,1752700114,2023-09-08T18:04:40,821.0846414651169,27b2bca6565fd4a7d724617dc2a06ad4433d5e7d,1297929
autoland,4768729,12,95f51e857a45cd76f1766c14d6bed804857cd27b,windows10-64-shippable-qr,True,False,,,102210fe594ee9b33d82058545b1ed14f4c8206e,custom.jsdebugger.open.DAMP,damp,True,damp custom.jsdebugger.open.DAMP opt e10s fission stylo webrender,4768565,77,ms,firefox,,1752883776,2023-09-08T22:44:42,818.8573322483498,caabab6fd2b88b34f1344af40c555fed0a039949,1298112
autoland,4768729,12,95f51e857a45cd76f1766c14d6bed804857cd27b,windows10-64-shippable-qr,True,False,,,102210fe594ee9b33d82058545b1ed14f4c8206e,custom.jsdebugger.open.DAMP,damp,True,damp custom.jsdebugger.open.DAMP opt e10s fission stylo webrender,4768565,77,ms,firefox,,1752929776,2023-09-09T01:11:00,825.0424021405779,266305ba8989b3072ea042b1a3130ddfb89960e1,1298167
autoland,4768729,12,95f51e857a45cd76f1766c14d6bed804857cd27b,windows10-64-shippable-qr,True,False,,,102210fe594ee9b33d82058545b1ed14f4c8206e,custom.jsdebugger.open.DAMP,damp,True,damp custom.jsdebugger.open.DAMP opt e10s fission stylo webrender,4768565,77,ms,firefox,,1752975825,2023-09-09T05:59:08,818.1931442482382,02f7c436b43f486a8aec92c449f2df1fedf9226a,1298196
autoland,4768729,12,95f51e857a45cd76f1766c14d6bed804857cd27b,windows10-64-shippable-qr,True,False,,,102210fe594ee9b33d82058545b1ed14f4c8206e,custom.jsdebugger.open.DAMP,damp,True,damp custom.jsdebugger.open.DAMP opt e10s fission stylo webrender,4768565,77,ms,firefox,,1753063850,2023-09-09T12:58:29,830.8471152520069,52b4a28cd9d7623a471a02cb994a2aebbd5d7403,1298223
autoland,4768729,12,95f51e857a45cd76f1766c14d6bed804857cd27b,windows10-64-shippable-qr,True,False,,,102210fe594ee9b33d82058545b1ed14f4c8206e,custom.jsdebugger.open.DAMP,damp,True,damp custom.jsdebugger.open.DAMP opt e10s fission stylo webrender,4768565,77,ms,firefox,,1753204548,2023-09-09T23:18:35,818.8634144193556,df18c9cb1487f09a89e27eabbd0819691c70701b,1298263
autoland,4768729,12,95f51e857a45cd76f1766c14d6bed804857cd27b,windows10-64-shippable-qr,True,False,,,102210fe594ee9b33d82058545b1ed14f4c8206e,custom.jsdebugger.open.DAMP,damp,True,damp custom.jsdebugger.open.DAMP opt e10s fission stylo webrender,4768565,77,ms,firefox,,1753267337,2023-09-10T03:51:10,822.3979823107511,7faa89970aed2f2e16f538aba1a7465bb6a5ea20,1298271
autoland,4768729,12,95f51e857a45cd76f1766c14d6bed804857cd27b,windows10-64-shippable-qr,True,False,,,102210fe594ee9b33d82058545b1ed14f4c8206e,custom.jsdebugger.open.DAMP,damp,True,damp custom.jsdebugger.open.DAMP opt e10s fission stylo webrender,4768565,77,ms,firefox,,1753437396,2023-09-10T10:15:01,822.4220351334661,2e1c2dd8ef65a6914ebc4e0bc0a0a274c31e29bc,1298293
autoland,4768729,12,95f51e857a45cd76f1766c14d6bed804857cd27b,windows10-64-shippable-qr,True,False,,,102210fe594ee9b33d82058545b1ed14f4c8206e,custom.jsdebugger.open.DAMP,damp,True,damp custom.jsdebugger.open.DAMP opt e10s fission stylo webrender,4768565,77,ms,firefox,,1753528651,2023-09-10T12:24:34,826.4105256259209,640ad6a53cf88f878095f49f98b720a99c2762bd,1298303
autoland,4768729,12,95f51e857a45cd76f1766c14d6bed804857cd27b,windows10-64-shippable-qr,True,False,,,102210fe594ee9b33d82058545b1ed14f4c8206e,custom.jsdebugger.open.DAMP,damp,True,damp custom.jsdebugger.open.DAMP opt e10s fission stylo webrender,4768565,77,ms,firefox,,1753622824,2023-09-10T16:24:53,816.6952191853779,e91d172728590586e38bc431f3dc779479e365d5,1298313
autoland,4768729,12,95f51e857a45cd76f1766c14d6bed804857cd27b,windows10-64-shippable-qr,True,False,,,102210fe594ee9b33d82058545b1ed14f4c8206e,custom.jsdebugger.open.DAMP,damp,True,damp custom.jsdebugger.open.DAMP opt e10s fission stylo webrender,4768565,77,ms,firefox,,1753763329,2023-09-10T22:24:39,821.2629271532824,fff502a8f26bdfc51eada3cf32107848bff64a76,1298356
autoland,4768729,12,95f51e857a45cd76f1766c14d6bed804857cd27b,windows10-64-shippable-qr,True,False,,,102210fe594ee9b33d82058545b1ed14f4c8206e,custom.jsdebugger.open.DAMP,damp,True,damp custom.jsdebugger.open.DAMP opt e10s fission stylo webrender,4768565,77,ms,firefox,,1755403256,2023-09-10T22:30:27,825.985387507535,cec9e0864bb6fd4ae6a4aa9ae14b7ee8a8e95a34,1298358
autoland,4768729,12,95f51e857a45cd76f1766c14d6bed804857cd27b,windows10-64-shippable-qr,True,False,,,102210fe594ee9b33d82058545b1ed14f4c8206e,custom.jsdebugger.open.DAMP,damp,True,damp custom.jsdebugger.open.DAMP opt e10s fission stylo webrender,4768565,77,ms,firefox,,1755397631,2023-09-10T22:36:24,824.6448595515067,9cf241549fd2394c1b5911f99ff557d5e6154a5e,1298361
autoland,4768729,12,95f51e857a45cd76f1766c14d6bed804857cd27b,windows10-64-shippable-qr,True,False,,,102210fe594ee9b33d82058545b1ed14f4c8206e,custom.jsdebugger.open.DAMP,damp,True,damp custom.jsdebugger.open.DAMP opt e10s fission stylo webrender,4768565,77,ms,firefox,,1755397146,2023-09-10T22:37:35,831.9604340120841,13736ad0bf80debe8c3664b17cb8cd2545240630,1298362
autoland,4768729,12,95f51e857a45cd76f1766c14d6bed804857cd27b,windows10-64-shippable-qr,True,False,,,102210fe594ee9b33d82058545b1ed14f4c8206e,custom.jsdebugger.open.DAMP,damp,True,damp custom.jsdebugger.open.DAMP opt e10s fission stylo webrender,4768565,77,ms,firefox,,1753843256,2023-09-11T04:00:08,844.5618404156703,5f5a3f190fdfa0947a671467171ab2b3cee62c38,1298396
autoland,4768729,12,95f51e857a45cd76f1766c14d6bed804857cd27b,windows10-64-shippable-qr,True,False,,,102210fe594ee9b33d82058545b1ed14f4c8206e,custom.jsdebugger.open.DAMP,damp,True,damp custom.jsdebugger.open.DAMP opt e10s fission stylo webrender,4768565,77,ms,firefox,,1755445000,2023-09-11T07:02:26,823.6774602047735,bcd4679d418aad790d6068df7a0c942c14a40939,1298417
autoland,4768729,12,95f51e857a45cd76f1766c14d6bed804857cd27b,windows10-64-shippable-qr,True,False,,,102210fe594ee9b33d82058545b1ed14f4c8206e,custom.jsdebugger.open.DAMP,damp,True,damp custom.jsdebugger.open.DAMP opt e10s fission stylo webrender,4768565,77,ms,firefox,,1755395098,2023-09-11T07:19:28,827.5911444555823,8f403952138e366e7793b23e91caeeea57a7b105,1298422
autoland,4768729,12,95f51e857a45cd76f1766c14d6bed804857cd27b,windows10-64-shippable-qr,True,False,,,102210fe594ee9b33d82058545b1ed14f4c8206e,custom.jsdebugger.open.DAMP,damp,True,damp custom.jsdebugger.open.DAMP opt e10s fission stylo webrender,4768565,77,ms,firefox,,1755395960,2023-09-11T07:27:10,827.2922484263736,e09f6b7ec6a011f893f4788b943918c7e4bdb324,1298426
autoland,4768729,12,95f51e857a45cd76f1766c14d6bed804857cd27b,windows10-64-shippable-qr,True,False,,,102210fe594ee9b33d82058545b1ed14f4c8206e,custom.jsdebugger.open.DAMP,damp,True,damp custom.jsdebugger.open.DAMP opt e10s fission stylo webrender,4768565,77,ms,firefox,,1755407468,2023-09-11T07:32:57,829.9336515926916,1410c62b886e98c4086d9e658651ff554963d82a,1298431
autoland,4768729,12,95f51e857a45cd76f1766c14d6bed804857cd27b,windows10-64-shippable-qr,True,False,,,102210fe594ee9b33d82058545b1ed14f4c8206e,custom.jsdebugger.open.DAMP,damp,True,damp custom.jsdebugger.open.DAMP opt e10s fission stylo webrender,4768565,77,ms,firefox,,1755403190,2023-09-11T07:59:47,826.9043298749457,ace7a44294d5448a8d6c058469434283e3d3072d,1298435
autoland,4768729,12,95f51e857a45cd76f1766c14d6bed804857cd27b,windows10-64-shippable-qr,True,False,,,102210fe594ee9b33d82058545b1ed14f4c8206e,custom.jsdebugger.open.DAMP,damp,True,damp custom.jsdebugger.open.DAMP opt e10s fission stylo webrender,4768565,77,ms,firefox,,1753906699,2023-09-11T08:01:16,820.9976140820218,35ae39561912dad340dac47c7c1dc3af6ead952b,1298437
autoland,4768729,12,95f51e857a45cd76f1766c14d6bed804857cd27b,windows10-64-shippable-qr,True,False,,,102210fe594ee9b33d82058545b1ed14f4c8206e,custom.jsdebugger.open.DAMP,damp,True,damp custom.jsdebugger.open.DAMP opt e10s fission stylo webrender,4768565,77,ms,firefox,,1755318285,2023-09-11T08:15:31,821.457767643973,d17fb79b4aec859c09bf4370559d744df7eca75c,1298443
autoland,4768729,12,95f51e857a45cd76f1766c14d6bed804857cd27b,windows10-64-shippable-qr,True,False,,,102210fe594ee9b33d82058545b1ed14f4c8206e,custom.jsdebugger.open.DAMP,damp,True,damp custom.jsdebugger.open.DAMP opt e10s fission stylo webrender,4768565,77,ms,firefox,,1755394552,2023-09-11T09:00:42,827.1968395247823,443636b84d9a418fbf80d9eb8f2e970a0e195bcb,1298457
autoland,4768729,12,95f51e857a45cd76f1766c14d6bed804857cd27b,windows10-64-shippable-qr,True,False,,,102210fe594ee9b33d82058545b1ed14f4c8206e,custom.jsdebugger.open.DAMP,damp,True,damp custom.jsdebugger.open.DAMP opt e10s fission stylo webrender,4768565,77,ms,firefox,,1755436216,2023-09-11T09:10:02,827.5723711382379,52d8e4104f0945e1641c22385a1636609a06562b,1298460
autoland,4768729,12,95f51e857a45cd76f1766c14d6bed804857cd27b,windows10-64-shippable-qr,True,False,,,102210fe594ee9b33d82058545b1ed14f4c8206e,custom.jsdebugger.open.DAMP,damp,True,damp custom.jsdebugger.open.DAMP opt e10s fission stylo webrender,4768565,77,ms,firefox,,1755399041,2023-09-11T09:24:39,821.3175041327013,88c5713f4f68af927b8e8de73ebc9249e63d2c90,1298469
autoland,4768729,12,95f51e857a45cd76f1766c14d6bed804857cd27b,windows10-64-shippable-qr,True,False,,,102210fe594ee9b33d82058545b1ed14f4c8206e,custom.jsdebugger.open.DAMP,damp,True,damp custom.jsdebugger.open.DAMP opt e10s fission stylo webrender,4768565,77,ms,firefox,,1755423980,2023-09-11T09:38:01,823.856770900893,84b7c50f41d59731006346125a39852963772a00,1298473
autoland,4768729,12,95f51e857a45cd76f1766c14d6bed804857cd27b,windows10-64-shippable-qr,True,False,,,102210fe594ee9b33d82058545b1ed14f4c8206e,custom.jsdebugger.open.DAMP,damp,True,damp custom.jsdebugger.open.DAMP opt e10s fission stylo webrender,4768565,77,ms,firefox,,1753988595,2023-09-11T10:09:23,823.6813954250392,16a377bb7b5f9713ac6a5fae21ce043c7de7cd67,1298486
autoland,4768729,12,95f51e857a45cd76f1766c14d6bed804857cd27b,windows10-64-shippable-qr,True,False,,,102210fe594ee9b33d82058545b1ed14f4c8206e,custom.jsdebugger.open.DAMP,damp,True,damp custom.jsdebugger.open.DAMP opt e10s fission stylo webrender,4768565,77,ms,firefox,,1755386053,2023-09-11T13:01:50,827.171416488236,5f2c25d194ad43eedaecefc047e2b10b622c1fac,1298593
autoland,4768729,12,95f51e857a45cd76f1766c14d6bed804857cd27b,windows10-64-shippable-qr,True,False,,,102210fe594ee9b33d82058545b1ed14f4c8206e,custom.jsdebugger.open.DAMP,damp,True,damp custom.jsdebugger.open.DAMP opt e10s fission stylo webrender,4768565,77,ms,firefox,,1755423327,2023-09-11T13:02:46,828.8993526607956,ae90dbc5ece809efe97e25148fc44790643e4f75,1298595
autoland,4768729,12,95f51e857a45cd76f1766c14d6bed804857cd27b,windows10-64-shippable-qr,True,False,,,102210fe594ee9b33d82058545b1ed14f4c8206e,custom.jsdebugger.open.DAMP,damp,True,damp custom.jsdebugger.open.DAMP opt e10s fission stylo webrender,4768565,77,ms,firefox,,1755409677,2023-09-11T13:16:32,825.4835320572893,c24685fd1450ac595554c967a4501c5d9f5525d3,1298603
autoland,4768729,12,95f51e857a45cd76f1766c14d6bed804857cd27b,windows10-64-shippable-qr,True,False,,,102210fe594ee9b33d82058545b1ed14f4c8206e,custom.jsdebugger.open.DAMP,damp,True,damp custom.jsdebugger.open.DAMP opt e10s fission stylo webrender,4768565,77,ms,firefox,,1755404120,2023-09-11T13:23:36,826.9326473895126,1a06649dfef65cd12bf1a253bdc69e9fe95e09f9,1298612
autoland,4768729,12,95f51e857a45cd76f1766c14d6bed804857cd27b,windows10-64-shippable-qr,True,False,,,102210fe594ee9b33d82058545b1ed14f4c8206e,custom.jsdebugger.open.DAMP,damp,True,damp custom.jsdebugger.open.DAMP opt e10s fission stylo webrender,4768565,77,ms,firefox,,1755403764,2023-09-11T13:24:26,828.3883227116094,6ceb66baf1873e42b8a456893aa8027d4c950286,1298615
autoland,4768729,12,95f51e857a45cd76f1766c14d6bed804857cd27b,windows10-64-shippable-qr,True,False,,,102210fe594ee9b33d82058545b1ed14f4c8206e,custom.jsdebugger.open.DAMP,damp,True,damp custom.jsdebugger.open.DAMP opt e10s fission stylo webrender,4768565,77,ms,firefox,,1755402579,2023-09-11T13:25:15,827.0298222678866,b71c058d26542f4e8046698df7c6f40d8dd9f201,1298616
autoland,4768729,12,95f51e857a45cd76f1766c14d6bed804857cd27b,windows10-64-shippable-qr,True,False,,,102210fe594ee9b33d82058545b1ed14f4c8206e,custom.jsdebugger.open.DAMP,damp,True,damp custom.jsdebugger.open.DAMP opt e10s fission stylo webrender,4768565,77,ms,firefox,,1755443915,2023-09-11T13:48:43,835.8761533228817,da45e56b6faa615c226bd2d0434aa658595ec275,1298632
autoland,4768729,12,95f51e857a45cd76f1766c14d6bed804857cd27b,windows10-64-shippable-qr,True,False,,,102210fe594ee9b33d82058545b1ed14f4c8206e,custom.jsdebugger.open.DAMP,damp,True,damp custom.jsdebugger.open.DAMP opt e10s fission stylo webrender,4768565,77,ms,firefox,,1755422955,2023-09-11T13:50:18,827.7014953494981,e5cda9112336dc953a11c0cd0403690ca54ba077,1298633
autoland,4768729,12,95f51e857a45cd76f1766c14d6bed804857cd27b,windows10-64-shippable-qr,True,False,,,102210fe594ee9b33d82058545b1ed14f4c8206e,custom.jsdebugger.open.DAMP,damp,True,damp custom.jsdebugger.open.DAMP opt e10s fission stylo webrender,4768565,77,ms,firefox,,1754099744,2023-09-11T13:54:23,819.299576814723,2ea4fd5d517a2b5edf081c9e2ccd8c014f6dc171,1298638
autoland,4768729,12,95f51e857a45cd76f1766c14d6bed804857cd27b,windows10-64-shippable-qr,True,False,,,102210fe594ee9b33d82058545b1ed14f4c8206e,custom.jsdebugger.open.DAMP,damp,True,damp custom.jsdebugger.open.DAMP opt e10s fission stylo webrender,4768565,77,ms,firefox,,1755781390,2023-09-11T14:07:40,825.0640255672206,7262d0f1bd66a82b46815deb53ffd3ee90dbad84,1298643
autoland,4768729,12,95f51e857a45cd76f1766c14d6bed804857cd27b,windows10-64-shippable-qr,True,False,,,102210fe594ee9b33d82058545b1ed14f4c8206e,custom.jsdebugger.open.DAMP,damp,True,damp custom.jsdebugger.open.DAMP opt e10s fission stylo webrender,4768565,77,ms,firefox,,1755846928,2023-09-11T14:25:50,827.2243168721843,c20fe6f0a048c5308622fce1c09f336e468aeed2,1298654
autoland,4768729,12,95f51e857a45cd76f1766c14d6bed804857cd27b,windows10-64-shippable-qr,True,False,,,102210fe594ee9b33d82058545b1ed14f4c8206e,custom.jsdebugger.open.DAMP,damp,True,damp custom.jsdebugger.open.DAMP opt e10s fission stylo webrender,4768565,77,ms,firefox,,1755777012,2023-09-11T14:32:06,825.3426644748542,280821b6bdc3830a08f062105720c9a800b2e325,1298661
autoland,4768729,12,95f51e857a45cd76f1766c14d6bed804857cd27b,windows10-64-shippable-qr,True,False,,,102210fe594ee9b33d82058545b1ed14f4c8206e,custom.jsdebugger.open.DAMP,damp,True,damp custom.jsdebugger.open.DAMP opt e10s fission stylo webrender,4768565,77,ms,firefox,,1755776062,2023-09-11T15:13:12,827.2199912277347,2d433a97e604465a59cb81dc73a61869ac504578,1298683
autoland,4768729,12,95f51e857a45cd76f1766c14d6bed804857cd27b,windows10-64-shippable-qr,True,False,,,102210fe594ee9b33d82058545b1ed14f4c8206e,custom.jsdebugger.open.DAMP,damp,True,damp custom.jsdebugger.open.DAMP opt e10s fission stylo webrender,4768565,77,ms,firefox,,1755772854,2023-09-11T15:43:35,825.1808044826685,5acbf8d224c4649cd5015cf918c0c51c1c8bdb62,1298700
autoland,4768729,12,95f51e857a45cd76f1766c14d6bed804857cd27b,windows10-64-shippable-qr,True,False,,,102210fe594ee9b33d82058545b1ed14f4c8206e,custom.jsdebugger.open.DAMP,damp,True,damp custom.jsdebugger.open.DAMP opt e10s fission stylo webrender,4768565,77,ms,firefox,,1755778110,2023-09-11T15:45:07,827.7093517871954,c160803118172377f4e01bc496955de0294f6206,1298702
autoland,4768729,12,95f51e857a45cd76f1766c14d6bed804857cd27b,windows10-64-shippable-qr,True,False,,,102210fe594ee9b33d82058545b1ed14f4c8206e,custom.jsdebugger.open.DAMP,damp,True,damp custom.jsdebugger.open.DAMP opt e10s fission stylo webrender,4768565,77,ms,firefox,,1755771481,2023-09-11T15:47:00,825.3001684820947,5854f291f9a2bb797993fcd55c91ad1a91b4900f,1298704
autoland,4768729,12,95f51e857a45cd76f1766c14d6bed804857cd27b,windows10-64-shippable-qr,True,False,,,102210fe594ee9b33d82058545b1ed14f4c8206e,custom.jsdebugger.open.DAMP,damp,True,damp custom.jsdebugger.open.DAMP opt e10s fission stylo webrender,4768565,77,ms,firefox,,1755771877,2023-09-11T15:47:00,830.0221730095436,5854f291f9a2bb797993fcd55c91ad1a91b4900f,1298704
autoland,4768729,12,95f51e857a45cd76f1766c14d6bed804857cd27b,windows10-64-shippable-qr,True,False,,,102210fe594ee9b33d82058545b1ed14f4c8206e,custom.jsdebugger.open.DAMP,damp,True,damp custom.jsdebugger.open.DAMP opt e10s fission stylo webrender,4768565,77,ms,firefox,,1755841741,2023-09-11T15:48:02,828.091933338972,39bd64035bbcf706d057935da24fdce327d4aade,1298705
autoland,4768729,12,95f51e857a45cd76f1766c14d6bed804857cd27b,windows10-64-shippable-qr,True,False,,,102210fe594ee9b33d82058545b1ed14f4c8206e,custom.jsdebugger.open.DAMP,damp,True,damp custom.jsdebugger.open.DAMP opt e10s fission stylo webrender,4768565,77,ms,firefox,,1755713663,2023-09-11T15:49:08,828.8944662726981,371f21acf806f523f68c289d8ed7da5c9260756f,1298706
autoland,4768729,12,95f51e857a45cd76f1766c14d6bed804857cd27b,windows10-64-shippable-qr,True,False,,,102210fe594ee9b33d82058545b1ed14f4c8206e,custom.jsdebugger.open.DAMP,damp,True,damp custom.jsdebugger.open.DAMP opt e10s fission stylo webrender,4768565,77,ms,firefox,,1755405001,2023-09-11T15:50:33,826.2497576533642,2750553de9a1ea252e22438f8dd2806da435af48,1298707
autoland,4768729,12,95f51e857a45cd76f1766c14d6bed804857cd27b,windows10-64-shippable-qr,True,False,,,102210fe594ee9b33d82058545b1ed14f4c8206e,custom.jsdebugger.open.DAMP,damp,True,damp custom.jsdebugger.open.DAMP opt e10s fission stylo webrender,4768565,77,ms,firefox,,1755391694,2023-09-11T15:51:22,827.6138431028521,afb7fcca721a478b821d3eacfd59abde06443f0d,1298708
autoland,4768729,12,95f51e857a45cd76f1766c14d6bed804857cd27b,windows10-64-shippable-qr,True,False,,,102210fe594ee9b33d82058545b1ed14f4c8206e,custom.jsdebugger.open.DAMP,damp,True,damp custom.jsdebugger.open.DAMP opt e10s fission stylo webrender,4768565,77,ms,firefox,,1755388498,2023-09-11T16:29:56,827.5926804542323,1413faf09741cee78dbc0928cf65d1123de28ed7,1298722
autoland,4768729,12,95f51e857a45cd76f1766c14d6bed804857cd27b,windows10-64-shippable-qr,True,False,,,102210fe594ee9b33d82058545b1ed14f4c8206e,custom.jsdebugger.open.DAMP,damp,True,damp custom.jsdebugger.open.DAMP opt e10s fission stylo webrender,4768565,77,ms,firefox,,1755389422,2023-09-11T16:52:04,827.6637249397027,dcf391aec4e146f1abb2e7c4e0a5bc7d892150d6,1298731
autoland,4768729,12,95f51e857a45cd76f1766c14d6bed804857cd27b,windows10-64-shippable-qr,True,False,,,102210fe594ee9b33d82058545b1ed14f4c8206e,custom.jsdebugger.open.DAMP,damp,True,damp custom.jsdebugger.open.DAMP opt e10s fission stylo webrender,4768565,77,ms,firefox,,1755396751,2023-09-11T17:04:08,830.7909710583754,754947adaad8ea8d87b61fb678ae58db5edb1ea6,1298736
autoland,4768729,12,95f51e857a45cd76f1766c14d6bed804857cd27b,windows10-64-shippable-qr,True,False,,,102210fe594ee9b33d82058545b1ed14f4c8206e,custom.jsdebugger.open.DAMP,damp,True,damp custom.jsdebugger.open.DAMP opt e10s fission stylo webrender,4768565,77,ms,firefox,,1755405814,2023-09-11T17:07:10,826.7198783213535,a04c1437171517c379f8ba3635e43c62602b15a3,1298741
autoland,4768729,12,95f51e857a45cd76f1766c14d6bed804857cd27b,windows10-64-shippable-qr,True,False,,,102210fe594ee9b33d82058545b1ed14f4c8206e,custom.jsdebugger.open.DAMP,damp,True,damp custom.jsdebugger.open.DAMP opt e10s fission stylo webrender,4768565,77,ms,firefox,,1755404003,2023-09-11T17:39:17,825.943292216296,9cc66207ea6cfd43a3abb2d91eca132c01d0e58a,1298757
autoland,4768729,12,95f51e857a45cd76f1766c14d6bed804857cd27b,windows10-64-shippable-qr,True,False,,,102210fe594ee9b33d82058545b1ed14f4c8206e,custom.jsdebugger.open.DAMP,damp,True,damp custom.jsdebugger.open.DAMP opt e10s fission stylo webrender,4768565,77,ms,firefox,,1755395490,2023-09-11T17:40:06,822.6165457265597,abd2ee3faf9471314b05bdb6ddb6382f84279381,1298759
autoland,4768729,12,95f51e857a45cd76f1766c14d6bed804857cd27b,windows10-64-shippable-qr,True,False,,,102210fe594ee9b33d82058545b1ed14f4c8206e,custom.jsdebugger.open.DAMP,damp,True,damp custom.jsdebugger.open.DAMP opt e10s fission stylo webrender,4768565,77,ms,firefox,,1755390102,2023-09-11T17:40:55,824.4068393654361,37e4a25128d7890bfcfb74c96a5e064d0606b6d9,1298760
autoland,4768729,12,95f51e857a45cd76f1766c14d6bed804857cd27b,windows10-64-shippable-qr,True,False,,,102210fe594ee9b33d82058545b1ed14f4c8206e,custom.jsdebugger.open.DAMP,damp,True,damp custom.jsdebugger.open.DAMP opt e10s fission stylo webrender,4768565,77,ms,firefox,,1754443833,2023-09-11T17:41:44,820.2469345659556,f28ec98bf27ffbc0952af3f4ff0ffec4218a6554,1298761
autoland,4768729,12,95f51e857a45cd76f1766c14d6bed804857cd27b,windows10-64-shippable-qr,True,False,,,102210fe594ee9b33d82058545b1ed14f4c8206e,custom.jsdebugger.open.DAMP,damp,True,damp custom.jsdebugger.open.DAMP opt e10s fission stylo webrender,4768565,77,ms,firefox,,1754409956,2023-09-11T21:44:17,830.6680279060965,4a10a12f6006582e936c81baefda439d8f078729,1298874
autoland,4768729,12,95f51e857a45cd76f1766c14d6bed804857cd27b,windows10-64-shippable-qr,True,False,,,102210fe594ee9b33d82058545b1ed14f4c8206e,custom.jsdebugger.open.DAMP,damp,True,damp custom.jsdebugger.open.DAMP opt e10s fission stylo webrender,4768565,77,ms,firefox,,1754402313,2023-09-11T22:07:56,832.1201206818278,12882fe96164b756c60fff4549300977b85af06f,1298881
autoland,4768729,12,95f51e857a45cd76f1766c14d6bed804857cd27b,windows10-64-shippable-qr,True,False,,,102210fe594ee9b33d82058545b1ed14f4c8206e,custom.jsdebugger.open.DAMP,damp,True,damp custom.jsdebugger.open.DAMP opt e10s fission stylo webrender,4768565,77,ms,firefox,,1754553408,2023-09-12T02:35:45,828.7381356860715,cdcc536589320caec69ec36416058cd46b8d4178,1298976
autoland,4768729,12,95f51e857a45cd76f1766c14d6bed804857cd27b,windows10-64-shippable-qr,True,False,,,102210fe594ee9b33d82058545b1ed14f4c8206e,custom.jsdebugger.open.DAMP,damp,True,damp custom.jsdebugger.open.DAMP opt e10s fission stylo webrender,4768565,77,ms,firefox,,1754652217,2023-09-12T07:31:58,821.9257477246574,2e2360c55e7b421532f4d12b7a36a0e0f943a1e9,1299027
autoland,4768729,12,95f51e857a45cd76f1766c14d6bed804857cd27b,windows10-64-shippable-qr,True,False,,,102210fe594ee9b33d82058545b1ed14f4c8206e,custom.jsdebugger.open.DAMP,damp,True,damp custom.jsdebugger.open.DAMP opt e10s fission stylo webrender,4768565,77,ms,firefox,,1754796401,2023-09-12T11:48:24,825.6702927613514,4cca882e069d67c3a9a9064ac603b0dca23a5b39,1299122
autoland,4768729,12,95f51e857a45cd76f1766c14d6bed804857cd27b,windows10-64-shippable-qr,True,False,,,102210fe594ee9b33d82058545b1ed14f4c8206e,custom.jsdebugger.open.DAMP,damp,True,damp custom.jsdebugger.open.DAMP opt e10s fission stylo webrender,4768565,77,ms,firefox,,1754835422,2023-09-12T12:34:27,830.076557666398,f302f4a5371614cb2d42fbbe4ddfdd068aae146d,1299141
autoland,4768729,12,95f51e857a45cd76f1766c14d6bed804857cd27b,windows10-64-shippable-qr,True,False,,,102210fe594ee9b33d82058545b1ed14f4c8206e,custom.jsdebugger.open.DAMP,damp,True,damp custom.jsdebugger.open.DAMP opt e10s fission stylo webrender,4768565,77,ms,firefox,,1754986034,2023-09-12T16:35:29,830.6237178677547,1b3be6b61583c53c2cb899ffc91c921c022e8162,1299257
autoland,4768729,12,95f51e857a45cd76f1766c14d6bed804857cd27b,windows10-64-shippable-qr,True,False,,,102210fe594ee9b33d82058545b1ed14f4c8206e,custom.jsdebugger.open.DAMP,damp,True,damp custom.jsdebugger.open.DAMP opt e10s fission stylo webrender,4768565,77,ms,firefox,,1755108219,2023-09-12T17:51:01,819.4988065277912,c77f534dc9b99192eca371e3917ffc5b504bd055,1299297
autoland,4768729,12,95f51e857a45cd76f1766c14d6bed804857cd27b,windows10-64-shippable-qr,True,False,,,102210fe594ee9b33d82058545b1ed14f4c8206e,custom.jsdebugger.open.DAMP,damp,True,damp custom.jsdebugger.open.DAMP opt e10s fission stylo webrender,4768565,77,ms,firefox,,1755223369,2023-09-12T22:44:58,824.7553917912737,0339e9d43c22845d7589528bc8a08eee6b2d5c7a,1299446
autoland,4768729,12,95f51e857a45cd76f1766c14d6bed804857cd27b,windows10-64-shippable-qr,True,False,,,102210fe594ee9b33d82058545b1ed14f4c8206e,custom.jsdebugger.open.DAMP,damp,True,damp custom.jsdebugger.open.DAMP opt e10s fission stylo webrender,4768565,77,ms,firefox,,1755211272,2023-09-12T23:09:22,819.2437543584047,d238756ba039d0430074dea8fa1db0c2b75b8184,1299456
autoland,4768729,12,95f51e857a45cd76f1766c14d6bed804857cd27b,windows10-64-shippable-qr,True,False,,,102210fe594ee9b33d82058545b1ed14f4c8206e,custom.jsdebugger.open.DAMP,damp,True,damp custom.jsdebugger.open.DAMP opt e10s fission stylo webrender,4768565,77,ms,firefox,,1755235896,2023-09-13T03:21:32,828.8103768188012,daceab96e9588ecb729cc3648c7980f1d9928ef1,1299496
autoland,4768729,12,95f51e857a45cd76f1766c14d6bed804857cd27b,windows10-64-shippable-qr,True,False,,,102210fe594ee9b33d82058545b1ed14f4c8206e,custom.jsdebugger.open.DAMP,damp,True,damp custom.jsdebugger.open.DAMP opt e10s fission stylo webrender,4768565,77,ms,firefox,,1755318301,2023-09-13T08:07:28,817.2515298557264,00a66a4ea7d34e12302bd63f68a950cbff5a9ffa,1299529
autoland,4768729,12,95f51e857a45cd76f1766c14d6bed804857cd27b,windows10-64-shippable-qr,True,False,,,102210fe594ee9b33d82058545b1ed14f4c8206e,custom.jsdebugger.open.DAMP,damp,True,damp custom.jsdebugger.open.DAMP opt e10s fission stylo webrender,4768565,77,ms,firefox,,1755482400,2023-09-13T11:26:03,827.1098058531206,1a4b8c41b3c3efb7f5870fb99730fc6b08a44cc1,1299625
autoland,4768729,12,95f51e857a45cd76f1766c14d6bed804857cd27b,windows10-64-shippable-qr,True,False,,,102210fe594ee9b33d82058545b1ed14f4c8206e,custom.jsdebugger.open.DAMP,damp,True,damp custom.jsdebugger.open.DAMP opt e10s fission stylo webrender,4768565,77,ms,firefox,,1755618075,2023-09-13T15:38:40,821.067610750928,49a7e292daad5c6727d745e6910b8bde5c3f59a6,1299802
autoland,4768729,12,95f51e857a45cd76f1766c14d6bed804857cd27b,windows10-64-shippable-qr,True,False,,,102210fe594ee9b33d82058545b1ed14f4c8206e,custom.jsdebugger.open.DAMP,damp,True,damp custom.jsdebugger.open.DAMP opt e10s fission stylo webrender,4768565,77,ms,firefox,,1755654582,2023-09-13T16:07:42,823.6043745242641,ce9c917d3e22a86f9e2a6fb5d5b68cd6d56fb687,1299823
autoland,4768729,12,95f51e857a45cd76f1766c14d6bed804857cd27b,windows10-64-shippable-qr,True,False,,,102210fe594ee9b33d82058545b1ed14f4c8206e,custom.jsdebugger.open.DAMP,damp,True,damp custom.jsdebugger.open.DAMP opt e10s fission stylo webrender,4768565,77,ms,firefox,,1755911733,2023-09-13T20:42:18,822.0793738565308,ab101a976da356370e4d513e38e73a1fa55b1597,1300022
autoland,4768729,12,95f51e857a45cd76f1766c14d6bed804857cd27b,windows10-64-shippable-qr,True,False,,,102210fe594ee9b33d82058545b1ed14f4c8206e,custom.jsdebugger.open.DAMP,damp,True,damp custom.jsdebugger.open.DAMP opt e10s fission stylo webrender,4768565,77,ms,firefox,,1755930164,2023-09-13T23:14:42,822.5055133800779,8f5a11c1eb0b7598d1415f6efa9c360191a423f8,1300119
autoland,4768729,12,95f51e857a45cd76f1766c14d6bed804857cd27b,windows10-64-shippable-qr,True,False,,,102210fe594ee9b33d82058545b1ed14f4c8206e,custom.jsdebugger.open.DAMP,damp,True,damp custom.jsdebugger.open.DAMP opt e10s fission stylo webrender,4768565,77,ms,firefox,,1756149988,2023-09-14T04:10:41,827.0523438169403,c57de172952ed6dfa84943bd2175574e4c87e92b,1300187
autoland,4768729,12,95f51e857a45cd76f1766c14d6bed804857cd27b,windows10-64-shippable-qr,True,False,,,102210fe594ee9b33d82058545b1ed14f4c8206e,custom.jsdebugger.open.DAMP,damp,True,damp custom.jsdebugger.open.DAMP opt e10s fission stylo webrender,4768565,77,ms,firefox,,1756272157,2023-09-14T09:30:23,837.5379306342948,69c7e9b937f817f1bee50511a690a35aa3b49793,1300302
autoland,4768729,12,95f51e857a45cd76f1766c14d6bed804857cd27b,windows10-64-shippable-qr,True,False,,,102210fe594ee9b33d82058545b1ed14f4c8206e,custom.jsdebugger.open.DAMP,damp,True,damp custom.jsdebugger.open.DAMP opt e10s fission stylo webrender,4768565,77,ms,firefox,,1756491775,2023-09-14T15:44:34,818.8397684260935,3b93c8502571e31ff0926a4911fae422c3c2118c,1300523
autoland,4768729,12,95f51e857a45cd76f1766c14d6bed804857cd27b,windows10-64-shippable-qr,True,False,,,102210fe594ee9b33d82058545b1ed14f4c8206e,custom.jsdebugger.open.DAMP,damp,True,damp custom.jsdebugger.open.DAMP opt e10s fission stylo webrender,4768565,77,ms,firefox,,1756618048,2023-09-14T16:38:11,821.1776423668798,98de7bc404c3786a5459a205dea174bdf39d3dbf,1300546
autoland,4768729,12,95f51e857a45cd76f1766c14d6bed804857cd27b,windows10-64-shippable-qr,True,False,,,102210fe594ee9b33d82058545b1ed14f4c8206e,custom.jsdebugger.open.DAMP,damp,True,damp custom.jsdebugger.open.DAMP opt e10s fission stylo webrender,4768565,77,ms,firefox,,1756688242,2023-09-14T20:51:49,818.7654047921242,ecc245e6c1644825a53e0e4085347043a793a40f,1300732
autoland,4768729,12,95f51e857a45cd76f1766c14d6bed804857cd27b,windows10-64-shippable-qr,True,False,,,102210fe594ee9b33d82058545b1ed14f4c8206e,custom.jsdebugger.open.DAMP,damp,True,damp custom.jsdebugger.open.DAMP opt e10s fission stylo webrender,4768565,77,ms,firefox,,1756816925,2023-09-15T00:53:43,823.3018430954035,cfbd0bd9bc623276a862481e44bd71e1d57e2eac,1300850
autoland,4768729,12,95f51e857a45cd76f1766c14d6bed804857cd27b,windows10-64-shippable-qr,True,False,,,102210fe594ee9b33d82058545b1ed14f4c8206e,custom.jsdebugger.open.DAMP,damp,True,damp custom.jsdebugger.open.DAMP opt e10s fission stylo webrender,4768565,77,ms,firefox,,1756937843,2023-09-15T06:04:49,825.2205185129023,8f99acff4cbc8f25f158dc6ff079042f02768f05,1300927
autoland,4768729,12,95f51e857a45cd76f1766c14d6bed804857cd27b,windows10-64-shippable-qr,True,False,,,102210fe594ee9b33d82058545b1ed14f4c8206e,custom.jsdebugger.open.DAMP,damp,True,damp custom.jsdebugger.open.DAMP opt e10s fission stylo webrender,4768565,77,ms,firefox,,1757008945,2023-09-15T06:59:31,815.1389364859788,0a032c6f1d5da0740059f67c499e0e9f7ab88650,1300939
autoland,4768729,12,95f51e857a45cd76f1766c14d6bed804857cd27b,windows10-64-shippable-qr,True,False,,,102210fe594ee9b33d82058545b1ed14f4c8206e,custom.jsdebugger.open.DAMP,damp,True,damp custom.jsdebugger.open.DAMP opt e10s fission stylo webrender,4768565,77,ms,firefox,,1757114242,2023-09-15T11:50:44,832.8223575949596,29c4aff31f1dc95ad970b23a77b763265f1632c0,1301039
autoland,4768729,12,95f51e857a45cd76f1766c14d6bed804857cd27b,windows10-64-shippable-qr,True,False,,,102210fe594ee9b33d82058545b1ed14f4c8206e,custom.jsdebugger.open.DAMP,damp,True,damp custom.jsdebugger.open.DAMP opt e10s fission stylo webrender,4768565,77,ms,firefox,,1757209136,2023-09-15T14:51:55,827.4526040710189,079079610ac2a41dba72a91cbe2867519e2bc5bd,1301175
autoland,4768729,12,95f51e857a45cd76f1766c14d6bed804857cd27b,windows10-64-shippable-qr,True,False,,,102210fe594ee9b33d82058545b1ed14f4c8206e,custom.jsdebugger.open.DAMP,damp,True,damp custom.jsdebugger.open.DAMP opt e10s fission stylo webrender,4768565,77,ms,firefox,,1757336515,2023-09-15T17:51:06,820.2602867468668,fec6b3b46bc6439ac98e03aa73938deaf6323f5c,1301318
autoland,4768729,12,95f51e857a45cd76f1766c14d6bed804857cd27b,windows10-64-shippable-qr,True,False,,,102210fe594ee9b33d82058545b1ed14f4c8206e,custom.jsdebugger.open.DAMP,damp,True,damp custom.jsdebugger.open.DAMP opt e10s fission stylo webrender,4768565,77,ms,firefox,,1757354806,2023-09-15T20:04:54,824.6319996859675,99357ab2bb639918d2ea0e8f391494df18c24cb9,1301421
autoland,4768729,12,95f51e857a45cd76f1766c14d6bed804857cd27b,windows10-64-shippable-qr,True,False,,,102210fe594ee9b33d82058545b1ed14f4c8206e,custom.jsdebugger.open.DAMP,damp,True,damp custom.jsdebugger.open.DAMP opt e10s fission stylo webrender,4768565,77,ms,firefox,,1757495571,2023-09-16T00:25:52,825.6872920852184,aa4e3903740dfa0ed175c6ff18e57b8fbe82afd7,1301531
autoland,4768729,12,95f51e857a45cd76f1766c14d6bed804857cd27b,windows10-64-shippable-qr,True,False,,,102210fe594ee9b33d82058545b1ed14f4c8206e,custom.jsdebugger.open.DAMP,damp,True,damp custom.jsdebugger.open.DAMP opt e10s fission stylo webrender,4768565,77,ms,firefox,,1757491947,2023-09-16T00:35:43,826.9027216236645,69d0f600b52641dd114b02da128a162f86f09395,1301538
autoland,4768729,12,95f51e857a45cd76f1766c14d6bed804857cd27b,windows10-64-shippable-qr,True,False,,,102210fe594ee9b33d82058545b1ed14f4c8206e,custom.jsdebugger.open.DAMP,damp,True,damp custom.jsdebugger.open.DAMP opt e10s fission stylo webrender,4768565,77,ms,firefox,,1757568734,2023-09-16T05:54:34,816.6460501227666,7fcd45f7f407a0c756c8b8292b1df8d8162cdce6,1301559
autoland,4768729,12,95f51e857a45cd76f1766c14d6bed804857cd27b,windows10-64-shippable-qr,True,False,,,102210fe594ee9b33d82058545b1ed14f4c8206e,custom.jsdebugger.open.DAMP,damp,True,damp custom.jsdebugger.open.DAMP opt e10s fission stylo webrender,4768565,77,ms,firefox,,1757653176,2023-09-16T12:53:39,824.8996736513654,745d8130d1ac2d3e0ae51f2f22896853f0d34479,1301583
autoland,4768729,12,95f51e857a45cd76f1766c14d6bed804857cd27b,windows10-64-shippable-qr,True,False,,,102210fe594ee9b33d82058545b1ed14f4c8206e,custom.jsdebugger.open.DAMP,damp,True,damp custom.jsdebugger.open.DAMP opt e10s fission stylo webrender,4768565,77,ms,firefox,,1757705701,2023-09-16T18:13:35,829.6667869297935,a7bddb715bd51687e4f52876beeb747f6a19cb0d,1301606
autoland,4768729,12,95f51e857a45cd76f1766c14d6bed804857cd27b,windows10-64-shippable-qr,True,False,,,102210fe594ee9b33d82058545b1ed14f4c8206e,custom.jsdebugger.open.DAMP,damp,True,damp custom.jsdebugger.open.DAMP opt e10s fission stylo webrender,4768565,77,ms,firefox,,1757801232,2023-09-17T06:44:56,814.0464936245808,d1558269e35b364c189cb76982dfc3fdd465224b,1301647
autoland,4768729,12,95f51e857a45cd76f1766c14d6bed804857cd27b,windows10-64-shippable-qr,True,False,,,102210fe594ee9b33d82058545b1ed14f4c8206e,custom.jsdebugger.open.DAMP,damp,True,damp custom.jsdebugger.open.DAMP opt e10s fission stylo webrender,4768565,77,ms,firefox,,1757858467,2023-09-17T09:36:28,829.5837265781156,16afd66ac7be7ee4ffc61599d0241c28d47c74c7,1301654
autoland,4768729,12,95f51e857a45cd76f1766c14d6bed804857cd27b,windows10-64-shippable-qr,True,False,,,102210fe594ee9b33d82058545b1ed14f4c8206e,custom.jsdebugger.open.DAMP,damp,True,damp custom.jsdebugger.open.DAMP opt e10s fission stylo webrender,4768565,77,ms,firefox,,1757921485,2023-09-17T14:36:55,823.8731549204676,17a576f280a8e27d78d7247f1f451ca46a64d0f4,1301663
autoland,4768729,12,95f51e857a45cd76f1766c14d6bed804857cd27b,windows10-64-shippable-qr,True,False,,,102210fe594ee9b33d82058545b1ed14f4c8206e,custom.jsdebugger.open.DAMP,damp,True,damp custom.jsdebugger.open.DAMP opt e10s fission stylo webrender,4768565,77,ms,firefox,,1758030037,2023-09-17T22:46:46,825.2655662745819,4333e71e3754938bc5beee5baabbfd6657869bc6,1301700
autoland,4768729,12,95f51e857a45cd76f1766c14d6bed804857cd27b,windows10-64-shippable-qr,True,False,,,102210fe594ee9b33d82058545b1ed14f4c8206e,custom.jsdebugger.open.DAMP,damp,True,damp custom.jsdebugger.open.DAMP opt e10s fission stylo webrender,4768565,77,ms,firefox,,1758075834,2023-09-18T03:57:39,806.9795780440845,d395f485b3a2b96c9d6f47f5167308b763c1891b,1301730
autoland,4768729,12,95f51e857a45cd76f1766c14d6bed804857cd27b,windows10-64-shippable-qr,True,False,,,102210fe594ee9b33d82058545b1ed14f4c8206e,custom.jsdebugger.open.DAMP,damp,True,damp custom.jsdebugger.open.DAMP opt e10s fission stylo webrender,4768565,77,ms,firefox,,1758297686,2023-09-18T09:50:33,816.6286137343559,11fb2a6e434951fbef0791563a159cbbdd42f4c8,1301818
autoland,4768729,12,95f51e857a45cd76f1766c14d6bed804857cd27b,windows10-64-shippable-qr,True,False,,,102210fe594ee9b33d82058545b1ed14f4c8206e,custom.jsdebugger.open.DAMP,damp,True,damp custom.jsdebugger.open.DAMP opt e10s fission stylo webrender,4768565,77,ms,firefox,,1758392876,2023-09-18T14:45:06,830.5914040705466,7a51e2aa7d09aac78f5c93c25c65e83cb1272b7d,1301994
autoland,4768729,12,95f51e857a45cd76f1766c14d6bed804857cd27b,windows10-64-shippable-qr,True,False,,,102210fe594ee9b33d82058545b1ed14f4c8206e,custom.jsdebugger.open.DAMP,damp,True,damp custom.jsdebugger.open.DAMP opt e10s fission stylo webrender,4768565,77,ms,firefox,,1758604183,2023-09-18T21:05:31,823.9681754616322,44aa0c56427a5e659c7bec91e3b608472cb6f763,1302247
autoland,4768729,12,95f51e857a45cd76f1766c14d6bed804857cd27b,windows10-64-shippable-qr,True,False,,,102210fe594ee9b33d82058545b1ed14f4c8206e,custom.jsdebugger.open.DAMP,damp,True,damp custom.jsdebugger.open.DAMP opt e10s fission stylo webrender,4768565,77,ms,firefox,,1758625372,2023-09-18T22:22:31,821.0497158741891,3a523925f8ff99d5984169d7fbae7e4d1fc1cd18,1302316
autoland,4768729,12,95f51e857a45cd76f1766c14d6bed804857cd27b,windows10-64-shippable-qr,True,False,,,102210fe594ee9b33d82058545b1ed14f4c8206e,custom.jsdebugger.open.DAMP,damp,True,damp custom.jsdebugger.open.DAMP opt e10s fission stylo webrender,4768565,77,ms,firefox,,1758685847,2023-09-19T00:36:20,825.8429996105406,b0769fdf63e5e9d7ac3ef647f895b15971a8dc99,1302387
autoland,4768729,12,95f51e857a45cd76f1766c14d6bed804857cd27b,windows10-64-shippable-qr,True,False,,,102210fe594ee9b33d82058545b1ed14f4c8206e,custom.jsdebugger.open.DAMP,damp,True,damp custom.jsdebugger.open.DAMP opt e10s fission stylo webrender,4768565,77,ms,firefox,,1760493503,2023-09-19T00:48:17,826.8770034164045,b9b124bb96581d1c7c65323dbb77dff07306b4ef,1302401
autoland,4768729,12,95f51e857a45cd76f1766c14d6bed804857cd27b,windows10-64-shippable-qr,True,False,,,102210fe594ee9b33d82058545b1ed14f4c8206e,custom.jsdebugger.open.DAMP,damp,True,damp custom.jsdebugger.open.DAMP opt e10s fission stylo webrender,4768565,77,ms,firefox,,1760493441,2023-09-19T00:49:25,823.3124141546868,8afba65ff47f5326dfc350d20c65e05a4314b907,1302402
autoland,4768729,12,95f51e857a45cd76f1766c14d6bed804857cd27b,windows10-64-shippable-qr,True,False,,,102210fe594ee9b33d82058545b1ed14f4c8206e,custom.jsdebugger.open.DAMP,damp,True,damp custom.jsdebugger.open.DAMP opt e10s fission stylo webrender,4768565,77,ms,firefox,,1760493348,2023-09-19T01:33:43,825.490469814049,3a6ac6e5c1c8b0fbffb5bd2b096334ff7d11e8c8,1302423
autoland,4768729,12,95f51e857a45cd76f1766c14d6bed804857cd27b,windows10-64-shippable-qr,True,False,,,102210fe594ee9b33d82058545b1ed14f4c8206e,custom.jsdebugger.open.DAMP,damp,True,damp custom.jsdebugger.open.DAMP opt e10s fission stylo webrender,4768565,77,ms,firefox,,1760493603,2023-09-19T02:15:14,816.4118499990582,0f35d640b627e041ac2b7f8d228c8ce24bb08e09,1302434
autoland,4768729,12,95f51e857a45cd76f1766c14d6bed804857cd27b,windows10-64-shippable-qr,True,False,,,102210fe594ee9b33d82058545b1ed14f4c8206e,custom.jsdebugger.open.DAMP,damp,True,damp custom.jsdebugger.open.DAMP opt e10s fission stylo webrender,4768565,77,ms,firefox,,1760494264,2023-09-19T02:41:07,823.4271522613708,57113b6fdb8eca9f43523672ee427ee017eb4a23,1302440
autoland,4768729,12,95f51e857a45cd76f1766c14d6bed804857cd27b,windows10-64-shippable-qr,True,False,,,102210fe594ee9b33d82058545b1ed14f4c8206e,custom.jsdebugger.open.DAMP,damp,True,damp custom.jsdebugger.open.DAMP opt e10s fission stylo webrender,4768565,77,ms,firefox,,1760495245,2023-09-19T02:42:56,820.5924387144332,ddccd40117a0460962900d5675392843419af21e,1302441
autoland,4768729,12,95f51e857a45cd76f1766c14d6bed804857cd27b,windows10-64-shippable-qr,True,False,,,102210fe594ee9b33d82058545b1ed14f4c8206e,custom.jsdebugger.open.DAMP,damp,True,damp custom.jsdebugger.open.DAMP opt e10s fission stylo webrender,4768565,77,ms,firefox,,1760494340,2023-09-19T02:59:54,820.5426521963964,fa1fb7fefbb023b14a7fefd88fde7765e4bdb488,1302445
autoland,4768729,12,95f51e857a45cd76f1766c14d6bed804857cd27b,windows10-64-shippable-qr,True,False,,,102210fe594ee9b33d82058545b1ed14f4c8206e,custom.jsdebugger.open.DAMP,damp,True,damp custom.jsdebugger.open.DAMP opt e10s fission stylo webrender,4768565,77,ms,firefox,,1760494731,2023-09-19T04:34:58,825.844142501137,cc547cd2d8669f3a4779dc73c0631f3db9a2bf15,1302460
autoland,4768729,12,95f51e857a45cd76f1766c14d6bed804857cd27b,windows10-64-shippable-qr,True,False,,,102210fe594ee9b33d82058545b1ed14f4c8206e,custom.jsdebugger.open.DAMP,damp,True,damp custom.jsdebugger.open.DAMP opt e10s fission stylo webrender,4768565,77,ms,firefox,,1758741870,2023-09-19T04:53:23,824.2022793530123,6589c0d4d3d3aaed578f6d60cc1831f6cdf79b7c,1302461
autoland,4768729,12,95f51e857a45cd76f1766c14d6bed804857cd27b,windows10-64-shippable-qr,True,False,,,102210fe594ee9b33d82058545b1ed14f4c8206e,custom.jsdebugger.open.DAMP,damp,True,damp custom.jsdebugger.open.DAMP opt e10s fission stylo webrender,4768565,77,ms,firefox,,1758852155,2023-09-19T06:42:05,833.8151823044645,0a60f8be5517ddc928471d4a378b46228773fbc5,1302480
autoland,4768729,12,95f51e857a45cd76f1766c14d6bed804857cd27b,windows10-64-shippable-qr,True,False,,,102210fe594ee9b33d82058545b1ed14f4c8206e,custom.jsdebugger.open.DAMP,damp,True,damp custom.jsdebugger.open.DAMP opt e10s fission stylo webrender,4768565,77,ms,firefox,,1760589136,2023-09-19T06:57:36,826.7499815679985,815f6d6a0e08ebb8eb54648328755e43e8187295,1302488
autoland,4768729,12,95f51e857a45cd76f1766c14d6bed804857cd27b,windows10-64-shippable-qr,True,False,,,102210fe594ee9b33d82058545b1ed14f4c8206e,custom.jsdebugger.open.DAMP,damp,True,damp custom.jsdebugger.open.DAMP opt e10s fission stylo webrender,4768565,77,ms,firefox,,1760492753,2023-09-19T07:03:38,818.6014561267475,5f6b9d6c60f924d24298e8e3d47519309a6d3469,1302489
autoland,4768729,12,95f51e857a45cd76f1766c14d6bed804857cd27b,windows10-64-shippable-qr,True,False,,,102210fe594ee9b33d82058545b1ed14f4c8206e,custom.jsdebugger.open.DAMP,damp,True,damp custom.jsdebugger.open.DAMP opt e10s fission stylo webrender,4768565,77,ms,firefox,,1760492862,2023-09-19T07:06:49,823.394464880781,8c2fb33f6a5babb7b98f3021b67247e0488c6849,1302490
autoland,4768729,12,95f51e857a45cd76f1766c14d6bed804857cd27b,windows10-64-shippable-qr,True,False,,,102210fe594ee9b33d82058545b1ed14f4c8206e,custom.jsdebugger.open.DAMP,damp,True,damp custom.jsdebugger.open.DAMP opt e10s fission stylo webrender,4768565,77,ms,firefox,,1760492681,2023-09-19T07:47:36,821.2360228242851,546d9275a55e5a9247f44d1c469016639a34a979,1302500
autoland,4768729,12,95f51e857a45cd76f1766c14d6bed804857cd27b,windows10-64-shippable-qr,True,False,,,102210fe594ee9b33d82058545b1ed14f4c8206e,custom.jsdebugger.open.DAMP,damp,True,damp custom.jsdebugger.open.DAMP opt e10s fission stylo webrender,4768565,77,ms,firefox,,1760492415,2023-09-19T08:13:52,824.8501292457149,a552ec363a4e2dcc86f67a7ae0b5ec3f5687c82f,1302512
autoland,4768729,12,95f51e857a45cd76f1766c14d6bed804857cd27b,windows10-64-shippable-qr,True,False,,,102210fe594ee9b33d82058545b1ed14f4c8206e,custom.jsdebugger.open.DAMP,damp,True,damp custom.jsdebugger.open.DAMP opt e10s fission stylo webrender,4768565,77,ms,firefox,,1760492535,2023-09-19T08:21:11,823.9932033718251,5e63644042aefbc5a68544d16ef276ab362ece75,1302516
autoland,4768729,12,95f51e857a45cd76f1766c14d6bed804857cd27b,windows10-64-shippable-qr,True,False,,,102210fe594ee9b33d82058545b1ed14f4c8206e,custom.jsdebugger.open.DAMP,damp,True,damp custom.jsdebugger.open.DAMP opt e10s fission stylo webrender,4768565,77,ms,firefox,,1760493175,2023-09-19T08:31:31,820.2277374056575,54de6380646f529430691fb0c9d8149dc479eb02,1302523
autoland,4768729,12,95f51e857a45cd76f1766c14d6bed804857cd27b,windows10-64-shippable-qr,True,False,,,102210fe594ee9b33d82058545b1ed14f4c8206e,custom.jsdebugger.open.DAMP,damp,True,damp custom.jsdebugger.open.DAMP opt e10s fission stylo webrender,4768565,77,ms,firefox,,1760493112,2023-09-19T08:32:46,822.0854424871068,36309222de51e74e059e45e1be54558f50d33410,1302525
autoland,4768729,12,95f51e857a45cd76f1766c14d6bed804857cd27b,windows10-64-shippable-qr,True,False,,,102210fe594ee9b33d82058545b1ed14f4c8206e,custom.jsdebugger.open.DAMP,damp,True,damp custom.jsdebugger.open.DAMP opt e10s fission stylo webrender,4768565,77,ms,firefox,,1760493284,2023-09-19T08:32:46,822.2115536574347,36309222de51e74e059e45e1be54558f50d33410,1302525
autoland,4768729,12,95f51e857a45cd76f1766c14d6bed804857cd27b,windows10-64-shippable-qr,True,False,,,102210fe594ee9b33d82058545b1ed14f4c8206e,custom.jsdebugger.open.DAMP,damp,True,damp custom.jsdebugger.open.DAMP opt e10s fission stylo webrender,4768565,77,ms,firefox,,1760243023,2023-09-19T08:38:25,798.5951039754118,ed783efaebeff5df8bd1a9128ed525c50d9dc767,1302530
autoland,4768729,12,95f51e857a45cd76f1766c14d6bed804857cd27b,windows10-64-shippable-qr,True,False,,,102210fe594ee9b33d82058545b1ed14f4c8206e,custom.jsdebugger.open.DAMP,damp,True,damp custom.jsdebugger.open.DAMP opt e10s fission stylo webrender,4768565,77,ms,firefox,,1760242924,2023-09-19T08:43:55,796.922434690965,0ffd4f3d5717e29ac2c64ccd07794a6f2d539bdf,1302535
autoland,4768729,12,95f51e857a45cd76f1766c14d6bed804857cd27b,windows10-64-shippable-qr,True,False,,,102210fe594ee9b33d82058545b1ed14f4c8206e,custom.jsdebugger.open.DAMP,damp,True,damp custom.jsdebugger.open.DAMP opt e10s fission stylo webrender,4768565,77,ms,firefox,,1760244032,2023-09-19T08:46:45,798.8314796660852,915d403b44c42be5d0b96586c44ddadeab52d5d0,1302538
autoland,4768729,12,95f51e857a45cd76f1766c14d6bed804857cd27b,windows10-64-shippable-qr,True,False,,,102210fe594ee9b33d82058545b1ed14f4c8206e,custom.jsdebugger.open.DAMP,damp,True,damp custom.jsdebugger.open.DAMP opt e10s fission stylo webrender,4768565,77,ms,firefox,,1760244494,2023-09-19T09:34:10,799.564322207676,4d416c08d58393443c8588f0cfbb5ca9bcfabe4b,1302549
autoland,4768729,12,95f51e857a45cd76f1766c14d6bed804857cd27b,windows10-64-shippable-qr,True,False,,,102210fe594ee9b33d82058545b1ed14f4c8206e,custom.jsdebugger.open.DAMP,damp,True,damp custom.jsdebugger.open.DAMP opt e10s fission stylo webrender,4768565,77,ms,firefox,,1760245508,2023-09-19T09:37:04,802.3939750580903,3fa00c5ff16458772cc2ace9ec2272e52d58c041,1302552
autoland,4768729,12,95f51e857a45cd76f1766c14d6bed804857cd27b,windows10-64-shippable-qr,True,False,,,102210fe594ee9b33d82058545b1ed14f4c8206e,custom.jsdebugger.open.DAMP,damp,True,damp custom.jsdebugger.open.DAMP opt e10s fission stylo webrender,4768565,77,ms,firefox,,1760245288,2023-09-19T09:37:54,790.4778435072913,fd2f1e369041167aff17588af79a7fb20e271e90,1302554
autoland,4768729,12,95f51e857a45cd76f1766c14d6bed804857cd27b,windows10-64-shippable-qr,True,False,,,102210fe594ee9b33d82058545b1ed14f4c8206e,custom.jsdebugger.open.DAMP,damp,True,damp custom.jsdebugger.open.DAMP opt e10s fission stylo webrender,4768565,77,ms,firefox,,1760245608,2023-09-19T09:38:43,795.6420303854611,cbed859376026cdf634fda57e5a3e597740b116d,1302556
autoland,4768729,12,95f51e857a45cd76f1766c14d6bed804857cd27b,windows10-64-shippable-qr,True,False,,,102210fe594ee9b33d82058545b1ed14f4c8206e,custom.jsdebugger.open.DAMP,damp,True,damp custom.jsdebugger.open.DAMP opt e10s fission stylo webrender,4768565,77,ms,firefox,,1760245825,2023-09-19T09:49:24,793.7884810863616,1538282037490ca29a5ec3658e91d72cfaa5a536,1302564
autoland,4768729,12,95f51e857a45cd76f1766c14d6bed804857cd27b,windows10-64-shippable-qr,True,False,,,102210fe594ee9b33d82058545b1ed14f4c8206e,custom.jsdebugger.open.DAMP,damp,True,damp custom.jsdebugger.open.DAMP opt e10s fission stylo webrender,4768565,77,ms,firefox,,1760245747,2023-09-19T09:55:14,794.6918202155357,1b7d5b44fbfcd0fb332129f4948df3f18aa3de0b,1302569
autoland,4768729,12,95f51e857a45cd76f1766c14d6bed804857cd27b,windows10-64-shippable-qr,True,False,,,102210fe594ee9b33d82058545b1ed14f4c8206e,custom.jsdebugger.open.DAMP,damp,True,damp custom.jsdebugger.open.DAMP opt e10s fission stylo webrender,4768565,77,ms,firefox,,1758938371,2023-09-19T10:00:51,797.3516939028341,f257c2f8440fe82c3833f2d719a2bf3420df9120,1302573
autoland,4768729,12,95f51e857a45cd76f1766c14d6bed804857cd27b,windows10-64-shippable-qr,True,False,,,102210fe594ee9b33d82058545b1ed14f4c8206e,custom.jsdebugger.open.DAMP,damp,True,damp custom.jsdebugger.open.DAMP opt e10s fission stylo webrender,4768565,77,ms,firefox,,1760247299,2023-09-19T12:03:23,797.5793635081409,fdcf4220b591be33053c1f26df1eb98b9331ca2a,1302643
autoland,4768729,12,95f51e857a45cd76f1766c14d6bed804857cd27b,windows10-64-shippable-qr,True,False,,,102210fe594ee9b33d82058545b1ed14f4c8206e,custom.jsdebugger.open.DAMP,damp,True,damp custom.jsdebugger.open.DAMP opt e10s fission stylo webrender,4768565,77,ms,firefox,,1760247658,2023-09-19T12:06:25,804.875089173278,5d1a79d9c33ad95ca9546e94bed67efa3ff048a3,1302645
autoland,4768729,12,95f51e857a45cd76f1766c14d6bed804857cd27b,windows10-64-shippable-qr,True,False,,,102210fe594ee9b33d82058545b1ed14f4c8206e,custom.jsdebugger.open.DAMP,damp,True,damp custom.jsdebugger.open.DAMP opt e10s fission stylo webrender,4768565,77,ms,firefox,,1760248593,2023-09-19T13:16:54,789.3669724676647,072cb0ddcc54c39e69e7ba612f2319f78ef6f8c1,1302675
autoland,4768729,12,95f51e857a45cd76f1766c14d6bed804857cd27b,windows10-64-shippable-qr,True,False,,,102210fe594ee9b33d82058545b1ed14f4c8206e,custom.jsdebugger.open.DAMP,damp,True,damp custom.jsdebugger.open.DAMP opt e10s fission stylo webrender,4768565,77,ms,firefox,,1760248760,2023-09-19T13:18:41,798.2797144269316,19430315f34ccb93f20c190a11ef6b9aaabf19c5,1302676
autoland,4768729,12,95f51e857a45cd76f1766c14d6bed804857cd27b,windows10-64-shippable-qr,True,False,,,102210fe594ee9b33d82058545b1ed14f4c8206e,custom.jsdebugger.open.DAMP,damp,True,damp custom.jsdebugger.open.DAMP opt e10s fission stylo webrender,4768565,77,ms,firefox,,1760248867,2023-09-19T13:27:47,791.3752961491846,93fd62af9c5cc31397cce72fc396b6fdae3dc345,1302684
autoland,4768729,12,95f51e857a45cd76f1766c14d6bed804857cd27b,windows10-64-shippable-qr,True,False,,,102210fe594ee9b33d82058545b1ed14f4c8206e,custom.jsdebugger.open.DAMP,damp,True,damp custom.jsdebugger.open.DAMP opt e10s fission stylo webrender,4768565,77,ms,firefox,,1760249555,2023-09-19T13:28:37,800.6868993172347,cbd3c901d99bdfc385c39afe90dcceb7d0513bca,1302685
autoland,4768729,12,95f51e857a45cd76f1766c14d6bed804857cd27b,windows10-64-shippable-qr,True,False,,,102210fe594ee9b33d82058545b1ed14f4c8206e,custom.jsdebugger.open.DAMP,damp,True,damp custom.jsdebugger.open.DAMP opt e10s fission stylo webrender,4768565,77,ms,firefox,,1760249213,2023-09-19T13:29:30,797.7921524695848,c67121095e5fd8e0374d62f992409bea154ac339,1302687
autoland,4768729,12,95f51e857a45cd76f1766c14d6bed804857cd27b,windows10-64-shippable-qr,True,False,,,102210fe594ee9b33d82058545b1ed14f4c8206e,custom.jsdebugger.open.DAMP,damp,True,damp custom.jsdebugger.open.DAMP opt e10s fission stylo webrender,4768565,77,ms,firefox,,1760249026,2023-09-19T13:31:01,794.4074989478358,5e38ee8eca39e192467e0744747e252d74bc7e73,1302689
autoland,4768729,12,95f51e857a45cd76f1766c14d6bed804857cd27b,windows10-64-shippable-qr,True,False,,,102210fe594ee9b33d82058545b1ed14f4c8206e,custom.jsdebugger.open.DAMP,damp,True,damp custom.jsdebugger.open.DAMP opt e10s fission stylo webrender,4768565,77,ms,firefox,,1760249746,2023-09-19T13:31:50,792.1442200369274,2d399b8bfcfcdad9c7737a30aba9b4ccb7102e47,1302691
autoland,4768729,12,95f51e857a45cd76f1766c14d6bed804857cd27b,windows10-64-shippable-qr,True,False,,,102210fe594ee9b33d82058545b1ed14f4c8206e,custom.jsdebugger.open.DAMP,damp,True,damp custom.jsdebugger.open.DAMP opt e10s fission stylo webrender,4768565,77,ms,firefox,,1759086684,2023-09-19T13:32:40,812.6814830693256,dd890d993c3039c40d9a50218bd3284a9810cc85,1302692
autoland,4768729,12,95f51e857a45cd76f1766c14d6bed804857cd27b,windows10-64-shippable-qr,True,False,,,102210fe594ee9b33d82058545b1ed14f4c8206e,custom.jsdebugger.open.DAMP,damp,True,damp custom.jsdebugger.open.DAMP opt e10s fission stylo webrender,4768565,77,ms,firefox,,1760317099,2023-09-19T15:07:31,799.9788031963835,e63a855c0acfb3d2572476799fa0e8cfa5c80694,1302763
autoland,4768729,12,95f51e857a45cd76f1766c14d6bed804857cd27b,windows10-64-shippable-qr,True,False,,,102210fe594ee9b33d82058545b1ed14f4c8206e,custom.jsdebugger.open.DAMP,damp,True,damp custom.jsdebugger.open.DAMP opt e10s fission stylo webrender,4768565,77,ms,firefox,,1760320851,2023-09-19T15:08:37,794.7349288404803,41c83db18787013f04b96efc4b61967aba3d048a,1302764
autoland,4768729,12,95f51e857a45cd76f1766c14d6bed804857cd27b,windows10-64-shippable-qr,True,False,,,102210fe594ee9b33d82058545b1ed14f4c8206e,custom.jsdebugger.open.DAMP,damp,True,damp custom.jsdebugger.open.DAMP opt e10s fission stylo webrender,4768565,77,ms,firefox,,1760311955,2023-09-19T15:32:02,795.5426713797897,feb01960f7e10a66b10928129bf6e623142eee16,1302780
autoland,4768729,12,95f51e857a45cd76f1766c14d6bed804857cd27b,windows10-64-shippable-qr,True,False,,,102210fe594ee9b33d82058545b1ed14f4c8206e,custom.jsdebugger.open.DAMP,damp,True,damp custom.jsdebugger.open.DAMP opt e10s fission stylo webrender,4768565,77,ms,firefox,,1760316061,2023-09-19T15:36:43,804.9092683406197,95b205a5292fe692b554db4975faa50144ee1fdb,1302783
autoland,4768729,12,95f51e857a45cd76f1766c14d6bed804857cd27b,windows10-64-shippable-qr,True,False,,,102210fe594ee9b33d82058545b1ed14f4c8206e,custom.jsdebugger.open.DAMP,damp,True,damp custom.jsdebugger.open.DAMP opt e10s fission stylo webrender,4768565,77,ms,firefox,,1760314017,2023-09-19T15:37:32,799.390208520359,73613e15fe5ceb10901c3f4f5d74259bec0e4bb4,1302784
autoland,4768729,12,95f51e857a45cd76f1766c14d6bed804857cd27b,windows10-64-shippable-qr,True,False,,,102210fe594ee9b33d82058545b1ed14f4c8206e,custom.jsdebugger.open.DAMP,damp,True,damp custom.jsdebugger.open.DAMP opt e10s fission stylo webrender,4768565,77,ms,firefox,,1760322661,2023-09-19T15:38:22,795.0143888894672,9a4f6a7c28d530365758a1145044313119342451,1302786
autoland,4768729,12,95f51e857a45cd76f1766c14d6bed804857cd27b,windows10-64-shippable-qr,True,False,,,102210fe594ee9b33d82058545b1ed14f4c8206e,custom.jsdebugger.open.DAMP,damp,True,damp custom.jsdebugger.open.DAMP opt e10s fission stylo webrender,4768565,77,ms,firefox,,1760323502,2023-09-19T15:59:26,796.95639737499,5150fee78fb1f32cb3d8811442f6a2a06ee1bc63,1302802
autoland,4768729,12,95f51e857a45cd76f1766c14d6bed804857cd27b,windows10-64-shippable-qr,True,False,,,102210fe594ee9b33d82058545b1ed14f4c8206e,custom.jsdebugger.open.DAMP,damp,True,damp custom.jsdebugger.open.DAMP opt e10s fission stylo webrender,4768565,77,ms,firefox,,1760321648,2023-09-19T16:18:37,805.4521883915004,1105d2849f18b5435e9333a0a66d820178af01f0,1302815
autoland,4768729,12,95f51e857a45cd76f1766c14d6bed804857cd27b,windows10-64-shippable-qr,True,False,,,102210fe594ee9b33d82058545b1ed14f4c8206e,custom.jsdebugger.open.DAMP,damp,True,damp custom.jsdebugger.open.DAMP opt e10s fission stylo webrender,4768565,77,ms,firefox,,1759170911,2023-09-19T16:21:41,793.5010077875268,e9e7852ce74f241f2a4f0ffac475410d0ea9a8a4,1302819
autoland,4768729,12,95f51e857a45cd76f1766c14d6bed804857cd27b,windows10-64-shippable-qr,True,False,,,102210fe594ee9b33d82058545b1ed14f4c8206e,custom.jsdebugger.open.DAMP,damp,True,damp custom.jsdebugger.open.DAMP opt e10s fission stylo webrender,4768565,77,ms,firefox,,1760280496,2023-09-19T18:44:51,792.0554598873277,1030a0fcc81399ec3f6376ffdeaadac56c0e4d5f,1302932
autoland,4768729,12,95f51e857a45cd76f1766c14d6bed804857cd27b,windows10-64-shippable-qr,True,False,,,102210fe594ee9b33d82058545b1ed14f4c8206e,custom.jsdebugger.open.DAMP,damp,True,damp custom.jsdebugger.open.DAMP opt e10s fission stylo webrender,4768565,77,ms,firefox,,1760315373,2023-09-19T19:00:37,788.6305834775121,a923271b41955ef0354b28dc9bac8716f8490dba,1302942
autoland,4768729,12,95f51e857a45cd76f1766c14d6bed804857cd27b,windows10-64-shippable-qr,True,False,,,102210fe594ee9b33d82058545b1ed14f4c8206e,custom.jsdebugger.open.DAMP,damp,True,damp custom.jsdebugger.open.DAMP opt e10s fission stylo webrender,4768565,77,ms,firefox,,1760314125,2023-09-19T19:26:39,799.8400854697975,9d9f08aef724cc535e90b463adf5cb37724fa986,1302961
autoland,4768729,12,95f51e857a45cd76f1766c14d6bed804857cd27b,windows10-64-shippable-qr,True,False,,,102210fe594ee9b33d82058545b1ed14f4c8206e,custom.jsdebugger.open.DAMP,damp,True,damp custom.jsdebugger.open.DAMP opt e10s fission stylo webrender,4768565,77,ms,firefox,,1760339904,2023-09-19T19:47:55,792.2386562928459,37701fa21006015a6ee97b5528645b7106dff42b,1302977
autoland,4768729,12,95f51e857a45cd76f1766c14d6bed804857cd27b,windows10-64-shippable-qr,True,False,,,102210fe594ee9b33d82058545b1ed14f4c8206e,custom.jsdebugger.open.DAMP,damp,True,damp custom.jsdebugger.open.DAMP opt e10s fission stylo webrender,4768565,77,ms,firefox,,1760325196,2023-09-19T19:53:17,801.3910677299937,3023de3372940a342000556f25bc463ff806280e,1302982
autoland,4768729,12,95f51e857a45cd76f1766c14d6bed804857cd27b,windows10-64-shippable-qr,True,False,,,102210fe594ee9b33d82058545b1ed14f4c8206e,custom.jsdebugger.open.DAMP,damp,True,damp custom.jsdebugger.open.DAMP opt e10s fission stylo webrender,4768565,77,ms,firefox,,1760281825,2023-09-19T19:57:29,808.2601287236321,36e95068e10391b8f3460c36e5651343feb808ab,1302987
autoland,4768729,12,95f51e857a45cd76f1766c14d6bed804857cd27b,windows10-64-shippable-qr,True,False,,,102210fe594ee9b33d82058545b1ed14f4c8206e,custom.jsdebugger.open.DAMP,damp,True,damp custom.jsdebugger.open.DAMP opt e10s fission stylo webrender,4768565,77,ms,firefox,,1760315494,2023-09-19T20:06:23,795.8747811626235,f5ff8837f4fd3544473baa99877ff4320d5997c6,1302994
autoland,4768729,12,95f51e857a45cd76f1766c14d6bed804857cd27b,windows10-64-shippable-qr,True,False,,,102210fe594ee9b33d82058545b1ed14f4c8206e,custom.jsdebugger.open.DAMP,damp,True,damp custom.jsdebugger.open.DAMP opt e10s fission stylo webrender,4768565,77,ms,firefox,,1760320960,2023-09-19T20:10:26,797.5653038821847,f43c9ca9502f4416c3326e15bf290dcc3e41cfd3,1302998
autoland,4768729,12,95f51e857a45cd76f1766c14d6bed804857cd27b,windows10-64-shippable-qr,True,False,,,102210fe594ee9b33d82058545b1ed14f4c8206e,custom.jsdebugger.open.DAMP,damp,True,damp custom.jsdebugger.open.DAMP opt e10s fission stylo webrender,4768565,77,ms,firefox,,1760321499,2023-09-19T20:11:31,798.8480362959599,099d877471573056ec01859a6c63b1e606031c49,1303000
autoland,4768729,12,95f51e857a45cd76f1766c14d6bed804857cd27b,windows10-64-shippable-qr,True,False,,,102210fe594ee9b33d82058545b1ed14f4c8206e,custom.jsdebugger.open.DAMP,damp,True,damp custom.jsdebugger.open.DAMP opt e10s fission stylo webrender,4768565,77,ms,firefox,,1759339592,2023-09-19T20:31:47,794.1102581948116,f97675e331c2e3f8e3a7649cb722085b3360163c,1303015
autoland,4768729,12,95f51e857a45cd76f1766c14d6bed804857cd27b,windows10-64-shippable-qr,True,False,,,102210fe594ee9b33d82058545b1ed14f4c8206e,custom.jsdebugger.open.DAMP,damp,True,damp custom.jsdebugger.open.DAMP opt e10s fission stylo webrender,4768565,77,ms,firefox,,1759348843,2023-09-19T20:45:08,791.1663721532314,abf74735208c16d3b467c2acb344f3030fc5aacb,1303026
autoland,4768729,12,95f51e857a45cd76f1766c14d6bed804857cd27b,windows10-64-shippable-qr,True,False,,,102210fe594ee9b33d82058545b1ed14f4c8206e,custom.jsdebugger.open.DAMP,damp,True,damp custom.jsdebugger.open.DAMP opt e10s fission stylo webrender,4768565,77,ms,firefox,,1759472320,2023-09-20T00:59:14,795.7202341678712,71a9b5a8ec8503f993e8d7e8f1b2b98ff57ed283,1303207
autoland,4768729,12,95f51e857a45cd76f1766c14d6bed804857cd27b,windows10-64-shippable-qr,True,False,,,102210fe594ee9b33d82058545b1ed14f4c8206e,custom.jsdebugger.open.DAMP,damp,True,damp custom.jsdebugger.open.DAMP opt e10s fission stylo webrender,4768565,77,ms,firefox,,1759526181,2023-09-20T05:02:26,783.4101618433342,71c800e8074fa9f5e246acbf09097a0f15d4eb09,1303254
autoland,4768729,12,95f51e857a45cd76f1766c14d6bed804857cd27b,windows10-64-shippable-qr,True,False,,,102210fe594ee9b33d82058545b1ed14f4c8206e,custom.jsdebugger.open.DAMP,damp,True,damp custom.jsdebugger.open.DAMP opt e10s fission stylo webrender,4768565,77,ms,firefox,,1759648144,2023-09-20T09:03:21,791.8521671427716,2664490a1b4aeb2b2bd98c81ac43b68b1a24ea2f,1303343
autoland,4768729,12,95f51e857a45cd76f1766c14d6bed804857cd27b,windows10-64-shippable-qr,True,False,,,102210fe594ee9b33d82058545b1ed14f4c8206e,custom.jsdebugger.open.DAMP,damp,True,damp custom.jsdebugger.open.DAMP opt e10s fission stylo webrender,4768565,77,ms,firefox,,1759788349,2023-09-20T10:40:44,796.1021787985519,e11a98968ec15b84dc772d997bc0789a0a078549,1303401
autoland,4768729,12,95f51e857a45cd76f1766c14d6bed804857cd27b,windows10-64-shippable-qr,True,False,,,102210fe594ee9b33d82058545b1ed14f4c8206e,custom.jsdebugger.open.DAMP,damp,True,damp custom.jsdebugger.open.DAMP opt e10s fission stylo webrender,4768565,77,ms,firefox,,1759904512,2023-09-20T14:03:46,795.8291121785005,5baf76c5d8f19d35c8e7710816a726d92cfff8bb,1303541
autoland,4768729,12,95f51e857a45cd76f1766c14d6bed804857cd27b,windows10-64-shippable-qr,True,False,,,102210fe594ee9b33d82058545b1ed14f4c8206e,custom.jsdebugger.open.DAMP,damp,True,damp custom.jsdebugger.open.DAMP opt e10s fission stylo webrender,4768565,77,ms,firefox,,1760017544,2023-09-20T17:47:40,801.7973629210828,07c4a658632d6c11d371f974b56a6365212bef62,1303718
autoland,4768729,12,95f51e857a45cd76f1766c14d6bed804857cd27b,windows10-64-shippable-qr,True,False,,,102210fe594ee9b33d82058545b1ed14f4c8206e,custom.jsdebugger.open.DAMP,damp,True,damp custom.jsdebugger.open.DAMP opt e10s fission stylo webrender,4768565,77,ms,firefox,,1760104079,2023-09-20T21:06:43,795.8554958260065,137b5966e6ec0a63006a36cac0a3f1c4e3f5cefe,1303845
autoland,4768729,12,95f51e857a45cd76f1766c14d6bed804857cd27b,windows10-64-shippable-qr,True,False,,,102210fe594ee9b33d82058545b1ed14f4c8206e,custom.jsdebugger.open.DAMP,damp,True,damp custom.jsdebugger.open.DAMP opt e10s fission stylo webrender,4768565,77,ms,firefox,,1760133328,2023-09-20T23:02:53,789.4157832093042,a94c799a5be0d573f8c654b43966b4b772ded228,1303924
autoland,4768729,12,95f51e857a45cd76f1766c14d6bed804857cd27b,windows10-64-shippable-qr,True,False,,,102210fe594ee9b33d82058545b1ed14f4c8206e,custom.jsdebugger.open.DAMP,damp,True,damp custom.jsdebugger.open.DAMP opt e10s fission stylo webrender,4768565,77,ms,firefox,,1760261495,2023-09-21T04:47:54,798.4922988491599,7c6496f92bb0572d56513d645f3d6201f77a5653,1304025
autoland,4768729,12,95f51e857a45cd76f1766c14d6bed804857cd27b,windows10-64-shippable-qr,True,False,,,102210fe594ee9b33d82058545b1ed14f4c8206e,custom.jsdebugger.open.DAMP,damp,True,damp custom.jsdebugger.open.DAMP opt e10s fission stylo webrender,4768565,77,ms,firefox,,1761391071,2023-09-21T05:44:41,794.895736337794,7a2840f619f3ac8ceead83fcd51792aea6a201ff,1304040
autoland,4768729,12,95f51e857a45cd76f1766c14d6bed804857cd27b,windows10-64-shippable-qr,True,False,,,102210fe594ee9b33d82058545b1ed14f4c8206e,custom.jsdebugger.open.DAMP,damp,True,damp custom.jsdebugger.open.DAMP opt e10s fission stylo webrender,4768565,77,ms,firefox,,1761392619,2023-09-21T05:45:37,798.6178737743176,bbc5334f27d35a24e416b3f639aed0d332874152,1304041
autoland,4768729,12,95f51e857a45cd76f1766c14d6bed804857cd27b,windows10-64-shippable-qr,True,False,,,102210fe594ee9b33d82058545b1ed14f4c8206e,custom.jsdebugger.open.DAMP,damp,True,damp custom.jsdebugger.open.DAMP opt e10s fission stylo webrender,4768565,77,ms,firefox,,1761396390,2023-09-21T05:54:11,791.3994596011544,f1af22cbe13086c66984001434f84711fa92222d,1304045
autoland,4768729,12,95f51e857a45cd76f1766c14d6bed804857cd27b,windows10-64-shippable-qr,True,False,,,102210fe594ee9b33d82058545b1ed14f4c8206e,custom.jsdebugger.open.DAMP,damp,True,damp custom.jsdebugger.open.DAMP opt e10s fission stylo webrender,4768565,77,ms,firefox,,1761392014,2023-09-21T06:09:47,808.3034524189443,efaf5f86f6f7737a06ddb0ada9f2452b31f4a15a,1304048
autoland,4768729,12,95f51e857a45cd76f1766c14d6bed804857cd27b,windows10-64-shippable-qr,True,False,,,102210fe594ee9b33d82058545b1ed14f4c8206e,custom.jsdebugger.open.DAMP,damp,True,damp custom.jsdebugger.open.DAMP opt e10s fission stylo webrender,4768565,77,ms,firefox,,1761393161,2023-09-21T06:31:19,797.893394145256,e54e1c7d443bc80f71922b8e901b03a377773dad,1304053
autoland,4768729,12,95f51e857a45cd76f1766c14d6bed804857cd27b,windows10-64-shippable-qr,True,False,,,102210fe594ee9b33d82058545b1ed14f4c8206e,custom.jsdebugger.open.DAMP,damp,True,damp custom.jsdebugger.open.DAMP opt e10s fission stylo webrender,4768565,77,ms,firefox,,1761391833,2023-09-21T07:34:36,796.222599888657,c49ded10a66b5269ba1b1a6382c2020818c2fc1b,1304082
autoland,4768729,12,95f51e857a45cd76f1766c14d6bed804857cd27b,windows10-64-shippable-qr,True,False,,,102210fe594ee9b33d82058545b1ed14f4c8206e,custom.jsdebugger.open.DAMP,damp,True,damp custom.jsdebugger.open.DAMP opt e10s fission stylo webrender,4768565,77,ms,firefox,,1761392359,2023-09-21T08:29:05,794.1540592506208,5cbb75fafa2259853f45d878bc9be7cc0a5fc77e,1304106
autoland,4768729,12,95f51e857a45cd76f1766c14d6bed804857cd27b,windows10-64-shippable-qr,True,False,,,102210fe594ee9b33d82058545b1ed14f4c8206e,custom.jsdebugger.open.DAMP,damp,True,damp custom.jsdebugger.open.DAMP opt e10s fission stylo webrender,4768565,77,ms,firefox,,1760396061,2023-09-21T08:45:10,797.9775293171624,e98350675c5a294fe5c7a4138a5b16c4f6992907,1304121
autoland,4768729,12,95f51e857a45cd76f1766c14d6bed804857cd27b,windows10-64-shippable-qr,True,False,,,102210fe594ee9b33d82058545b1ed14f4c8206e,custom.jsdebugger.open.DAMP,damp,True,damp custom.jsdebugger.open.DAMP opt e10s fission stylo webrender,4768565,77,ms,firefox,,1761451583,2023-09-21T09:57:41,793.6048734266224,eeaa27519ed753c98c3498f1dcf297652caac9a4,1304163
autoland,4768729,12,95f51e857a45cd76f1766c14d6bed804857cd27b,windows10-64-shippable-qr,True,False,,,102210fe594ee9b33d82058545b1ed14f4c8206e,custom.jsdebugger.open.DAMP,damp,True,damp custom.jsdebugger.open.DAMP opt e10s fission stylo webrender,4768565,77,ms,firefox,,1761451527,2023-09-21T10:36:14,805.6118281577583,2a1c845899fe0e11a8af8887aa14eb2886b3e317,1304186
autoland,4768729,12,95f51e857a45cd76f1766c14d6bed804857cd27b,windows10-64-shippable-qr,True,False,,,102210fe594ee9b33d82058545b1ed14f4c8206e,custom.jsdebugger.open.DAMP,damp,True,damp custom.jsdebugger.open.DAMP opt e10s fission stylo webrender,4768565,77,ms,firefox,,1761452020,2023-09-21T10:39:15,786.463268443601,b370e5177e1b0d3893b32f952e2c9a1445cf31d2,1304189
autoland,4768729,12,95f51e857a45cd76f1766c14d6bed804857cd27b,windows10-64-shippable-qr,True,False,,,102210fe594ee9b33d82058545b1ed14f4c8206e,custom.jsdebugger.open.DAMP,damp,True,damp custom.jsdebugger.open.DAMP opt e10s fission stylo webrender,4768565,77,ms,firefox,,1761452242,2023-09-21T10:51:12,783.7332849095146,f5e965cad07509b1b918811a649bec50e8df5cac,1304196
autoland,4768729,12,95f51e857a45cd76f1766c14d6bed804857cd27b,windows10-64-shippable-qr,True,False,,,102210fe594ee9b33d82058545b1ed14f4c8206e,custom.jsdebugger.open.DAMP,damp,True,damp custom.jsdebugger.open.DAMP opt e10s fission stylo webrender,4768565,77,ms,firefox,,1761454483,2023-09-21T10:51:12,785.2397352621047,f5e965cad07509b1b918811a649bec50e8df5cac,1304196
autoland,4768729,12,95f51e857a45cd76f1766c14d6bed804857cd27b,windows10-64-shippable-qr,True,False,,,102210fe594ee9b33d82058545b1ed14f4c8206e,custom.jsdebugger.open.DAMP,damp,True,damp custom.jsdebugger.open.DAMP opt e10s fission stylo webrender,4768565,77,ms,firefox,,1761391124,2023-09-21T10:53:10,799.5961684644162,1946f0a37c266a8cfb0abe62978980047223c240,1304197
autoland,4768729,12,95f51e857a45cd76f1766c14d6bed804857cd27b,windows10-64-shippable-qr,True,False,,,102210fe594ee9b33d82058545b1ed14f4c8206e,custom.jsdebugger.open.DAMP,damp,True,damp custom.jsdebugger.open.DAMP opt e10s fission stylo webrender,4768565,77,ms,firefox,,1761390692,2023-09-21T11:15:13,801.8692459664599,7f1507ba9c71a32f206c8b843a5cfe96b1e37e0a,1304204
autoland,4768729,12,95f51e857a45cd76f1766c14d6bed804857cd27b,windows10-64-shippable-qr,True,False,,,102210fe594ee9b33d82058545b1ed14f4c8206e,custom.jsdebugger.open.DAMP,damp,True,damp custom.jsdebugger.open.DAMP opt e10s fission stylo webrender,4768565,77,ms,firefox,,1761365718,2023-09-21T11:26:20,790.2446850087927,0dab31a203f307dcef92c9ce7b2412bd95b560be,1304209
autoland,4768729,12,95f51e857a45cd76f1766c14d6bed804857cd27b,windows10-64-shippable-qr,True,False,,,102210fe594ee9b33d82058545b1ed14f4c8206e,custom.jsdebugger.open.DAMP,damp,True,damp custom.jsdebugger.open.DAMP opt e10s fission stylo webrender,4768565,77,ms,firefox,,1761389813,2023-09-21T12:12:45,801.0115073726338,82d3d6cbcaff25b969aaefb0018364799fa7ff04,1304240
autoland,4768729,12,95f51e857a45cd76f1766c14d6bed804857cd27b,windows10-64-shippable-qr,True,False,,,102210fe594ee9b33d82058545b1ed14f4c8206e,custom.jsdebugger.open.DAMP,damp,True,damp custom.jsdebugger.open.DAMP opt e10s fission stylo webrender,4768565,77,ms,firefox,,1761391236,2023-09-21T12:14:02,803.0551013929799,0fad6751508b1d6deef996339e56b713ca509401,1304243
autoland,4768729,12,95f51e857a45cd76f1766c14d6bed804857cd27b,windows10-64-shippable-qr,True,False,,,102210fe594ee9b33d82058545b1ed14f4c8206e,custom.jsdebugger.open.DAMP,damp,True,damp custom.jsdebugger.open.DAMP opt e10s fission stylo webrender,4768565,77,ms,firefox,,1761392205,2023-09-21T12:18:53,801.0216446256454,3603c20b1b719da7769ad9b43f46324e6ba34d86,1304247
autoland,4768729,12,95f51e857a45cd76f1766c14d6bed804857cd27b,windows10-64-shippable-qr,True,False,,,102210fe594ee9b33d82058545b1ed14f4c8206e,custom.jsdebugger.open.DAMP,damp,True,damp custom.jsdebugger.open.DAMP opt e10s fission stylo webrender,4768565,77,ms,firefox,,1761390355,2023-09-21T12:31:28,796.8630053149172,6d34b38cfc80897a1d2abc7ebcb7c15081a4465c,1304250
autoland,4768729,12,95f51e857a45cd76f1766c14d6bed804857cd27b,windows10-64-shippable-qr,True,False,,,102210fe594ee9b33d82058545b1ed14f4c8206e,custom.jsdebugger.open.DAMP,damp,True,damp custom.jsdebugger.open.DAMP opt e10s fission stylo webrender,4768565,77,ms,firefox,,1761378139,2023-09-21T12:42:04,785.8765896311961,b858a0740582f9a9cf588b943db575db23eed5b6,1304258
autoland,4768729,12,95f51e857a45cd76f1766c14d6bed804857cd27b,windows10-64-shippable-qr,True,False,,,102210fe594ee9b33d82058545b1ed14f4c8206e,custom.jsdebugger.open.DAMP,damp,True,damp custom.jsdebugger.open.DAMP opt e10s fission stylo webrender,4768565,77,ms,firefox,,1761390088,2023-09-21T12:44:39,804.9015799634653,9345601513259424bc863b8b0b3e4526834831f4,1304259
autoland,4768729,12,95f51e857a45cd76f1766c14d6bed804857cd27b,windows10-64-shippable-qr,True,False,,,102210fe594ee9b33d82058545b1ed14f4c8206e,custom.jsdebugger.open.DAMP,damp,True,damp custom.jsdebugger.open.DAMP opt e10s fission stylo webrender,4768565,77,ms,firefox,,1760579442,2023-09-21T12:54:54,793.1099924497175,bd8d8c1ecad7cda50d42ce2dfde7fabc50a48948,1304268
autoland,4768729,12,95f51e857a45cd76f1766c14d6bed804857cd27b,windows10-64-shippable-qr,True,False,,,102210fe594ee9b33d82058545b1ed14f4c8206e,custom.jsdebugger.open.DAMP,damp,True,damp custom.jsdebugger.open.DAMP opt e10s fission stylo webrender,4768565,77,ms,firefox,,1761391696,2023-09-21T13:14:04,792.3074349947565,fa216d67553dea1fbfa7e717fd29cd8b7a5830db,1304283
autoland,4768729,12,95f51e857a45cd76f1766c14d6bed804857cd27b,windows10-64-shippable-qr,True,False,,,102210fe594ee9b33d82058545b1ed14f4c8206e,custom.jsdebugger.open.DAMP,damp,True,damp custom.jsdebugger.open.DAMP opt e10s fission stylo webrender,4768565,77,ms,firefox,,1761389606,2023-09-21T14:00:49,793.3552287326347,942c70f5f13417a12774f1375bc1998f770ae8f7,1304314
autoland,4768729,12,95f51e857a45cd76f1766c14d6bed804857cd27b,windows10-64-shippable-qr,True,False,,,102210fe594ee9b33d82058545b1ed14f4c8206e,custom.jsdebugger.open.DAMP,damp,True,damp custom.jsdebugger.open.DAMP opt e10s fission stylo webrender,4768565,77,ms,firefox,,1760570646,2023-09-21T14:02:07,803.9201196307695,6e82382700fc8345a06dc3efd346a25826fa1bf2,1304316
autoland,4768729,12,95f51e857a45cd76f1766c14d6bed804857cd27b,windows10-64-shippable-qr,True,False,,,102210fe594ee9b33d82058545b1ed14f4c8206e,custom.jsdebugger.open.DAMP,damp,True,damp custom.jsdebugger.open.DAMP opt e10s fission stylo webrender,4768565,77,ms,firefox,,1761353564,2023-09-21T15:48:43,783.0625875947153,3dbbf33d280bfd8c07b86b15238bbb6d1e1755db,1304392
autoland,4768729,12,95f51e857a45cd76f1766c14d6bed804857cd27b,windows10-64-shippable-qr,True,False,,,102210fe594ee9b33d82058545b1ed14f4c8206e,custom.jsdebugger.open.DAMP,damp,True,damp custom.jsdebugger.open.DAMP opt e10s fission stylo webrender,4768565,77,ms,firefox,,1761365556,2023-09-21T16:02:59,789.4206068500207,7516dab19a7ed5bda7491f14fffe53501c353cc1,1304402
autoland,4768729,12,95f51e857a45cd76f1766c14d6bed804857cd27b,windows10-64-shippable-qr,True,False,,,102210fe594ee9b33d82058545b1ed14f4c8206e,custom.jsdebugger.open.DAMP,damp,True,damp custom.jsdebugger.open.DAMP opt e10s fission stylo webrender,4768565,77,ms,firefox,,1761390746,2023-09-21T16:13:21,795.6645969389974,808881289cbd2c219fba3a788fef38d4cf826593,1304413
autoland,4768729,12,95f51e857a45cd76f1766c14d6bed804857cd27b,windows10-64-shippable-qr,True,False,,,102210fe594ee9b33d82058545b1ed14f4c8206e,custom.jsdebugger.open.DAMP,damp,True,damp custom.jsdebugger.open.DAMP opt e10s fission stylo webrender,4768565,77,ms,firefox,,1761390564,2023-09-21T16:14:17,796.2374478911952,ceee4d0a71175f5fe743ca163647e7d0f57fff0e,1304414
autoland,4768729,12,95f51e857a45cd76f1766c14d6bed804857cd27b,windows10-64-shippable-qr,True,False,,,102210fe594ee9b33d82058545b1ed14f4c8206e,custom.jsdebugger.open.DAMP,damp,True,damp custom.jsdebugger.open.DAMP opt e10s fission stylo webrender,4768565,77,ms,firefox,,1761390858,2023-09-21T16:34:27,802.6858823581715,a76ec62a98d33df96fd3b688743533e4875cd130,1304428
autoland,4768729,12,95f51e857a45cd76f1766c14d6bed804857cd27b,windows10-64-shippable-qr,True,False,,,102210fe594ee9b33d82058545b1ed14f4c8206e,custom.jsdebugger.open.DAMP,damp,True,damp custom.jsdebugger.open.DAMP opt e10s fission stylo webrender,4768565,77,ms,firefox,,1761353759,2023-09-21T16:35:46,785.4325145186449,028b2e51863828f9d6a1e00a8c085845e63f72e0,1304430
autoland,4768729,12,95f51e857a45cd76f1766c14d6bed804857cd27b,windows10-64-shippable-qr,True,False,,,102210fe594ee9b33d82058545b1ed14f4c8206e,custom.jsdebugger.open.DAMP,damp,True,damp custom.jsdebugger.open.DAMP opt e10s fission stylo webrender,4768565,77,ms,firefox,,1761353787,2023-09-21T17:31:33,795.9525355277001,c3b23fbbe898130deb34c48569c8e7201ffabffb,1304471
autoland,4768729,12,95f51e857a45cd76f1766c14d6bed804857cd27b,windows10-64-shippable-qr,True,False,,,102210fe594ee9b33d82058545b1ed14f4c8206e,custom.jsdebugger.open.DAMP,damp,True,damp custom.jsdebugger.open.DAMP opt e10s fission stylo webrender,4768565,77,ms,firefox,,1761393106,2023-09-21T17:39:55,792.358905479603,e4f429e902f8ba358b8ae8af6c8958ec534e4f56,1304479
autoland,4768729,12,95f51e857a45cd76f1766c14d6bed804857cd27b,windows10-64-shippable-qr,True,False,,,102210fe594ee9b33d82058545b1ed14f4c8206e,custom.jsdebugger.open.DAMP,damp,True,damp custom.jsdebugger.open.DAMP opt e10s fission stylo webrender,4768565,77,ms,firefox,,1761390292,2023-09-21T17:55:40,797.2666695338712,735d4e8f49c69b7055cc741d73fa319505916ef8,1304489
autoland,4768729,12,95f51e857a45cd76f1766c14d6bed804857cd27b,windows10-64-shippable-qr,True,False,,,102210fe594ee9b33d82058545b1ed14f4c8206e,custom.jsdebugger.open.DAMP,damp,True,damp custom.jsdebugger.open.DAMP opt e10s fission stylo webrender,4768565,77,ms,firefox,,1760691716,2023-09-21T18:54:27,793.9873078548299,114bde678f299872db02fe1116ecfd3a7ada9381,1304515
autoland,4768729,12,95f51e857a45cd76f1766c14d6bed804857cd27b,windows10-64-shippable-qr,True,False,,,102210fe594ee9b33d82058545b1ed14f4c8206e,custom.jsdebugger.open.DAMP,damp,True,damp custom.jsdebugger.open.DAMP opt e10s fission stylo webrender,4768565,77,ms,firefox,,1760711543,2023-09-21T19:19:33,794.1326757877896,86fd71ad69b346f713966a8f18ec97a5b99a0aee,1304533
autoland,4768729,12,95f51e857a45cd76f1766c14d6bed804857cd27b,windows10-64-shippable-qr,True,False,,,102210fe594ee9b33d82058545b1ed14f4c8206e,custom.jsdebugger.open.DAMP,damp,True,damp custom.jsdebugger.open.DAMP opt e10s fission stylo webrender,4768565,77,ms,firefox,,1760799254,2023-09-21T23:47:59,797.24837124017,efa8aa7a4f5484f349595a2c97ba6a2c6f214c66,1304690
autoland,4768729,12,95f51e857a45cd76f1766c14d6bed804857cd27b,windows10-64-shippable-qr,True,False,,,102210fe594ee9b33d82058545b1ed14f4c8206e,custom.jsdebugger.open.DAMP,damp,True,damp custom.jsdebugger.open.DAMP opt e10s fission stylo webrender,4768565,77,ms,firefox,,1760931681,2023-09-22T04:42:00,798.6525523033779,2de4a198348cc150a0c3ce328c42beade9646190,1304767
autoland,4768729,12,95f51e857a45cd76f1766c14d6bed804857cd27b,windows10-64-shippable-qr,True,False,,,102210fe594ee9b33d82058545b1ed14f4c8206e,custom.jsdebugger.open.DAMP,damp,True,damp custom.jsdebugger.open.DAMP opt e10s fission stylo webrender,4768565,77,ms,firefox,,1761043623,2023-09-22T11:33:15,793.2878859455304,6da1ce80e10cc6744801930434a44df21da87140,1304916
autoland,4768729,12,95f51e857a45cd76f1766c14d6bed804857cd27b,windows10-64-shippable-qr,True,False,,,102210fe594ee9b33d82058545b1ed14f4c8206e,custom.jsdebugger.open.DAMP,damp,True,damp custom.jsdebugger.open.DAMP opt e10s fission stylo webrender,4768565,77,ms,firefox,,1761130969,2023-09-22T15:35:17,791.1184558597151,d244d17a8e9ac94aa05c3bf0c2659104c7b15f76,1305037
autoland,4768729,12,95f51e857a45cd76f1766c14d6bed804857cd27b,windows10-64-shippable-qr,True,False,,,102210fe594ee9b33d82058545b1ed14f4c8206e,custom.jsdebugger.open.DAMP,damp,True,damp custom.jsdebugger.open.DAMP opt e10s fission stylo webrender,4768565,77,ms,firefox,,1761147326,2023-09-22T16:10:00,795.5585433554224,aee77156969b7d1f696e8952bc590e1449a16f85,1305065
autoland,4768729,12,95f51e857a45cd76f1766c14d6bed804857cd27b,windows10-64-shippable-qr,True,False,,,102210fe594ee9b33d82058545b1ed14f4c8206e,custom.jsdebugger.open.DAMP,damp,True,damp custom.jsdebugger.open.DAMP opt e10s fission stylo webrender,4768565,77,ms,firefox,,1761267795,2023-09-22T20:28:01,797.5007185080212,80cfc74bb77e6c4abfd0d70c51b274e4b036a05b,1305231
autoland,4768729,12,95f51e857a45cd76f1766c14d6bed804857cd27b,windows10-64-shippable-qr,True,False,,,102210fe594ee9b33d82058545b1ed14f4c8206e,custom.jsdebugger.open.DAMP,damp,True,damp custom.jsdebugger.open.DAMP opt e10s fission stylo webrender,4768565,77,ms,firefox,,1761315964,2023-09-23T00:28:09,802.9833954674978,5ce53217bf3e4d42db88aab74741654bfc634cc8,1305322
autoland,4768729,12,95f51e857a45cd76f1766c14d6bed804857cd27b,windows10-64-shippable-qr,True,False,,,102210fe594ee9b33d82058545b1ed14f4c8206e,custom.jsdebugger.open.DAMP,damp,True,damp custom.jsdebugger.open.DAMP opt e10s fission stylo webrender,4768565,77,ms,firefox,,1761325344,2023-09-23T00:41:33,795.8163434579728,1d9627a1274de78256ecdee1e8058e6b32392404,1305328
autoland,4768729,12,95f51e857a45cd76f1766c14d6bed804857cd27b,windows10-64-shippable-qr,True,False,,,102210fe594ee9b33d82058545b1ed14f4c8206e,custom.jsdebugger.open.DAMP,damp,True,damp custom.jsdebugger.open.DAMP opt e10s fission stylo webrender,4768565,77,ms,firefox,,1761436755,2023-09-23T16:39:34,795.0636023575062,e85748b0b9880ee586b2c155a4d84c1cdf3f31b4,1305402
autoland,4768729,12,95f51e857a45cd76f1766c14d6bed804857cd27b,windows10-64-shippable-qr,True,False,,,102210fe594ee9b33d82058545b1ed14f4c8206e,custom.jsdebugger.open.DAMP,damp,True,damp custom.jsdebugger.open.DAMP opt e10s fission stylo webrender,4768565,77,ms,firefox,,1761480719,2023-09-23T21:16:13,787.6128275600277,f4a2f296a2ea585882f2a2a627c036538eb875b0,1305420
autoland,4768729,12,95f51e857a45cd76f1766c14d6bed804857cd27b,windows10-64-shippable-qr,True,False,,,102210fe594ee9b33d82058545b1ed14f4c8206e,custom.jsdebugger.open.DAMP,damp,True,damp custom.jsdebugger.open.DAMP opt e10s fission stylo webrender,4768565,77,ms,firefox,,1763338335,2023-09-24T07:02:47,793.16002717011,31f32768ce306baa21c58e0de1e9c457f9ab959a,1305448
autoland,4768729,12,95f51e857a45cd76f1766c14d6bed804857cd27b,windows10-64-shippable-qr,True,False,,,102210fe594ee9b33d82058545b1ed14f4c8206e,custom.jsdebugger.open.DAMP,damp,True,damp custom.jsdebugger.open.DAMP opt e10s fission stylo webrender,4768565,77,ms,firefox,,1763338770,2023-09-24T09:55:11,795.2268296146212,ffb7114ea76f46fe6451460afecfc4079067902d,1305459
autoland,4768729,12,95f51e857a45cd76f1766c14d6bed804857cd27b,windows10-64-shippable-qr,True,False,,,102210fe594ee9b33d82058545b1ed14f4c8206e,custom.jsdebugger.open.DAMP,damp,True,damp custom.jsdebugger.open.DAMP opt e10s fission stylo webrender,4768565,77,ms,firefox,,1763338692,2023-09-24T10:42:05,799.1183017161893,127a137d91cf97baf553e0c74db239921b3b8be5,1305485
autoland,4768729,12,95f51e857a45cd76f1766c14d6bed804857cd27b,windows10-64-shippable-qr,True,False,,,102210fe594ee9b33d82058545b1ed14f4c8206e,custom.jsdebugger.open.DAMP,damp,True,damp custom.jsdebugger.open.DAMP opt e10s fission stylo webrender,4768565,77,ms,firefox,,1763338824,2023-09-24T19:01:51,799.8355457964599,2ee0d338b958ecdbded39aabceaacd3bb17fd28d,1305516
autoland,4768729,12,95f51e857a45cd76f1766c14d6bed804857cd27b,windows10-64-shippable-qr,True,False,,,102210fe594ee9b33d82058545b1ed14f4c8206e,custom.jsdebugger.open.DAMP,damp,True,damp custom.jsdebugger.open.DAMP opt e10s fission stylo webrender,4768565,77,ms,firefox,,1761682737,2023-09-25T06:00:52,790.8450908544764,68035862c82691cc5ad039c1067c1fd24d048350,1305598
autoland,4768729,12,95f51e857a45cd76f1766c14d6bed804857cd27b,windows10-64-shippable-qr,True,False,,,102210fe594ee9b33d82058545b1ed14f4c8206e,custom.jsdebugger.open.DAMP,damp,True,damp custom.jsdebugger.open.DAMP opt e10s fission stylo webrender,4768565,77,ms,firefox,,1763339780,2023-09-25T07:03:41,791.0198689963763,456b485ab10b06a40196d539ddd7a3836a8d071e,1305606
autoland,4768729,12,95f51e857a45cd76f1766c14d6bed804857cd27b,windows10-64-shippable-qr,True,False,,,102210fe594ee9b33d82058545b1ed14f4c8206e,custom.jsdebugger.open.DAMP,damp,True,damp custom.jsdebugger.open.DAMP opt e10s fission stylo webrender,4768565,77,ms,firefox,,1763340469,2023-09-25T07:07:42,795.8901098375864,c3464a956448a752470bfc2878e444aa8cbd302f,1305607
autoland,4768729,12,95f51e857a45cd76f1766c14d6bed804857cd27b,windows10-64-shippable-qr,True,False,,,102210fe594ee9b33d82058545b1ed14f4c8206e,custom.jsdebugger.open.DAMP,damp,True,damp custom.jsdebugger.open.DAMP opt e10s fission stylo webrender,4768565,77,ms,firefox,,1763340375,2023-09-25T07:08:30,794.9747942701069,2e1ac90cc0db0bccfa284b962455bdf1cc268141,1305608
autoland,4768729,12,95f51e857a45cd76f1766c14d6bed804857cd27b,windows10-64-shippable-qr,True,False,,,102210fe594ee9b33d82058545b1ed14f4c8206e,custom.jsdebugger.open.DAMP,damp,True,damp custom.jsdebugger.open.DAMP opt e10s fission stylo webrender,4768565,77,ms,firefox,,1763340594,2023-09-25T08:42:30,802.9034822467511,7a69ccef41991ef63b8d48f7443f8d0eefe26fb8,1305655
autoland,4768729,12,95f51e857a45cd76f1766c14d6bed804857cd27b,windows10-64-shippable-qr,True,False,,,102210fe594ee9b33d82058545b1ed14f4c8206e,custom.jsdebugger.open.DAMP,damp,True,damp custom.jsdebugger.open.DAMP opt e10s fission stylo webrender,4768565,77,ms,firefox,,1761721296,2023-09-25T08:45:06,797.3855227538006,27778dad58d148bf24097e327e55eb3b8631b902,1305656
autoland,4768729,12,95f51e857a45cd76f1766c14d6bed804857cd27b,windows10-64-shippable-qr,True,False,,,102210fe594ee9b33d82058545b1ed14f4c8206e,custom.jsdebugger.open.DAMP,damp,True,damp custom.jsdebugger.open.DAMP opt e10s fission stylo webrender,4768565,77,ms,firefox,,1763336283,2023-09-25T11:02:18,800.9838576887996,2053462f6adf3c475cebf36edaf94209d98fa3ce,1305725
autoland,4768729,12,95f51e857a45cd76f1766c14d6bed804857cd27b,windows10-64-shippable-qr,True,False,,,102210fe594ee9b33d82058545b1ed14f4c8206e,custom.jsdebugger.open.DAMP,damp,True,damp custom.jsdebugger.open.DAMP opt e10s fission stylo webrender,4768565,77,ms,firefox,,1763336025,2023-09-25T11:14:42,799.7550927063712,61dcd31fe43fbac70bfc104e908b1371209a9eb4,1305736
autoland,4768729,12,95f51e857a45cd76f1766c14d6bed804857cd27b,windows10-64-shippable-qr,True,False,,,102210fe594ee9b33d82058545b1ed14f4c8206e,custom.jsdebugger.open.DAMP,damp,True,damp custom.jsdebugger.open.DAMP opt e10s fission stylo webrender,4768565,77,ms,firefox,,1763340750,2023-09-25T11:23:34,796.52232830094,3df1e7cfaf9403b16680ffc33821d3b384ec1a4f,1305740
autoland,4768729,12,95f51e857a45cd76f1766c14d6bed804857cd27b,windows10-64-shippable-qr,True,False,,,102210fe594ee9b33d82058545b1ed14f4c8206e,custom.jsdebugger.open.DAMP,damp,True,damp custom.jsdebugger.open.DAMP opt e10s fission stylo webrender,4768565,77,ms,firefox,,1763337374,2023-09-25T11:52:05,791.7580016998427,9d39fae8356d824621d14f7cca7f0aa9fb31c900,1305754
autoland,4768729,12,95f51e857a45cd76f1766c14d6bed804857cd27b,windows10-64-shippable-qr,True,False,,,102210fe594ee9b33d82058545b1ed14f4c8206e,custom.jsdebugger.open.DAMP,damp,True,damp custom.jsdebugger.open.DAMP opt e10s fission stylo webrender,4768565,77,ms,firefox,,1763340983,2023-09-25T11:55:00,794.8576470548142,b21ec356e7e1bf96125415a4a8856f43dc7c828a,1305755
autoland,4768729,12,95f51e857a45cd76f1766c14d6bed804857cd27b,windows10-64-shippable-qr,True,False,,,102210fe594ee9b33d82058545b1ed14f4c8206e,custom.jsdebugger.open.DAMP,damp,True,damp custom.jsdebugger.open.DAMP opt e10s fission stylo webrender,4768565,77,ms,firefox,,1763337314,2023-09-25T11:58:51,796.8767973348504,edca98913a48b56143dbab5f3ff966dafeb204a9,1305759
autoland,4768729,12,95f51e857a45cd76f1766c14d6bed804857cd27b,windows10-64-shippable-qr,True,False,,,102210fe594ee9b33d82058545b1ed14f4c8206e,custom.jsdebugger.open.DAMP,damp,True,damp custom.jsdebugger.open.DAMP opt e10s fission stylo webrender,4768565,77,ms,firefox,,1763337473,2023-09-25T12:15:51,797.278344068829,a8305ea48b4ca432c6e10ea45d475586512c6037,1305772
autoland,4768729,12,95f51e857a45cd76f1766c14d6bed804857cd27b,windows10-64-shippable-qr,True,False,,,102210fe594ee9b33d82058545b1ed14f4c8206e,custom.jsdebugger.open.DAMP,damp,True,damp custom.jsdebugger.open.DAMP opt e10s fission stylo webrender,4768565,77,ms,firefox,,1763337869,2023-09-25T12:29:44,794.522689462261,a151165c8ba1e0a95cf626dc3f30b3fab32f12a5,1305784
autoland,4768729,12,95f51e857a45cd76f1766c14d6bed804857cd27b,windows10-64-shippable-qr,True,False,,,102210fe594ee9b33d82058545b1ed14f4c8206e,custom.jsdebugger.open.DAMP,damp,True,damp custom.jsdebugger.open.DAMP opt e10s fission stylo webrender,4768565,77,ms,firefox,,1763338171,2023-09-25T12:30:33,796.1864185491431,7095adada0469a26b7fb47fc05017c5d8b95e1fb,1305789
autoland,4768729,12,95f51e857a45cd76f1766c14d6bed804857cd27b,windows10-64-shippable-qr,True,False,,,102210fe594ee9b33d82058545b1ed14f4c8206e,custom.jsdebugger.open.DAMP,damp,True,damp custom.jsdebugger.open.DAMP opt e10s fission stylo webrender,4768565,77,ms,firefox,,1761879491,2023-09-25T12:33:35,789.948397305925,9a8976307af6049000ae1a1623fd71bd62850a10,1305791
autoland,4768729,12,95f51e857a45cd76f1766c14d6bed804857cd27b,windows10-64-shippable-qr,True,False,,,102210fe594ee9b33d82058545b1ed14f4c8206e,custom.jsdebugger.open.DAMP,damp,True,damp custom.jsdebugger.open.DAMP opt e10s fission stylo webrender,4768565,77,ms,firefox,,1763373118,2023-09-25T19:16:05,795.4945978797041,f8a35d1b546df5cccc0cebe66f328e5f409ada7d,1306129
autoland,4768729,12,95f51e857a45cd76f1766c14d6bed804857cd27b,windows10-64-shippable-qr,True,False,,,102210fe594ee9b33d82058545b1ed14f4c8206e,custom.jsdebugger.open.DAMP,damp,True,damp custom.jsdebugger.open.DAMP opt e10s fission stylo webrender,4768565,77,ms,firefox,,1763373668,2023-09-25T19:42:52,794.010157378274,446af5901170298be55e94db0c854ec06c6c0102,1306159
autoland,4768729,12,95f51e857a45cd76f1766c14d6bed804857cd27b,windows10-64-shippable-qr,True,False,,,102210fe594ee9b33d82058545b1ed14f4c8206e,custom.jsdebugger.open.DAMP,damp,True,damp custom.jsdebugger.open.DAMP opt e10s fission stylo webrender,4768565,77,ms,firefox,,1763394706,2023-09-25T19:51:04,797.1353575555186,241f18a25074002f7ef3f177c272ee3d51b838d2,1306170
autoland,4768729,12,95f51e857a45cd76f1766c14d6bed804857cd27b,windows10-64-shippable-qr,True,False,,,102210fe594ee9b33d82058545b1ed14f4c8206e,custom.jsdebugger.open.DAMP,damp,True,damp custom.jsdebugger.open.DAMP opt e10s fission stylo webrender,4768565,77,ms,firefox,,1763432514,2023-09-25T19:55:24,799.3444687739429,6a8c88c57fe27ec665309d06280f9f2d5b31dcc4,1306176
autoland,4768729,12,95f51e857a45cd76f1766c14d6bed804857cd27b,windows10-64-shippable-qr,True,False,,,102210fe594ee9b33d82058545b1ed14f4c8206e,custom.jsdebugger.open.DAMP,damp,True,damp custom.jsdebugger.open.DAMP opt e10s fission stylo webrender,4768565,77,ms,firefox,,1763411238,2023-09-25T20:15:04,812.228362805763,58a9c7eea9e944accebc2ca6d02df0b981d8187d,1306196
autoland,4768729,12,95f51e857a45cd76f1766c14d6bed804857cd27b,windows10-64-shippable-qr,True,False,,,102210fe594ee9b33d82058545b1ed14f4c8206e,custom.jsdebugger.open.DAMP,damp,True,damp custom.jsdebugger.open.DAMP opt e10s fission stylo webrender,4768565,77,ms,firefox,,1763408340,2023-09-25T20:38:54,790.0419498308665,fceae3a86a00f546a9620609c7857b72f7111d4e,1306206
autoland,4768729,12,95f51e857a45cd76f1766c14d6bed804857cd27b,windows10-64-shippable-qr,True,False,,,102210fe594ee9b33d82058545b1ed14f4c8206e,custom.jsdebugger.open.DAMP,damp,True,damp custom.jsdebugger.open.DAMP opt e10s fission stylo webrender,4768565,77,ms,firefox,,1763405101,2023-09-25T20:44:54,796.8701786674937,954b734084c2f140d223b99dbe4434ff80bfc869,1306208
autoland,4768729,12,95f51e857a45cd76f1766c14d6bed804857cd27b,windows10-64-shippable-qr,True,False,,,102210fe594ee9b33d82058545b1ed14f4c8206e,custom.jsdebugger.open.DAMP,damp,True,damp custom.jsdebugger.open.DAMP opt e10s fission stylo webrender,4768565,77,ms,firefox,,1762074288,2023-09-25T20:45:54,790.5779258104303,6a7f708c3d0458c9b30efa2bdfde6e7812554d1e,1306210
autoland,4768729,12,95f51e857a45cd76f1766c14d6bed804857cd27b,windows10-64-shippable-qr,True,False,,,102210fe594ee9b33d82058545b1ed14f4c8206e,custom.jsdebugger.open.DAMP,damp,True,damp custom.jsdebugger.open.DAMP opt e10s fission stylo webrender,4768565,77,ms,firefox,,1763821686,2023-09-25T22:29:46,791.0975070698696,d3828ca7337d8ffb2112780580a3fc4e0c8ea6f2,1306293
autoland,4768729,12,95f51e857a45cd76f1766c14d6bed804857cd27b,windows10-64-shippable-qr,True,False,,,102210fe594ee9b33d82058545b1ed14f4c8206e,custom.jsdebugger.open.DAMP,damp,True,damp custom.jsdebugger.open.DAMP opt e10s fission stylo webrender,4768565,77,ms,firefox,,1763378820,2023-09-25T22:32:11,791.688796470884,589a7a37c2f9a6d45ecbd14f937b1621d2efeeda,1306297
autoland,4768729,12,95f51e857a45cd76f1766c14d6bed804857cd27b,windows10-64-shippable-qr,True,False,,,102210fe594ee9b33d82058545b1ed14f4c8206e,custom.jsdebugger.open.DAMP,damp,True,damp custom.jsdebugger.open.DAMP opt e10s fission stylo webrender,4768565,77,ms,firefox,,1763400789,2023-09-25T22:33:00,794.4144867402129,80384e2c99e87006a2706b701a3185463685fe76,1306298
autoland,4768729,12,95f51e857a45cd76f1766c14d6bed804857cd27b,windows10-64-shippable-qr,True,False,,,102210fe594ee9b33d82058545b1ed14f4c8206e,custom.jsdebugger.open.DAMP,damp,True,damp custom.jsdebugger.open.DAMP opt e10s fission stylo webrender,4768565,77,ms,firefox,,1763417080,2023-09-25T23:19:28,793.289010054672,93cb4f911941645d91cf11ed1b0062f6e351c7f5,1306315
autoland,4768729,12,95f51e857a45cd76f1766c14d6bed804857cd27b,windows10-64-shippable-qr,True,False,,,102210fe594ee9b33d82058545b1ed14f4c8206e,custom.jsdebugger.open.DAMP,damp,True,damp custom.jsdebugger.open.DAMP opt e10s fission stylo webrender,4768565,77,ms,firefox,,1763381854,2023-09-25T23:20:46,793.0335632780188,2b3b967b65713ac173e9cd35c580ba61316b142c,1306317
autoland,4768729,12,95f51e857a45cd76f1766c14d6bed804857cd27b,windows10-64-shippable-qr,True,False,,,102210fe594ee9b33d82058545b1ed14f4c8206e,custom.jsdebugger.open.DAMP,damp,True,damp custom.jsdebugger.open.DAMP opt e10s fission stylo webrender,4768565,77,ms,firefox,,1763469492,2023-09-25T23:27:50,801.2804758998609,dbe80b2fa7177e56b59b896014226bdb041e31b1,1306320
autoland,4768729,12,95f51e857a45cd76f1766c14d6bed804857cd27b,windows10-64-shippable-qr,True,False,,,102210fe594ee9b33d82058545b1ed14f4c8206e,custom.jsdebugger.open.DAMP,damp,True,damp custom.jsdebugger.open.DAMP opt e10s fission stylo webrender,4768565,77,ms,firefox,,1763392342,2023-09-25T23:39:33,799.119461348062,f1e42744f477db17dc1b75b1d476eddcdd5619a4,1306326
autoland,4768729,12,95f51e857a45cd76f1766c14d6bed804857cd27b,windows10-64-shippable-qr,True,False,,,102210fe594ee9b33d82058545b1ed14f4c8206e,custom.jsdebugger.open.DAMP,damp,True,damp custom.jsdebugger.open.DAMP opt e10s fission stylo webrender,4768565,77,ms,firefox,,1763387424,2023-09-25T23:47:30,792.8309406431363,607266cea485dde9ac0393378974c99f814c65ca,1306330
autoland,4768729,12,95f51e857a45cd76f1766c14d6bed804857cd27b,windows10-64-shippable-qr,True,False,,,102210fe594ee9b33d82058545b1ed14f4c8206e,custom.jsdebugger.open.DAMP,damp,True,damp custom.jsdebugger.open.DAMP opt e10s fission stylo webrender,4768565,77,ms,firefox,,1763407738,2023-09-25T23:49:30,794.8668936760514,a7e93abb3aae8576da487ac0c9ae1286de30637c,1306333
autoland,4768729,12,95f51e857a45cd76f1766c14d6bed804857cd27b,windows10-64-shippable-qr,True,False,,,102210fe594ee9b33d82058545b1ed14f4c8206e,custom.jsdebugger.open.DAMP,damp,True,damp custom.jsdebugger.open.DAMP opt e10s fission stylo webrender,4768565,77,ms,firefox,,1762146420,2023-09-26T00:20:03,794.8595637836479,844608487349450c789be0794a915bb90d90b133,1306338
autoland,4768729,12,95f51e857a45cd76f1766c14d6bed804857cd27b,windows10-64-shippable-qr,True,False,,,102210fe594ee9b33d82058545b1ed14f4c8206e,custom.jsdebugger.open.DAMP,damp,True,damp custom.jsdebugger.open.DAMP opt e10s fission stylo webrender,4768565,77,ms,firefox,,1763856636,2023-09-26T00:50:24,791.9076762387922,399bdc5c0788b891d95b0031e1f5e4e13595bdba,1306350
autoland,4768729,12,95f51e857a45cd76f1766c14d6bed804857cd27b,windows10-64-shippable-qr,True,False,,,102210fe594ee9b33d82058545b1ed14f4c8206e,custom.jsdebugger.open.DAMP,damp,True,damp custom.jsdebugger.open.DAMP opt e10s fission stylo webrender,4768565,77,ms,firefox,,1763578358,2023-09-26T01:39:27,795.9782051802795,c23c9191da93412ccfb6e59f427b04c7dcb3880e,1306359
autoland,4768729,12,95f51e857a45cd76f1766c14d6bed804857cd27b,windows10-64-shippable-qr,True,False,,,102210fe594ee9b33d82058545b1ed14f4c8206e,custom.jsdebugger.open.DAMP,damp,True,damp custom.jsdebugger.open.DAMP opt e10s fission stylo webrender,4768565,77,ms,firefox,,1763578413,2023-09-26T01:40:46,787.2414102657312,e12bd9f0ee965bb4e7ef9269a629a79c43403a4d,1306360
autoland,4768729,12,95f51e857a45cd76f1766c14d6bed804857cd27b,windows10-64-shippable-qr,True,False,,,102210fe594ee9b33d82058545b1ed14f4c8206e,custom.jsdebugger.open.DAMP,damp,True,damp custom.jsdebugger.open.DAMP opt e10s fission stylo webrender,4768565,77,ms,firefox,,1763579240,2023-09-26T01:42:43,793.2222087964547,28162003bd3c3eaf44b4227b54b72aaf7f8f848f,1306361
autoland,4768729,12,95f51e857a45cd76f1766c14d6bed804857cd27b,windows10-64-shippable-qr,True,False,,,102210fe594ee9b33d82058545b1ed14f4c8206e,custom.jsdebugger.open.DAMP,damp,True,damp custom.jsdebugger.open.DAMP opt e10s fission stylo webrender,4768565,77,ms,firefox,,1763579087,2023-09-26T02:32:51,796.7923546807579,39dc607f61623c82e70f4982272959e0625d52ae,1306368
autoland,4768729,12,95f51e857a45cd76f1766c14d6bed804857cd27b,windows10-64-shippable-qr,True,False,,,102210fe594ee9b33d82058545b1ed14f4c8206e,custom.jsdebugger.open.DAMP,damp,True,damp custom.jsdebugger.open.DAMP opt e10s fission stylo webrender,4768565,77,ms,firefox,,1763579518,2023-09-26T02:51:20,786.9674176908884,956fe894deba1ba357c2699828221cda94a938a0,1306370
autoland,4768729,12,95f51e857a45cd76f1766c14d6bed804857cd27b,windows10-64-shippable-qr,True,False,,,102210fe594ee9b33d82058545b1ed14f4c8206e,custom.jsdebugger.open.DAMP,damp,True,damp custom.jsdebugger.open.DAMP opt e10s fission stylo webrender,4768565,77,ms,firefox,,1763579440,2023-09-26T02:57:49,791.9646078474398,d6b39ea73d85054019ddee8cf425a34c549015d5,1306372
autoland,4768729,12,95f51e857a45cd76f1766c14d6bed804857cd27b,windows10-64-shippable-qr,True,False,,,102210fe594ee9b33d82058545b1ed14f4c8206e,custom.jsdebugger.open.DAMP,damp,True,damp custom.jsdebugger.open.DAMP opt e10s fission stylo webrender,4768565,77,ms,firefox,,1763582635,2023-09-26T03:06:55,793.8900278050278,4a37e473ff9e59f774fb5f7ca79e14fc6498aace,1306373
autoland,4768729,12,95f51e857a45cd76f1766c14d6bed804857cd27b,windows10-64-shippable-qr,True,False,,,102210fe594ee9b33d82058545b1ed14f4c8206e,custom.jsdebugger.open.DAMP,damp,True,damp custom.jsdebugger.open.DAMP opt e10s fission stylo webrender,4768565,77,ms,firefox,,1763579582,2023-09-26T03:40:31,793.37642101456,28fd337dde917a4b11368b4ef5ea5ad19be7d484,1306381
autoland,4768729,12,95f51e857a45cd76f1766c14d6bed804857cd27b,windows10-64-shippable-qr,True,False,,,102210fe594ee9b33d82058545b1ed14f4c8206e,custom.jsdebugger.open.DAMP,damp,True,damp custom.jsdebugger.open.DAMP opt e10s fission stylo webrender,4768565,77,ms,firefox,,1763579665,2023-09-26T04:10:55,790.0888831241609,535c375b13285473c8d29d518a21b67b6f75df68,1306385
autoland,4768729,12,95f51e857a45cd76f1766c14d6bed804857cd27b,windows10-64-shippable-qr,True,False,,,102210fe594ee9b33d82058545b1ed14f4c8206e,custom.jsdebugger.open.DAMP,damp,True,damp custom.jsdebugger.open.DAMP opt e10s fission stylo webrender,4768565,77,ms,firefox,,1762224796,2023-09-26T05:18:37,797.6001198762533,5c61430973af5452b01293947d0f76b758b97c28,1306392
autoland,4768729,12,95f51e857a45cd76f1766c14d6bed804857cd27b,windows10-64-shippable-qr,True,False,,,102210fe594ee9b33d82058545b1ed14f4c8206e,custom.jsdebugger.open.DAMP,damp,True,damp custom.jsdebugger.open.DAMP opt e10s fission stylo webrender,4768565,77,ms,firefox,,1763607165,2023-09-26T05:47:34,794.5893196098914,d664486ee56f12d30502b0986a5c78706c86d2cb,1306405
autoland,4768729,12,95f51e857a45cd76f1766c14d6bed804857cd27b,windows10-64-shippable-qr,True,False,,,102210fe594ee9b33d82058545b1ed14f4c8206e,custom.jsdebugger.open.DAMP,damp,True,damp custom.jsdebugger.open.DAMP opt e10s fission stylo webrender,4768565,77,ms,firefox,,1763658203,2023-09-26T06:11:12,787.0102075820396,5ce74cb070053dacafe7c84b937cfc31d89ac883,1306411
autoland,4768729,12,95f51e857a45cd76f1766c14d6bed804857cd27b,windows10-64-shippable-qr,True,False,,,102210fe594ee9b33d82058545b1ed14f4c8206e,custom.jsdebugger.open.DAMP,damp,True,damp custom.jsdebugger.open.DAMP opt e10s fission stylo webrender,4768565,77,ms,firefox,,1763611945,2023-09-26T07:01:21,790.0100898185192,5fa5960176d2a6b001a16c4c4e5bb69469c69b27,1306415
autoland,4768729,12,95f51e857a45cd76f1766c14d6bed804857cd27b,windows10-64-shippable-qr,True,False,,,102210fe594ee9b33d82058545b1ed14f4c8206e,custom.jsdebugger.open.DAMP,damp,True,damp custom.jsdebugger.open.DAMP opt e10s fission stylo webrender,4768565,77,ms,firefox,,1763595885,2023-09-26T07:13:44,787.6839487058023,afb89cc4de8936deab4b253e137fcacdf6549af1,1306419
autoland,4768729,12,95f51e857a45cd76f1766c14d6bed804857cd27b,windows10-64-shippable-qr,True,False,,,102210fe594ee9b33d82058545b1ed14f4c8206e,custom.jsdebugger.open.DAMP,damp,True,damp custom.jsdebugger.open.DAMP opt e10s fission stylo webrender,4768565,77,ms,firefox,,1763633800,2023-09-26T07:15:22,788.5002995202667,e0542c230f7a70854b7eea5b1887d780119a807c,1306420
autoland,4768729,12,95f51e857a45cd76f1766c14d6bed804857cd27b,windows10-64-shippable-qr,True,False,,,102210fe594ee9b33d82058545b1ed14f4c8206e,custom.jsdebugger.open.DAMP,damp,True,damp custom.jsdebugger.open.DAMP opt e10s fission stylo webrender,4768565,77,ms,firefox,,1763589624,2023-09-26T07:19:39,787.4271169617023,5ede1e3235c0f8764d009107a5e686753bf8c3d9,1306421
autoland,4768729,12,95f51e857a45cd76f1766c14d6bed804857cd27b,windows10-64-shippable-qr,True,False,,,102210fe594ee9b33d82058545b1ed14f4c8206e,custom.jsdebugger.open.DAMP,damp,True,damp custom.jsdebugger.open.DAMP opt e10s fission stylo webrender,4768565,77,ms,firefox,,1763580636,2023-09-26T07:22:43,792.006463478072,0b480081dd33a59f2e3c247ebf9eaa36c90a926a,1306422
autoland,4768729,12,95f51e857a45cd76f1766c14d6bed804857cd27b,windows10-64-shippable-qr,True,False,,,102210fe594ee9b33d82058545b1ed14f4c8206e,custom.jsdebugger.open.DAMP,damp,True,damp custom.jsdebugger.open.DAMP opt e10s fission stylo webrender,4768565,77,ms,firefox,,1763580754,2023-09-26T07:47:07,791.739185790153,a7382d4a1a052e1b25d2ad2dd2bdbbf16ed3ecd7,1306433
autoland,4768729,12,95f51e857a45cd76f1766c14d6bed804857cd27b,windows10-64-shippable-qr,True,False,,,102210fe594ee9b33d82058545b1ed14f4c8206e,custom.jsdebugger.open.DAMP,damp,True,damp custom.jsdebugger.open.DAMP opt e10s fission stylo webrender,4768565,77,ms,firefox,,1762332088,2023-09-26T07:48:07,786.6537574333925,920e4f82b3485f132edc7f551ecd9334fa702021,1306435
autoland,4768729,12,95f51e857a45cd76f1766c14d6bed804857cd27b,windows10-64-shippable-qr,True,False,,,102210fe594ee9b33d82058545b1ed14f4c8206e,custom.jsdebugger.open.DAMP,damp,True,damp custom.jsdebugger.open.DAMP opt e10s fission stylo webrender,4768565,77,ms,firefox,,1762416128,2023-09-26T12:02:33,783.6889115837548,e60c3407f3620f94624c0ac7484a7d1b257be989,1306598
autoland,4768729,12,95f51e857a45cd76f1766c14d6bed804857cd27b,windows10-64-shippable-qr,True,False,,,102210fe594ee9b33d82058545b1ed14f4c8206e,custom.jsdebugger.open.DAMP,damp,True,damp custom.jsdebugger.open.DAMP opt e10s fission stylo webrender,4768565,77,ms,firefox,,1762502715,2023-09-26T15:03:48,800.1504256770186,f6c351ade4f28a1ce3843d0af7e5ec35b37a3576,1306757
autoland,4768729,12,95f51e857a45cd76f1766c14d6bed804857cd27b,windows10-64-shippable-qr,True,False,,,102210fe594ee9b33d82058545b1ed14f4c8206e,custom.jsdebugger.open.DAMP,damp,True,damp custom.jsdebugger.open.DAMP opt e10s fission stylo webrender,4768565,77,ms,firefox,,1762710827,2023-09-26T21:35:50,794.5724540351721,7a98d860920f5f74014454ce20ec6739e8a16878,1307018
autoland,4768729,12,95f51e857a45cd76f1766c14d6bed804857cd27b,windows10-64-shippable-qr,True,False,,,102210fe594ee9b33d82058545b1ed14f4c8206e,custom.jsdebugger.open.DAMP,damp,True,damp custom.jsdebugger.open.DAMP opt e10s fission stylo webrender,4768565,77,ms,firefox,,1762752669,2023-09-27T02:35:37,786.5829286549852,583cfd323dab818e35dc1f15fa3e92a503e56e11,1307110
autoland,4768729,12,95f51e857a45cd76f1766c14d6bed804857cd27b,windows10-64-shippable-qr,True,False,,,102210fe594ee9b33d82058545b1ed14f4c8206e,custom.jsdebugger.open.DAMP,damp,True,damp custom.jsdebugger.open.DAMP opt e10s fission stylo webrender,4768565,77,ms,firefox,,1762895949,2023-09-27T06:23:31,784.7632343353753,82ae09837aed66d319e3280febbf971a401bd8a6,1307163
autoland,4768729,12,95f51e857a45cd76f1766c14d6bed804857cd27b,windows10-64-shippable-qr,True,False,,,102210fe594ee9b33d82058545b1ed14f4c8206e,custom.jsdebugger.open.DAMP,damp,True,damp custom.jsdebugger.open.DAMP opt e10s fission stylo webrender,4768565,77,ms,firefox,,1763021471,2023-09-27T10:25:54,795.3752008749143,a1a8c2eeff55a4651fa01530fa3ec3ab3bec9b31,1307283
autoland,4768729,12,95f51e857a45cd76f1766c14d6bed804857cd27b,windows10-64-shippable-qr,True,False,,,102210fe594ee9b33d82058545b1ed14f4c8206e,custom.jsdebugger.open.DAMP,damp,True,damp custom.jsdebugger.open.DAMP opt e10s fission stylo webrender,4768565,77,ms,firefox,,1763060885,2023-09-27T10:32:06,789.5339025862195,af764baf74a1dd0e0b863a8cf26c25266bdcbc14,1307289
autoland,4768729,12,95f51e857a45cd76f1766c14d6bed804857cd27b,windows10-64-shippable-qr,True,False,,,102210fe594ee9b33d82058545b1ed14f4c8206e,custom.jsdebugger.open.DAMP,damp,True,damp custom.jsdebugger.open.DAMP opt e10s fission stylo webrender,4768565,77,ms,firefox,,1763218944,2023-09-27T14:48:02,784.7123259242435,42b4fa32b69deff886ea9bc4f4f7fb94391b751a,1307439
autoland,4768729,12,95f51e857a45cd76f1766c14d6bed804857cd27b,windows10-64-shippable-qr,True,False,,,102210fe594ee9b33d82058545b1ed14f4c8206e,custom.jsdebugger.open.DAMP,damp,True,damp custom.jsdebugger.open.DAMP opt e10s fission stylo webrender,4768565,77,ms,firefox,,1763310051,2023-09-27T17:53:51,789.1144039911487,7768cf51f090145a9009fb37298f3c1da7d60a2f,1307581
autoland,4768729,12,95f51e857a45cd76f1766c14d6bed804857cd27b,windows10-64-shippable-qr,True,False,,,102210fe594ee9b33d82058545b1ed14f4c8206e,custom.jsdebugger.open.DAMP,damp,True,damp custom.jsdebugger.open.DAMP opt e10s fission stylo webrender,4768565,77,ms,firefox,,1763570089,2023-09-27T23:11:22,796.1313313012724,d60788c1a5064d4f45dd33001554cde650df86be,1307771
autoland,4768729,12,95f51e857a45cd76f1766c14d6bed804857cd27b,windows10-64-shippable-qr,True,False,,,102210fe594ee9b33d82058545b1ed14f4c8206e,custom.jsdebugger.open.DAMP,damp,True,damp custom.jsdebugger.open.DAMP opt e10s fission stylo webrender,4768565,77,ms,firefox,,1763741473,2023-09-28T04:14:46,791.3408067218152,d1fc71cc3817fe3529b10939ed53c1d395a346fa,1307836
autoland,4768729,12,95f51e857a45cd76f1766c14d6bed804857cd27b,windows10-64-shippable-qr,True,False,,,102210fe594ee9b33d82058545b1ed14f4c8206e,custom.jsdebugger.open.DAMP,damp,True,damp custom.jsdebugger.open.DAMP opt e10s fission stylo webrender,4768565,77,ms,firefox,,1763796984,2023-09-28T08:00:04,790.029760838097,d330b8e9f58e1065d1ca63ac5f284f7d1865e83c,1307885
autoland,4768729,12,95f51e857a45cd76f1766c14d6bed804857cd27b,windows10-64-shippable-qr,True,False,,,102210fe594ee9b33d82058545b1ed14f4c8206e,custom.jsdebugger.open.DAMP,damp,True,damp custom.jsdebugger.open.DAMP opt e10s fission stylo webrender,4768565,77,ms,firefox,,1763891798,2023-09-28T11:44:43,790.3305028830737,a5fd40a8bf47afafdda240c7b8f1b1b911d2d937,1308037
autoland,4768729,12,95f51e857a45cd76f1766c14d6bed804857cd27b,windows10-64-shippable-qr,True,False,,,102210fe594ee9b33d82058545b1ed14f4c8206e,custom.jsdebugger.open.DAMP,damp,True,damp custom.jsdebugger.open.DAMP opt e10s fission stylo webrender,4768565,77,ms,firefox,,1764106731,2023-09-28T15:45:35,794.7722743078011,0df79cc60ea0ef86258f3b33d533c75e91805d8b,1308186
autoland,4768729,12,95f51e857a45cd76f1766c14d6bed804857cd27b,windows10-64-shippable-qr,True,False,,,102210fe594ee9b33d82058545b1ed14f4c8206e,custom.jsdebugger.open.DAMP,damp,True,damp custom.jsdebugger.open.DAMP opt e10s fission stylo webrender,4768565,77,ms,firefox,,1764117786,2023-09-28T16:38:20,792.1661095525487,a216736126b15f69ebee5d940a5c3394f95759cb,1308227
autoland,4768729,12,95f51e857a45cd76f1766c14d6bed804857cd27b,windows10-64-shippable-qr,True,False,,,102210fe594ee9b33d82058545b1ed14f4c8206e,custom.jsdebugger.open.DAMP,damp,True,damp custom.jsdebugger.open.DAMP opt e10s fission stylo webrender,4768565,77,ms,firefox,,1764170506,2023-09-28T19:24:36,798.3201294334904,cd324cfaf45936b4670a6c0d15cbfe22d0e2f609,1308380
autoland,4768729,12,95f51e857a45cd76f1766c14d6bed804857cd27b,windows10-64-shippable-qr,True,False,,,102210fe594ee9b33d82058545b1ed14f4c8206e,custom.jsdebugger.open.DAMP,damp,True,damp custom.jsdebugger.open.DAMP opt e10s fission stylo webrender,4768565,77,ms,firefox,,1764293312,2023-09-28T22:48:25,782.3505438121683,72bb9164219d9f54440ccfa7f55dc02f195190f9,1308491
autoland,4768729,12,95f51e857a45cd76f1766c14d6bed804857cd27b,windows10-64-shippable-qr,True,False,,,102210fe594ee9b33d82058545b1ed14f4c8206e,custom.jsdebugger.open.DAMP,damp,True,damp custom.jsdebugger.open.DAMP opt e10s fission stylo webrender,4768565,77,ms,firefox,,1764511116,2023-09-29T05:26:28,787.0074990869325,4fd1c7c2dcf2973c3285d981e74b08dee641a0fc,1308580
autoland,4768729,12,95f51e857a45cd76f1766c14d6bed804857cd27b,windows10-64-shippable-qr,True,False,,,102210fe594ee9b33d82058545b1ed14f4c8206e,custom.jsdebugger.open.DAMP,damp,True,damp custom.jsdebugger.open.DAMP opt e10s fission stylo webrender,4768565,77,ms,firefox,,1764700573,2023-09-29T09:03:41,794.5530377296236,6453cd78e4f187bc198e83900dd9937c3cc6d0fc,1308650
autoland,4768729,12,95f51e857a45cd76f1766c14d6bed804857cd27b,windows10-64-shippable-qr,True,False,,,102210fe594ee9b33d82058545b1ed14f4c8206e,custom.jsdebugger.open.DAMP,damp,True,damp custom.jsdebugger.open.DAMP opt e10s fission stylo webrender,4768565,77,ms,firefox,,1764839727,2023-09-29T13:06:51,786.9949455299611,dfea5c2f2737b0334921941ecd0f5f235432942e,1308761
autoland,4768729,12,95f51e857a45cd76f1766c14d6bed804857cd27b,windows10-64-shippable-qr,True,False,,,102210fe594ee9b33d82058545b1ed14f4c8206e,custom.jsdebugger.open.DAMP,damp,True,damp custom.jsdebugger.open.DAMP opt e10s fission stylo webrender,4768565,77,ms,firefox,,1766502186,2023-09-29T13:29:12,802.4530257146689,c3167e76bc8e1af59a444d63526d42fab3be8420,1308768
autoland,4768729,12,95f51e857a45cd76f1766c14d6bed804857cd27b,windows10-64-shippable-qr,True,False,,,102210fe594ee9b33d82058545b1ed14f4c8206e,custom.jsdebugger.open.DAMP,damp,True,damp custom.jsdebugger.open.DAMP opt e10s fission stylo webrender,4768565,77,ms,firefox,,1766496967,2023-09-29T13:31:49,788.8342679610641,0a41249a323f3abd6de55b7baa27a6e1811ab96a,1308771
autoland,4768729,12,95f51e857a45cd76f1766c14d6bed804857cd27b,windows10-64-shippable-qr,True,False,,,102210fe594ee9b33d82058545b1ed14f4c8206e,custom.jsdebugger.open.DAMP,damp,True,damp custom.jsdebugger.open.DAMP opt e10s fission stylo webrender,4768565,77,ms,firefox,,1766495399,2023-09-29T13:32:50,790.5715557424701,0fc7ee382c5cef9b28139168e973d1c1a01fc87b,1308776
autoland,4768729,12,95f51e857a45cd76f1766c14d6bed804857cd27b,windows10-64-shippable-qr,True,False,,,102210fe594ee9b33d82058545b1ed14f4c8206e,custom.jsdebugger.open.DAMP,damp,True,damp custom.jsdebugger.open.DAMP opt e10s fission stylo webrender,4768565,77,ms,firefox,,1766498619,2023-09-29T13:33:39,798.1849584511656,161d8267260601a9d3eabc924298b5ba11a03d44,1308777
autoland,4768729,12,95f51e857a45cd76f1766c14d6bed804857cd27b,windows10-64-shippable-qr,True,False,,,102210fe594ee9b33d82058545b1ed14f4c8206e,custom.jsdebugger.open.DAMP,damp,True,damp custom.jsdebugger.open.DAMP opt e10s fission stylo webrender,4768565,77,ms,firefox,,1766494192,2023-09-29T13:46:59,794.7774337899218,670023e8a9bba0b04831cccee348cee4a5175c18,1308778
autoland,4768729,12,95f51e857a45cd76f1766c14d6bed804857cd27b,windows10-64-shippable-qr,True,False,,,102210fe594ee9b33d82058545b1ed14f4c8206e,custom.jsdebugger.open.DAMP,damp,True,damp custom.jsdebugger.open.DAMP opt e10s fission stylo webrender,4768565,77,ms,firefox,,1766496807,2023-09-29T13:50:09,808.910197945992,b9016e4fd85efb84fce2996a7e328881b28cb39c,1308779
autoland,4768729,12,95f51e857a45cd76f1766c14d6bed804857cd27b,windows10-64-shippable-qr,True,False,,,102210fe594ee9b33d82058545b1ed14f4c8206e,custom.jsdebugger.open.DAMP,damp,True,damp custom.jsdebugger.open.DAMP opt e10s fission stylo webrender,4768565,77,ms,firefox,,1766496282,2023-09-29T14:13:24,789.9976038404093,a120317e670ae06f583fd6bd0a0de57ed19ad01d,1308788
autoland,4768729,12,95f51e857a45cd76f1766c14d6bed804857cd27b,windows10-64-shippable-qr,True,False,,,102210fe594ee9b33d82058545b1ed14f4c8206e,custom.jsdebugger.open.DAMP,damp,True,damp custom.jsdebugger.open.DAMP opt e10s fission stylo webrender,4768565,77,ms,firefox,,1766494802,2023-09-29T14:18:35,794.8094885059545,ec65ca2f7db18fefc250aca74197ba901e6a0a8c,1308791
autoland,4768729,12,95f51e857a45cd76f1766c14d6bed804857cd27b,windows10-64-shippable-qr,True,False,,,102210fe594ee9b33d82058545b1ed14f4c8206e,custom.jsdebugger.open.DAMP,damp,True,damp custom.jsdebugger.open.DAMP opt e10s fission stylo webrender,4768565,77,ms,firefox,,1766517854,2023-09-29T14:25:07,789.8232270911976,91bd2248667d7c29f28e54274cbf7f5649071bd3,1308794
autoland,4768729,12,95f51e857a45cd76f1766c14d6bed804857cd27b,windows10-64-shippable-qr,True,False,,,102210fe594ee9b33d82058545b1ed14f4c8206e,custom.jsdebugger.open.DAMP,damp,True,damp custom.jsdebugger.open.DAMP opt e10s fission stylo webrender,4768565,77,ms,firefox,,1764870217,2023-09-29T14:43:48,792.4009603759623,e2d3169fc579506294a164827b60ea38b9295bb1,1308803
autoland,4768729,12,95f51e857a45cd76f1766c14d6bed804857cd27b,windows10-64-shippable-qr,True,False,,,102210fe594ee9b33d82058545b1ed14f4c8206e,custom.jsdebugger.open.DAMP,damp,True,damp custom.jsdebugger.open.DAMP opt e10s fission stylo webrender,4768565,77,ms,firefox,,1766482455,2023-09-29T20:25:36,806.894729710024,448cc1ba3cb98c120a4ee30f00ef888e73a932e6,1308997
autoland,4768729,12,95f51e857a45cd76f1766c14d6bed804857cd27b,windows10-64-shippable-qr,True,False,,,102210fe594ee9b33d82058545b1ed14f4c8206e,custom.jsdebugger.open.DAMP,damp,True,damp custom.jsdebugger.open.DAMP opt e10s fission stylo webrender,4768565,77,ms,firefox,,1766404108,2023-09-29T20:42:51,784.3984964972433,6ffc8bdec837d1b4c1dc4a75b96f417bfde1cebd,1309001
autoland,4768729,12,95f51e857a45cd76f1766c14d6bed804857cd27b,windows10-64-shippable-qr,True,False,,,102210fe594ee9b33d82058545b1ed14f4c8206e,custom.jsdebugger.open.DAMP,damp,True,damp custom.jsdebugger.open.DAMP opt e10s fission stylo webrender,4768565,77,ms,firefox,,1766497081,2023-09-29T21:07:12,788.0035089036828,c869f080aad6301b8c8021152a97de1e23de2f24,1309006
autoland,4768729,12,95f51e857a45cd76f1766c14d6bed804857cd27b,windows10-64-shippable-qr,True,False,,,102210fe594ee9b33d82058545b1ed14f4c8206e,custom.jsdebugger.open.DAMP,damp,True,damp custom.jsdebugger.open.DAMP opt e10s fission stylo webrender,4768565,77,ms,firefox,,1766516804,2023-09-29T21:14:00,789.635718764499,e6362eee5078a68e7fdfbf6bc3083042a37ff4e3,1309007
autoland,4768729,12,95f51e857a45cd76f1766c14d6bed804857cd27b,windows10-64-shippable-qr,True,False,,,102210fe594ee9b33d82058545b1ed14f4c8206e,custom.jsdebugger.open.DAMP,damp,True,damp custom.jsdebugger.open.DAMP opt e10s fission stylo webrender,4768565,77,ms,firefox,,1766499362,2023-09-29T22:03:20,798.6197511066857,21e242393f222340fa948cedf15f7a7d6b3dee34,1309029
autoland,4768729,12,95f51e857a45cd76f1766c14d6bed804857cd27b,windows10-64-shippable-qr,True,False,,,102210fe594ee9b33d82058545b1ed14f4c8206e,custom.jsdebugger.open.DAMP,damp,True,damp custom.jsdebugger.open.DAMP opt e10s fission stylo webrender,4768565,77,ms,firefox,,1766376404,2023-09-29T22:04:24,793.5313567626836,bcd2222b6b08b09cee468dff6e7f94400e02b303,1309030
autoland,4768729,12,95f51e857a45cd76f1766c14d6bed804857cd27b,windows10-64-shippable-qr,True,False,,,102210fe594ee9b33d82058545b1ed14f4c8206e,custom.jsdebugger.open.DAMP,damp,True,damp custom.jsdebugger.open.DAMP opt e10s fission stylo webrender,4768565,77,ms,firefox,,1766376476,2023-09-29T22:10:32,775.1316692209803,eee85ca883b58f7e7ed94e3a2e4ed573475159d4,1309031
autoland,4768729,12,95f51e857a45cd76f1766c14d6bed804857cd27b,windows10-64-shippable-qr,True,False,,,102210fe594ee9b33d82058545b1ed14f4c8206e,custom.jsdebugger.open.DAMP,damp,True,damp custom.jsdebugger.open.DAMP opt e10s fission stylo webrender,4768565,77,ms,firefox,,1766519206,2023-09-29T22:24:46,786.5792239380971,7139b608a37ec9e25460e53a2126f5e98f554c56,1309033
autoland,4768729,12,95f51e857a45cd76f1766c14d6bed804857cd27b,windows10-64-shippable-qr,True,False,,,102210fe594ee9b33d82058545b1ed14f4c8206e,custom.jsdebugger.open.DAMP,damp,True,damp custom.jsdebugger.open.DAMP opt e10s fission stylo webrender,4768565,77,ms,firefox,,1766411379,2023-09-29T22:28:54,778.328328823758,25a3c1f36ad6e51304433ae56db6f33df5acb6a3,1309037
autoland,4768729,12,95f51e857a45cd76f1766c14d6bed804857cd27b,windows10-64-shippable-qr,True,False,,,102210fe594ee9b33d82058545b1ed14f4c8206e,custom.jsdebugger.open.DAMP,damp,True,damp custom.jsdebugger.open.DAMP opt e10s fission stylo webrender,4768565,77,ms,firefox,,1765225742,2023-09-30T06:24:14,785.3132684254961,c0cfc8c5836260ab8706d5b737a4f4f654da4610,1309077
autoland,4768729,12,95f51e857a45cd76f1766c14d6bed804857cd27b,windows10-64-shippable-qr,True,False,,,102210fe594ee9b33d82058545b1ed14f4c8206e,custom.jsdebugger.open.DAMP,damp,True,damp custom.jsdebugger.open.DAMP opt e10s fission stylo webrender,4768565,77,ms,firefox,,1766518024,2023-09-30T07:00:22,787.1409856612881,704f8a9060a9fe476efcfc93567a3eda4fd30d08,1309082
autoland,4768729,12,95f51e857a45cd76f1766c14d6bed804857cd27b,windows10-64-shippable-qr,True,False,,,102210fe594ee9b33d82058545b1ed14f4c8206e,custom.jsdebugger.open.DAMP,damp,True,damp custom.jsdebugger.open.DAMP opt e10s fission stylo webrender,4768565,77,ms,firefox,,1766526045,2023-09-30T07:00:22,789.1628548208246,704f8a9060a9fe476efcfc93567a3eda4fd30d08,1309082
autoland,4768729,12,95f51e857a45cd76f1766c14d6bed804857cd27b,windows10-64-shippable-qr,True,False,,,102210fe594ee9b33d82058545b1ed14f4c8206e,custom.jsdebugger.open.DAMP,damp,True,damp custom.jsdebugger.open.DAMP opt e10s fission stylo webrender,4768565,77,ms,firefox,,1766502132,2023-09-30T07:02:10,781.5537012814948,4fc4397c17c91a25b5417e5ae14e20a0fa8e3b68,1309083
autoland,4768729,12,95f51e857a45cd76f1766c14d6bed804857cd27b,windows10-64-shippable-qr,True,False,,,102210fe594ee9b33d82058545b1ed14f4c8206e,custom.jsdebugger.open.DAMP,damp,True,damp custom.jsdebugger.open.DAMP opt e10s fission stylo webrender,4768565,77,ms,firefox,,1766500647,2023-09-30T08:42:20,791.196009943742,96f2c0dc4746376e319aa5c6f2b47cf3768dd5d1,1309094
autoland,4768729,12,95f51e857a45cd76f1766c14d6bed804857cd27b,windows10-64-shippable-qr,True,False,,,102210fe594ee9b33d82058545b1ed14f4c8206e,custom.jsdebugger.open.DAMP,damp,True,damp custom.jsdebugger.open.DAMP opt e10s fission stylo webrender,4768565,77,ms,firefox,,1766500076,2023-09-30T09:43:48,786.3217376612229,55d9e05bf29bdd693cb36ef335f7d20aab6dcf43,1309104
autoland,4768729,12,95f51e857a45cd76f1766c14d6bed804857cd27b,windows10-64-shippable-qr,True,False,,,102210fe594ee9b33d82058545b1ed14f4c8206e,custom.jsdebugger.open.DAMP,damp,True,damp custom.jsdebugger.open.DAMP opt e10s fission stylo webrender,4768565,77,ms,firefox,,1766498965,2023-09-30T10:16:55,789.3754520534058,4f5e812e3ab721aee9bfa8bca4de88d2a71f13a9,1309113
autoland,4768729,12,95f51e857a45cd76f1766c14d6bed804857cd27b,windows10-64-shippable-qr,True,False,,,102210fe594ee9b33d82058545b1ed14f4c8206e,custom.jsdebugger.open.DAMP,damp,True,damp custom.jsdebugger.open.DAMP opt e10s fission stylo webrender,4768565,77,ms,firefox,,1766499758,2023-09-30T10:16:55,786.10457553374,4f5e812e3ab721aee9bfa8bca4de88d2a71f13a9,1309113
autoland,4768729,12,95f51e857a45cd76f1766c14d6bed804857cd27b,windows10-64-shippable-qr,True,False,,,102210fe594ee9b33d82058545b1ed14f4c8206e,custom.jsdebugger.open.DAMP,damp,True,damp custom.jsdebugger.open.DAMP opt e10s fission stylo webrender,4768565,77,ms,firefox,,1765337959,2023-09-30T15:09:24,786.9173900384194,0d5209658cf41a9d6d9f6c74890ecf69602525c4,1309133
autoland,4768729,12,95f51e857a45cd76f1766c14d6bed804857cd27b,windows10-64-shippable-qr,True,False,,,102210fe594ee9b33d82058545b1ed14f4c8206e,custom.jsdebugger.open.DAMP,damp,True,damp custom.jsdebugger.open.DAMP opt e10s fission stylo webrender,4768565,77,ms,firefox,,1765350424,2023-09-30T15:56:32,777.9495632299568,8c9ba927121cd7f1cb5b31ffb86addc4c34b59a8,1309136
autoland,4768729,12,95f51e857a45cd76f1766c14d6bed804857cd27b,windows10-64-shippable-qr,True,False,,,102210fe594ee9b33d82058545b1ed14f4c8206e,custom.jsdebugger.open.DAMP,damp,True,damp custom.jsdebugger.open.DAMP opt e10s fission stylo webrender,4768565,77,ms,firefox,,1765388668,2023-09-30T20:01:07,780.8720798065042,bacf4fcba00b9d708012b5c8144292e5362ed452,1309152
autoland,4768729,12,95f51e857a45cd76f1766c14d6bed804857cd27b,windows10-64-shippable-qr,True,False,,,102210fe594ee9b33d82058545b1ed14f4c8206e,custom.jsdebugger.open.DAMP,damp,True,damp custom.jsdebugger.open.DAMP opt e10s fission stylo webrender,4768565,77,ms,firefox,,1765443386,2023-10-01T02:27:22,786.4906249274691,b781e655236dff9086d1be5c4b59b0263a9cee56,1309171
autoland,4768729,12,95f51e857a45cd76f1766c14d6bed804857cd27b,windows10-64-shippable-qr,True,False,,,102210fe594ee9b33d82058545b1ed14f4c8206e,custom.jsdebugger.open.DAMP,damp,True,damp custom.jsdebugger.open.DAMP opt e10s fission stylo webrender,4768565,77,ms,firefox,,1765555299,2023-10-01T15:08:35,781.6835785926742,1abb269d873e8bda2c0fa1b4f26f481c89584ca6,1309237
autoland,4768729,12,95f51e857a45cd76f1766c14d6bed804857cd27b,windows10-64-shippable-qr,True,False,,,102210fe594ee9b33d82058545b1ed14f4c8206e,custom.jsdebugger.open.DAMP,damp,True,damp custom.jsdebugger.open.DAMP opt e10s fission stylo webrender,4768565,77,ms,firefox,,1765592954,2023-10-01T19:57:41,778.4920930200751,72adc901a818435f7ba23e492963c7e1bf526be1,1309256
autoland,4768729,12,95f51e857a45cd76f1766c14d6bed804857cd27b,windows10-64-shippable-qr,True,False,,,102210fe594ee9b33d82058545b1ed14f4c8206e,custom.jsdebugger.open.DAMP,damp,True,damp custom.jsdebugger.open.DAMP opt e10s fission stylo webrender,4768565,77,ms,firefox,,1765611185,2023-10-01T20:03:17,788.556350407518,1c52958ae6ea59e32694986c0d6332b8171aca86,1309258
autoland,4768729,12,95f51e857a45cd76f1766c14d6bed804857cd27b,windows10-64-shippable-qr,True,False,,,102210fe594ee9b33d82058545b1ed14f4c8206e,custom.jsdebugger.open.DAMP,damp,True,damp custom.jsdebugger.open.DAMP opt e10s fission stylo webrender,4768565,77,ms,firefox,,1765704594,2023-10-02T00:31:45,783.0128269675115,55fc90da3cff35171d66e3dcf280575bef8c17a6,1309288
autoland,4768729,12,95f51e857a45cd76f1766c14d6bed804857cd27b,windows10-64-shippable-qr,True,False,,,102210fe594ee9b33d82058545b1ed14f4c8206e,custom.jsdebugger.open.DAMP,damp,True,damp custom.jsdebugger.open.DAMP opt e10s fission stylo webrender,4768565,77,ms,firefox,,1765893778,2023-10-02T11:08:53,785.4820332771997,318059aaa167779fcc844cbf085cb7ffacc47523,1309454
autoland,4768729,12,95f51e857a45cd76f1766c14d6bed804857cd27b,windows10-64-shippable-qr,True,False,,,102210fe594ee9b33d82058545b1ed14f4c8206e,custom.jsdebugger.open.DAMP,damp,True,damp custom.jsdebugger.open.DAMP opt e10s fission stylo webrender,4768565,77,ms,firefox,,1766072910,2023-10-02T16:59:31,787.9351493198701,db33a2d0d6c36f0c15318f1c5ffaa7498a1ee4f3,1309721
autoland,4768729,12,95f51e857a45cd76f1766c14d6bed804857cd27b,windows10-64-shippable-qr,True,False,,,102210fe594ee9b33d82058545b1ed14f4c8206e,custom.jsdebugger.open.DAMP,damp,True,damp custom.jsdebugger.open.DAMP opt e10s fission stylo webrender,4768565,77,ms,firefox,,1766169677,2023-10-02T20:46:43,786.4525911003293,0435b7e1340f2ced37216f0dd2fbf09a0a8f2cad,1309872
autoland,4768729,12,95f51e857a45cd76f1766c14d6bed804857cd27b,windows10-64-shippable-qr,True,False,,,102210fe594ee9b33d82058545b1ed14f4c8206e,custom.jsdebugger.open.DAMP,damp,True,damp custom.jsdebugger.open.DAMP opt e10s fission stylo webrender,4768565,77,ms,firefox,,1766437337,2023-10-03T05:01:50,785.733424765167,53af11a26cb69e0616d9f481f988276e0a6da93e,1310080
autoland,4768729,12,95f51e857a45cd76f1766c14d6bed804857cd27b,windows10-64-shippable-qr,True,False,,,102210fe594ee9b33d82058545b1ed14f4c8206e,custom.jsdebugger.open.DAMP,damp,True,damp custom.jsdebugger.open.DAMP opt e10s fission stylo webrender,4768565,77,ms,firefox,,1768537681,2023-10-03T09:51:31,787.9897108497462,1290c81b4fd788222a335a1bbe07747b28d22ae9,1310209
autoland,4768729,12,95f51e857a45cd76f1766c14d6bed804857cd27b,windows10-64-shippable-qr,True,False,,,102210fe594ee9b33d82058545b1ed14f4c8206e,custom.jsdebugger.open.DAMP,damp,True,damp custom.jsdebugger.open.DAMP opt e10s fission stylo webrender,4768565,77,ms,firefox,,1768537381,2023-10-03T10:43:39,789.6647321027849,c4f691f4c92f4ff5cf0315d82e252631c18a40b0,1310227
autoland,4768729,12,95f51e857a45cd76f1766c14d6bed804857cd27b,windows10-64-shippable-qr,True,False,,,102210fe594ee9b33d82058545b1ed14f4c8206e,custom.jsdebugger.open.DAMP,damp,True,damp custom.jsdebugger.open.DAMP opt e10s fission stylo webrender,4768565,77,ms,firefox,,1768537991,2023-10-03T10:46:23,791.1257664649165,ac94b9a48562f6e3c137e0f343794e11f3049142,1310228
autoland,4768729,12,95f51e857a45cd76f1766c14d6bed804857cd27b,windows10-64-shippable-qr,True,False,,,102210fe594ee9b33d82058545b1ed14f4c8206e,custom.jsdebugger.open.DAMP,damp,True,damp custom.jsdebugger.open.DAMP opt e10s fission stylo webrender,4768565,77,ms,firefox,,1766730360,2023-10-03T11:04:59,778.7948388955265,f003c74ca9f9399bc6db342491d997d682efc357,1310236
autoland,4768729,12,95f51e857a45cd76f1766c14d6bed804857cd27b,windows10-64-shippable-qr,True,False,,,102210fe594ee9b33d82058545b1ed14f4c8206e,custom.jsdebugger.open.DAMP,damp,True,damp custom.jsdebugger.open.DAMP opt e10s fission stylo webrender,4768565,77,ms,firefox,,1768540467,2023-10-03T11:13:48,784.7082062293921,9f0cc52774ad00f251c4a1d4fa85276d6631ef3d,1310240
autoland,4768729,12,95f51e857a45cd76f1766c14d6bed804857cd27b,windows10-64-shippable-qr,True,False,,,102210fe594ee9b33d82058545b1ed14f4c8206e,custom.jsdebugger.open.DAMP,damp,True,damp custom.jsdebugger.open.DAMP opt e10s fission stylo webrender,4768565,77,ms,firefox,,1768541805,2023-10-03T11:38:15,785.3540568354729,b99423c5c89d54cf0bafd23a61b267e86509d090,1310250
autoland,4768729,12,95f51e857a45cd76f1766c14d6bed804857cd27b,windows10-64-shippable-qr,True,False,,,102210fe594ee9b33d82058545b1ed14f4c8206e,custom.jsdebugger.open.DAMP,damp,True,damp custom.jsdebugger.open.DAMP opt e10s fission stylo webrender,4768565,77,ms,firefox,,1768540870,2023-10-03T12:13:51,786.7968740666693,19f8af998acb4ea101628aa9b86d4869dfcfd981,1310267
autoland,4768729,12,95f51e857a45cd76f1766c14d6bed804857cd27b,windows10-64-shippable-qr,True,False,,,102210fe594ee9b33d82058545b1ed14f4c8206e,custom.jsdebugger.open.DAMP,damp,True,damp custom.jsdebugger.open.DAMP opt e10s fission stylo webrender,4768565,77,ms,firefox,,1768540935,2023-10-03T12:14:41,781.638053796938,62c9d3aabddc6a4ea8d08dbb5595feff66c3e5ac,1310268
autoland,4768729,12,95f51e857a45cd76f1766c14d6bed804857cd27b,windows10-64-shippable-qr,True,False,,,102210fe594ee9b33d82058545b1ed14f4c8206e,custom.jsdebugger.open.DAMP,damp,True,damp custom.jsdebugger.open.DAMP opt e10s fission stylo webrender,4768565,77,ms,firefox,,1766768093,2023-10-03T12:29:11,782.9591635417455,e17d7235b6833e36a524263990347804df15c7fb,1310274
autoland,4768729,12,95f51e857a45cd76f1766c14d6bed804857cd27b,windows10-64-shippable-qr,True,False,,,102210fe594ee9b33d82058545b1ed14f4c8206e,custom.jsdebugger.open.DAMP,damp,True,damp custom.jsdebugger.open.DAMP opt e10s fission stylo webrender,4768565,77,ms,firefox,,1768844077,2023-10-03T14:20:54,782.2295934963622,00fb4b07d47eef55be58d3a04d5ad0a9f728f4b7,1310342
autoland,4768729,12,95f51e857a45cd76f1766c14d6bed804857cd27b,windows10-64-shippable-qr,True,False,,,102210fe594ee9b33d82058545b1ed14f4c8206e,custom.jsdebugger.open.DAMP,damp,True,damp custom.jsdebugger.open.DAMP opt e10s fission stylo webrender,4768565,77,ms,firefox,,1768840974,2023-10-03T14:36:38,775.5945342985215,32efd6f8879a7471efe87284939626fdcae803c8,1310357
autoland,4768729,12,95f51e857a45cd76f1766c14d6bed804857cd27b,windows10-64-shippable-qr,True,False,,,102210fe594ee9b33d82058545b1ed14f4c8206e,custom.jsdebugger.open.DAMP,damp,True,damp custom.jsdebugger.open.DAMP opt e10s fission stylo webrender,4768565,77,ms,firefox,,1768844173,2023-10-03T14:38:11,775.5601536956092,6335ff8c127581fb22e0bce66bd1cd3fe7f8c9cc,1310361
autoland,4768729,12,95f51e857a45cd76f1766c14d6bed804857cd27b,windows10-64-shippable-qr,True,False,,,102210fe594ee9b33d82058545b1ed14f4c8206e,custom.jsdebugger.open.DAMP,damp,True,damp custom.jsdebugger.open.DAMP opt e10s fission stylo webrender,4768565,77,ms,firefox,,1768844695,2023-10-03T14:44:58,789.8422428023259,c52b46de616f50f777c28542f040f27990a08ed1,1310364
autoland,4768729,12,95f51e857a45cd76f1766c14d6bed804857cd27b,windows10-64-shippable-qr,True,False,,,102210fe594ee9b33d82058545b1ed14f4c8206e,custom.jsdebugger.open.DAMP,damp,True,damp custom.jsdebugger.open.DAMP opt e10s fission stylo webrender,4768565,77,ms,firefox,,1768541598,2023-10-03T15:17:19,786.2856774217216,b3b1aa7e76bca656376581afa36895bcaf2c2bca,1310382
autoland,4768729,12,95f51e857a45cd76f1766c14d6bed804857cd27b,windows10-64-shippable-qr,True,False,,,102210fe594ee9b33d82058545b1ed14f4c8206e,custom.jsdebugger.open.DAMP,damp,True,damp custom.jsdebugger.open.DAMP opt e10s fission stylo webrender,4768565,77,ms,firefox,,1768551137,2023-10-03T15:19:21,804.0994467670243,226b3a89b9be28eabc8c9c4dfebb5eac585c4a66,1310384
autoland,4768729,12,95f51e857a45cd76f1766c14d6bed804857cd27b,windows10-64-shippable-qr,True,False,,,102210fe594ee9b33d82058545b1ed14f4c8206e,custom.jsdebugger.open.DAMP,damp,True,damp custom.jsdebugger.open.DAMP opt e10s fission stylo webrender,4768565,77,ms,firefox,,1768550399,2023-10-03T15:26:59,793.430934236676,2351d7a1a27d4b280c1d59a628e915a95e8cb2e6,1310389
autoland,4768729,12,95f51e857a45cd76f1766c14d6bed804857cd27b,windows10-64-shippable-qr,True,False,,,102210fe594ee9b33d82058545b1ed14f4c8206e,custom.jsdebugger.open.DAMP,damp,True,damp custom.jsdebugger.open.DAMP opt e10s fission stylo webrender,4768565,77,ms,firefox,,1768551833,2023-10-03T15:38:29,804.4467609635612,a0acd486fa1eb88c07161ae220ea4d16d17cc629,1310395
autoland,4768729,12,95f51e857a45cd76f1766c14d6bed804857cd27b,windows10-64-shippable-qr,True,False,,,102210fe594ee9b33d82058545b1ed14f4c8206e,custom.jsdebugger.open.DAMP,damp,True,damp custom.jsdebugger.open.DAMP opt e10s fission stylo webrender,4768565,77,ms,firefox,,1768551194,2023-10-03T16:07:01,802.9436922975874,489e7952cd67fe4e1816d3452675332e76676a3e,1310412
autoland,4768729,12,95f51e857a45cd76f1766c14d6bed804857cd27b,windows10-64-shippable-qr,True,False,,,102210fe594ee9b33d82058545b1ed14f4c8206e,custom.jsdebugger.open.DAMP,damp,True,damp custom.jsdebugger.open.DAMP opt e10s fission stylo webrender,4768565,77,ms,firefox,,1768550281,2023-10-03T16:08:24,788.9007748598742,21db15048e15cf9e6583d468f53dcac567c47157,1310413
autoland,4768729,12,95f51e857a45cd76f1766c14d6bed804857cd27b,windows10-64-shippable-qr,True,False,,,102210fe594ee9b33d82058545b1ed14f4c8206e,custom.jsdebugger.open.DAMP,damp,True,damp custom.jsdebugger.open.DAMP opt e10s fission stylo webrender,4768565,77,ms,firefox,,1768549562,2023-10-03T16:11:45,816.4037033320328,0eedd9bb1aaae4d83188aa933c0cfa13a775f2aa,1310414
autoland,4768729,12,95f51e857a45cd76f1766c14d6bed804857cd27b,windows10-64-shippable-qr,True,False,,,102210fe594ee9b33d82058545b1ed14f4c8206e,custom.jsdebugger.open.DAMP,damp,True,damp custom.jsdebugger.open.DAMP opt e10s fission stylo webrender,4768565,77,ms,firefox,,1767009306,2023-10-03T16:51:48,814.4590383282921,b93578d846b3af884d0a623f8ce43e0183c8307f,1310439
autoland,4768729,12,95f51e857a45cd76f1766c14d6bed804857cd27b,windows10-64-shippable-qr,True,False,,,102210fe594ee9b33d82058545b1ed14f4c8206e,custom.jsdebugger.open.DAMP,damp,True,damp custom.jsdebugger.open.DAMP opt e10s fission stylo webrender,4768565,77,ms,firefox,,1768921094,2023-10-03T20:56:54,793.7448799869308,abf89912cf0e4ca47ac33c90a38593ca6b8eef83,1310587
autoland,4768729,12,95f51e857a45cd76f1766c14d6bed804857cd27b,windows10-64-shippable-qr,True,False,,,102210fe594ee9b33d82058545b1ed14f4c8206e,custom.jsdebugger.open.DAMP,damp,True,damp custom.jsdebugger.open.DAMP opt e10s fission stylo webrender,4768565,77,ms,firefox,,1768898734,2023-10-03T20:57:51,782.7567304095137,88ca1e591313f45ef34a62acadd6b059f8b85106,1310588
autoland,4768729,12,95f51e857a45cd76f1766c14d6bed804857cd27b,windows10-64-shippable-qr,True,False,,,102210fe594ee9b33d82058545b1ed14f4c8206e,custom.jsdebugger.open.DAMP,damp,True,damp custom.jsdebugger.open.DAMP opt e10s fission stylo webrender,4768565,77,ms,firefox,,1768953996,2023-10-03T21:16:01,779.4396536423155,01abf930014033b2a323982947a0027d248b0a4f,1310589
autoland,4768729,12,95f51e857a45cd76f1766c14d6bed804857cd27b,windows10-64-shippable-qr,True,False,,,102210fe594ee9b33d82058545b1ed14f4c8206e,custom.jsdebugger.open.DAMP,damp,True,damp custom.jsdebugger.open.DAMP opt e10s fission stylo webrender,4768565,77,ms,firefox,,1768848067,2023-10-03T21:18:10,788.449801856149,1c7289369f603f40746d9d9be3765e9d16be2480,1310590
autoland,4768729,12,95f51e857a45cd76f1766c14d6bed804857cd27b,windows10-64-shippable-qr,True,False,,,102210fe594ee9b33d82058545b1ed14f4c8206e,custom.jsdebugger.open.DAMP,damp,True,damp custom.jsdebugger.open.DAMP opt e10s fission stylo webrender,4768565,77,ms,firefox,,1768847972,2023-10-03T22:50:47,784.7630139329003,b31a7fa4370e0e22a05d16e68b4edfa9f0e11ce5,1310595
autoland,4768729,12,95f51e857a45cd76f1766c14d6bed804857cd27b,windows10-64-shippable-qr,True,False,,,102210fe594ee9b33d82058545b1ed14f4c8206e,custom.jsdebugger.open.DAMP,damp,True,damp custom.jsdebugger.open.DAMP opt e10s fission stylo webrender,4768565,77,ms,firefox,,1768848257,2023-10-03T22:51:52,792.2887457111792,4d0bd7e7cf7da2dbd99bbfef433f8ad13cff9542,1310596
autoland,4768729,12,95f51e857a45cd76f1766c14d6bed804857cd27b,windows10-64-shippable-qr,True,False,,,102210fe594ee9b33d82058545b1ed14f4c8206e,custom.jsdebugger.open.DAMP,damp,True,damp custom.jsdebugger.open.DAMP opt e10s fission stylo webrender,4768565,77,ms,firefox,,1768850011,2023-10-03T22:52:43,792.6976915646374,c4bfe39c76f01a676eda8ff972a8bbfdce99f5cd,1310597
autoland,4768729,12,95f51e857a45cd76f1766c14d6bed804857cd27b,windows10-64-shippable-qr,True,False,,,102210fe594ee9b33d82058545b1ed14f4c8206e,custom.jsdebugger.open.DAMP,damp,True,damp custom.jsdebugger.open.DAMP opt e10s fission stylo webrender,4768565,77,ms,firefox,,1768848180,2023-10-03T22:54:51,787.7423891264989,c9c8d8e2def4a1ae939e7dc3e2c1585b72b736ca,1310620
autoland,4768729,12,95f51e857a45cd76f1766c14d6bed804857cd27b,windows10-64-shippable-qr,True,False,,,102210fe594ee9b33d82058545b1ed14f4c8206e,custom.jsdebugger.open.DAMP,damp,True,damp custom.jsdebugger.open.DAMP opt e10s fission stylo webrender,4768565,77,ms,firefox,,1768551673,2023-10-03T22:55:45,793.5053857252351,4a0bbb6d1f6a24fa45c636ebf9183322d10cbb32,1310666
autoland,4768729,12,95f51e857a45cd76f1766c14d6bed804857cd27b,windows10-64-shippable-qr,True,False,,,102210fe594ee9b33d82058545b1ed14f4c8206e,custom.jsdebugger.open.DAMP,damp,True,damp custom.jsdebugger.open.DAMP opt e10s fission stylo webrender,4768565,77,ms,firefox,,1768552681,2023-10-03T22:57:02,798.2200140219866,72e7e4417cc912bd4c3fecefa3a2b3b5821c1469,1310668
autoland,4768729,12,95f51e857a45cd76f1766c14d6bed804857cd27b,windows10-64-shippable-qr,True,False,,,102210fe594ee9b33d82058545b1ed14f4c8206e,custom.jsdebugger.open.DAMP,damp,True,damp custom.jsdebugger.open.DAMP opt e10s fission stylo webrender,4768565,77,ms,firefox,,1768552769,2023-10-03T22:57:52,794.8563823668592,c0dc2122de8ea5655b1f16e11316efcfa8cf7855,1310669
autoland,4768729,12,95f51e857a45cd76f1766c14d6bed804857cd27b,windows10-64-shippable-qr,True,False,,,102210fe594ee9b33d82058545b1ed14f4c8206e,custom.jsdebugger.open.DAMP,damp,True,damp custom.jsdebugger.open.DAMP opt e10s fission stylo webrender,4768565,77,ms,firefox,,1768558490,2023-10-03T22:58:48,793.7247925376505,9447747637202157f8b7e5cddbcf492ff76ffd55,1310670
autoland,4768729,12,95f51e857a45cd76f1766c14d6bed804857cd27b,windows10-64-shippable-qr,True,False,,,102210fe594ee9b33d82058545b1ed14f4c8206e,custom.jsdebugger.open.DAMP,damp,True,damp custom.jsdebugger.open.DAMP opt e10s fission stylo webrender,4768565,77,ms,firefox,,1768557509,2023-10-03T23:41:28,799.0285310342151,a7b43c5005ce200bf3f92e037bb4d51e64b1138c,1310686
autoland,4768729,12,95f51e857a45cd76f1766c14d6bed804857cd27b,windows10-64-shippable-qr,True,False,,,102210fe594ee9b33d82058545b1ed14f4c8206e,custom.jsdebugger.open.DAMP,damp,True,damp custom.jsdebugger.open.DAMP opt e10s fission stylo webrender,4768565,77,ms,firefox,,1768552857,2023-10-03T23:43:44,791.0321569858861,f531e2c7fd23d67704884d90ff632857cc4368cf,1310687
autoland,4768729,12,95f51e857a45cd76f1766c14d6bed804857cd27b,windows10-64-shippable-qr,True,False,,,102210fe594ee9b33d82058545b1ed14f4c8206e,custom.jsdebugger.open.DAMP,damp,True,damp custom.jsdebugger.open.DAMP opt e10s fission stylo webrender,4768565,77,ms,firefox,,1768558566,2023-10-03T23:50:03,808.1738368816732,65da50253a19b9adc6a900d4b221bda30156b885,1310693
autoland,4768729,12,95f51e857a45cd76f1766c14d6bed804857cd27b,windows10-64-shippable-qr,True,False,,,102210fe594ee9b33d82058545b1ed14f4c8206e,custom.jsdebugger.open.DAMP,damp,True,damp custom.jsdebugger.open.DAMP opt e10s fission stylo webrender,4768565,77,ms,firefox,,1768557626,2023-10-03T23:51:33,789.2386309372014,d8a68b5a66872ef580ebe24332f59378cb0f825c,1310694
autoland,4768729,12,95f51e857a45cd76f1766c14d6bed804857cd27b,windows10-64-shippable-qr,True,False,,,102210fe594ee9b33d82058545b1ed14f4c8206e,custom.jsdebugger.open.DAMP,damp,True,damp custom.jsdebugger.open.DAMP opt e10s fission stylo webrender,4768565,77,ms,firefox,,1768558938,2023-10-03T23:52:38,794.235627981976,524d597c74b1e243b9d0abba587c7f45d9aeadba,1310695
autoland,4768729,12,95f51e857a45cd76f1766c14d6bed804857cd27b,windows10-64-shippable-qr,True,False,,,102210fe594ee9b33d82058545b1ed14f4c8206e,custom.jsdebugger.open.DAMP,damp,True,damp custom.jsdebugger.open.DAMP opt e10s fission stylo webrender,4768565,77,ms,firefox,,1767145787,2023-10-04T00:09:44,794.7115169640965,3fb508020251d2cb191f2d62714da25ec3f35118,1310704
autoland,4768729,12,95f51e857a45cd76f1766c14d6bed804857cd27b,windows10-64-shippable-qr,True,False,,,102210fe594ee9b33d82058545b1ed14f4c8206e,custom.jsdebugger.open.DAMP,damp,True,damp custom.jsdebugger.open.DAMP opt e10s fission stylo webrender,4768565,77,ms,firefox,,1768558170,2023-10-04T00:26:18,791.1671823074939,7be5ff494298d481ab0fc9911340f337f173504c,1310709
autoland,4768729,12,95f51e857a45cd76f1766c14d6bed804857cd27b,windows10-64-shippable-qr,True,False,,,102210fe594ee9b33d82058545b1ed14f4c8206e,custom.jsdebugger.open.DAMP,damp,True,damp custom.jsdebugger.open.DAMP opt e10s fission stylo webrender,4768565,77,ms,firefox,,1768557737,2023-10-04T00:36:23,796.4098212539393,b3cf916ed82f649ddc046ff9d26a5a685eaa558a,1310715
autoland,4768729,12,95f51e857a45cd76f1766c14d6bed804857cd27b,windows10-64-shippable-qr,True,False,,,102210fe594ee9b33d82058545b1ed14f4c8206e,custom.jsdebugger.open.DAMP,damp,True,damp custom.jsdebugger.open.DAMP opt e10s fission stylo webrender,4768565,77,ms,firefox,,1768559035,2023-10-04T00:37:34,803.6117851497693,f111d9b9295ab5098ac2f178207b8d36b22f64bc,1310717
autoland,4768729,12,95f51e857a45cd76f1766c14d6bed804857cd27b,windows10-64-shippable-qr,True,False,,,102210fe594ee9b33d82058545b1ed14f4c8206e,custom.jsdebugger.open.DAMP,damp,True,damp custom.jsdebugger.open.DAMP opt e10s fission stylo webrender,4768565,77,ms,firefox,,1768555743,2023-10-04T01:03:02,795.5827082105243,77c3d7a4bf46f3dd8622ff35e6763d02e801a0e6,1310721
autoland,4768729,12,95f51e857a45cd76f1766c14d6bed804857cd27b,windows10-64-shippable-qr,True,False,,,102210fe594ee9b33d82058545b1ed14f4c8206e,custom.jsdebugger.open.DAMP,damp,True,damp custom.jsdebugger.open.DAMP opt e10s fission stylo webrender,4768565,77,ms,firefox,,1768559119,2023-10-04T01:46:52,797.584081335488,c603b6bff0fe68d6633fba0135a1163b3cc8d8b7,1310730
autoland,4768729,12,95f51e857a45cd76f1766c14d6bed804857cd27b,windows10-64-shippable-qr,True,False,,,102210fe594ee9b33d82058545b1ed14f4c8206e,custom.jsdebugger.open.DAMP,damp,True,damp custom.jsdebugger.open.DAMP opt e10s fission stylo webrender,4768565,77,ms,firefox,,1768558671,2023-10-04T02:11:21,798.6703348653537,b02002d6856a5b5379563ba84a540c747109d893,1310734
autoland,4768729,12,95f51e857a45cd76f1766c14d6bed804857cd27b,windows10-64-shippable-qr,True,False,,,102210fe594ee9b33d82058545b1ed14f4c8206e,custom.jsdebugger.open.DAMP,damp,True,damp custom.jsdebugger.open.DAMP opt e10s fission stylo webrender,4768565,77,ms,firefox,,1768558353,2023-10-04T02:35:31,791.663950219925,f4ddbf902f18184f9cbac9a8027b7816851c4e30,1310740
autoland,4768729,12,95f51e857a45cd76f1766c14d6bed804857cd27b,windows10-64-shippable-qr,True,False,,,102210fe594ee9b33d82058545b1ed14f4c8206e,custom.jsdebugger.open.DAMP,damp,True,damp custom.jsdebugger.open.DAMP opt e10s fission stylo webrender,4768565,77,ms,firefox,,1768559577,2023-10-04T03:30:40,786.4141893559281,83a11c2bb57897add8f2a140a655ad9f002b4508,1310745
autoland,4768729,12,95f51e857a45cd76f1766c14d6bed804857cd27b,windows10-64-shippable-qr,True,False,,,102210fe594ee9b33d82058545b1ed14f4c8206e,custom.jsdebugger.open.DAMP,damp,True,damp custom.jsdebugger.open.DAMP opt e10s fission stylo webrender,4768565,77,ms,firefox,,1767317435,2023-10-04T04:52:48,792.0372982205445,413c83e8ccdad48a5ea3e58243d8ec9bb8c317fd,1310758
autoland,4768729,12,95f51e857a45cd76f1766c14d6bed804857cd27b,windows10-64-shippable-qr,True,False,,,102210fe594ee9b33d82058545b1ed14f4c8206e,custom.jsdebugger.open.DAMP,damp,True,damp custom.jsdebugger.open.DAMP opt e10s fission stylo webrender,4768565,77,ms,firefox,,1767422012,2023-10-04T07:37:17,796.3219974277017,ee60a98b1285e84f8466d929dd7197b4cb9e3beb,1310806
autoland,4768729,12,95f51e857a45cd76f1766c14d6bed804857cd27b,windows10-64-shippable-qr,True,False,,,102210fe594ee9b33d82058545b1ed14f4c8206e,custom.jsdebugger.open.DAMP,damp,True,damp custom.jsdebugger.open.DAMP opt e10s fission stylo webrender,4768565,77,ms,firefox,,1767594971,2023-10-04T11:43:59,798.1023557140143,c559095402a2380ba171d9c60662e36c8d5e948d,1310929
autoland,4768729,12,95f51e857a45cd76f1766c14d6bed804857cd27b,windows10-64-shippable-qr,True,False,,,102210fe594ee9b33d82058545b1ed14f4c8206e,custom.jsdebugger.open.DAMP,damp,True,damp custom.jsdebugger.open.DAMP opt e10s fission stylo webrender,4768565,77,ms,firefox,,1767669752,2023-10-04T13:35:26,799.6507473160891,764533656770292f05824c8125c45832ba08baa6,1311025
autoland,4768729,12,95f51e857a45cd76f1766c14d6bed804857cd27b,windows10-64-shippable-qr,True,False,,,102210fe594ee9b33d82058545b1ed14f4c8206e,custom.jsdebugger.open.DAMP,damp,True,damp custom.jsdebugger.open.DAMP opt e10s fission stylo webrender,4768565,77,ms,firefox,,1767779116,2023-10-04T16:58:39,793.404180443722,ce4c0f200f3bbd6681a6313aebf0d64f7ea8afe5,1311191
autoland,4768729,12,95f51e857a45cd76f1766c14d6bed804857cd27b,windows10-64-shippable-qr,True,False,,,102210fe594ee9b33d82058545b1ed14f4c8206e,custom.jsdebugger.open.DAMP,damp,True,damp custom.jsdebugger.open.DAMP opt e10s fission stylo webrender,4768565,77,ms,firefox,,1767917990,2023-10-04T20:54:48,794.3678245272022,e557eb7d97ce665fd81c680ed136877f12572c13,1311395
autoland,4768729,12,95f51e857a45cd76f1766c14d6bed804857cd27b,windows10-64-shippable-qr,True,False,,,102210fe594ee9b33d82058545b1ed14f4c8206e,custom.jsdebugger.open.DAMP,damp,True,damp custom.jsdebugger.open.DAMP opt e10s fission stylo webrender,4768565,77,ms,firefox,,1768030097,2023-10-05T00:01:56,782.3586916304002,59f4df7189285072039d3a68afd88090443edb71,1311536
autoland,4768729,12,95f51e857a45cd76f1766c14d6bed804857cd27b,windows10-64-shippable-qr,True,False,,,102210fe594ee9b33d82058545b1ed14f4c8206e,custom.jsdebugger.open.DAMP,damp,True,damp custom.jsdebugger.open.DAMP opt e10s fission stylo webrender,4768565,77,ms,firefox,,1768098344,2023-10-05T04:15:14,780.8794184769213,c406ccc1889d7f77e187d219bc9800009e26c02e,1311596
autoland,4768729,12,95f51e857a45cd76f1766c14d6bed804857cd27b,windows10-64-shippable-qr,True,False,,,102210fe594ee9b33d82058545b1ed14f4c8206e,custom.jsdebugger.open.DAMP,damp,True,damp custom.jsdebugger.open.DAMP opt e10s fission stylo webrender,4768565,77,ms,firefox,,1768194346,2023-10-05T08:15:44,783.209975656122,526604ee2cd434fcf94020c1c8b6b96d253a6e83,1311663
autoland,4768729,12,95f51e857a45cd76f1766c14d6bed804857cd27b,windows10-64-shippable-qr,True,False,,,102210fe594ee9b33d82058545b1ed14f4c8206e,custom.jsdebugger.open.DAMP,damp,True,damp custom.jsdebugger.open.DAMP opt e10s fission stylo webrender,4768565,77,ms,firefox,,1768214919,2023-10-05T08:43:24,808.8878557850694,352fa7471fb72db127fc25a7723d201abec7bd50,1311677
autoland,4768729,12,95f51e857a45cd76f1766c14d6bed804857cd27b,windows10-64-shippable-qr,True,False,,,102210fe594ee9b33d82058545b1ed14f4c8206e,custom.jsdebugger.open.DAMP,damp,True,damp custom.jsdebugger.open.DAMP opt e10s fission stylo webrender,4768565,77,ms,firefox,,1768508915,2023-10-05T13:03:19,788.4236963521689,071a248f1589b12a9d492997caf012ac6a813d61,1311840
autoland,4768729,12,95f51e857a45cd76f1766c14d6bed804857cd27b,windows10-64-shippable-qr,True,False,,,102210fe594ee9b33d82058545b1ed14f4c8206e,custom.jsdebugger.open.DAMP,damp,True,damp custom.jsdebugger.open.DAMP opt e10s fission stylo webrender,4768565,77,ms,firefox,,1768458265,2023-10-05T14:07:33,805.6375608468952,38a59b940c35dfab50ff2deda3fe6f27bfa99213,1311899
autoland,4768729,12,95f51e857a45cd76f1766c14d6bed804857cd27b,windows10-64-shippable-qr,True,False,,,102210fe594ee9b33d82058545b1ed14f4c8206e,custom.jsdebugger.open.DAMP,damp,True,damp custom.jsdebugger.open.DAMP opt e10s fission stylo webrender,4768565,77,ms,firefox,,1769914541,2023-10-05T16:22:31,801.4968834554602,699059262f56f3343ff23835358a6a23369a9294,1312019
autoland,4768729,12,95f51e857a45cd76f1766c14d6bed804857cd27b,windows10-64-shippable-qr,True,False,,,102210fe594ee9b33d82058545b1ed14f4c8206e,custom.jsdebugger.open.DAMP,damp,True,damp custom.jsdebugger.open.DAMP opt e10s fission stylo webrender,4768565,77,ms,firefox,,1769913841,2023-10-05T16:58:05,793.7211786912521,8738f51f60e589cefef7131c666728cf1116a09c,1312047
autoland,4768729,12,95f51e857a45cd76f1766c14d6bed804857cd27b,windows10-64-shippable-qr,True,False,,,102210fe594ee9b33d82058545b1ed14f4c8206e,custom.jsdebugger.open.DAMP,damp,True,damp custom.jsdebugger.open.DAMP opt e10s fission stylo webrender,4768565,77,ms,firefox,,1769913468,2023-10-05T17:04:12,794.2959435598314,f18a71905df15ceb4d77b3a01d2f8e84e78bdb39,1312053
autoland,4768729,12,95f51e857a45cd76f1766c14d6bed804857cd27b,windows10-64-shippable-qr,True,False,,,102210fe594ee9b33d82058545b1ed14f4c8206e,custom.jsdebugger.open.DAMP,damp,True,damp custom.jsdebugger.open.DAMP opt e10s fission stylo webrender,4768565,77,ms,firefox,,1769914797,2023-10-05T17:05:03,795.1348486001662,2a02556a26b74219019db477e7748d9d17345c8c,1312054
autoland,4768729,12,95f51e857a45cd76f1766c14d6bed804857cd27b,windows10-64-shippable-qr,True,False,,,102210fe594ee9b33d82058545b1ed14f4c8206e,custom.jsdebugger.open.DAMP,damp,True,damp custom.jsdebugger.open.DAMP opt e10s fission stylo webrender,4768565,77,ms,firefox,,1768707537,2023-10-05T17:18:24,782.4833668068022,def7651a06fb17bb344eaf48cc6daa6047be722e,1312069
autoland,4768729,12,95f51e857a45cd76f1766c14d6bed804857cd27b,windows10-64-shippable-qr,True,False,,,102210fe594ee9b33d82058545b1ed14f4c8206e,custom.jsdebugger.open.DAMP,damp,True,damp custom.jsdebugger.open.DAMP opt e10s fission stylo webrender,4768565,77,ms,firefox,,1769913247,2023-10-05T18:00:51,795.3168717340595,6495589271d55cf419d87e899a68e5d44819b478,1312098
autoland,4768729,12,95f51e857a45cd76f1766c14d6bed804857cd27b,windows10-64-shippable-qr,True,False,,,102210fe594ee9b33d82058545b1ed14f4c8206e,custom.jsdebugger.open.DAMP,damp,True,damp custom.jsdebugger.open.DAMP opt e10s fission stylo webrender,4768565,77,ms,firefox,,1769914098,2023-10-05T18:58:57,794.943002365786,4bc877dc553592d5bb47b91a072229d8b9e002b1,1312127
autoland,4768729,12,95f51e857a45cd76f1766c14d6bed804857cd27b,windows10-64-shippable-qr,True,False,,,102210fe594ee9b33d82058545b1ed14f4c8206e,custom.jsdebugger.open.DAMP,damp,True,damp custom.jsdebugger.open.DAMP opt e10s fission stylo webrender,4768565,77,ms,firefox,,1769913527,2023-10-05T19:42:47,783.7344565465828,5873383c36e2b661fe5df1eb25a0580357cb6a95,1312150
autoland,4768729,12,95f51e857a45cd76f1766c14d6bed804857cd27b,windows10-64-shippable-qr,True,False,,,102210fe594ee9b33d82058545b1ed14f4c8206e,custom.jsdebugger.open.DAMP,damp,True,damp custom.jsdebugger.open.DAMP opt e10s fission stylo webrender,4768565,77,ms,firefox,,1769913988,2023-10-05T19:43:41,782.5875478080125,5363cafbdf09c32ea5e7282997adba7595a3bf41,1312152
autoland,4768729,12,95f51e857a45cd76f1766c14d6bed804857cd27b,windows10-64-shippable-qr,True,False,,,102210fe594ee9b33d82058545b1ed14f4c8206e,custom.jsdebugger.open.DAMP,damp,True,damp custom.jsdebugger.open.DAMP opt e10s fission stylo webrender,4768565,77,ms,firefox,,1769913413,2023-10-05T19:44:33,797.8067645382253,d02ff457e856ce549cb031ddecf31924b54cdc2f,1312153
autoland,4768729,12,95f51e857a45cd76f1766c14d6bed804857cd27b,windows10-64-shippable-qr,True,False,,,102210fe594ee9b33d82058545b1ed14f4c8206e,custom.jsdebugger.open.DAMP,damp,True,damp custom.jsdebugger.open.DAMP opt e10s fission stylo webrender,4768565,77,ms,firefox,,1769913774,2023-10-05T19:45:32,786.8871064471423,2d1ac29c2ae797e20bcd28f62251c7aafad20dde,1312155
autoland,4768729,12,95f51e857a45cd76f1766c14d6bed804857cd27b,windows10-64-shippable-qr,True,False,,,102210fe594ee9b33d82058545b1ed14f4c8206e,custom.jsdebugger.open.DAMP,damp,True,damp custom.jsdebugger.open.DAMP opt e10s fission stylo webrender,4768565,77,ms,firefox,,1769914321,2023-10-05T19:46:28,786.8460737115965,774e05274ad5d190fce18ba18ea3f3b015d8cae6,1312156
autoland,4768729,12,95f51e857a45cd76f1766c14d6bed804857cd27b,windows10-64-shippable-qr,True,False,,,102210fe594ee9b33d82058545b1ed14f4c8206e,custom.jsdebugger.open.DAMP,damp,True,damp custom.jsdebugger.open.DAMP opt e10s fission stylo webrender,4768565,77,ms,firefox,,1769914265,2023-10-05T19:47:59,784.5966638108512,87ac59c5c770407e0a4975e069bf0e45abb11c70,1312158
autoland,4768729,12,95f51e857a45cd76f1766c14d6bed804857cd27b,windows10-64-shippable-qr,True,False,,,102210fe594ee9b33d82058545b1ed14f4c8206e,custom.jsdebugger.open.DAMP,damp,True,damp custom.jsdebugger.open.DAMP opt e10s fission stylo webrender,4768565,77,ms,firefox,,1768803614,2023-10-05T19:49:01,785.1434299978137,5cb270a4e6b6f0aa6cd6865b7f8daf75ad10263c,1312160
autoland,4768729,12,95f51e857a45cd76f1766c14d6bed804857cd27b,windows10-64-shippable-qr,True,False,,,102210fe594ee9b33d82058545b1ed14f4c8206e,custom.jsdebugger.open.DAMP,damp,True,damp custom.jsdebugger.open.DAMP opt e10s fission stylo webrender,4768565,77,ms,firefox,,1769914486,2023-10-05T20:25:12,792.0913134154252,b17ad761c275800ff428a8015f9a1182f2568545,1312196
autoland,4768729,12,95f51e857a45cd76f1766c14d6bed804857cd27b,windows10-64-shippable-qr,True,False,,,102210fe594ee9b33d82058545b1ed14f4c8206e,custom.jsdebugger.open.DAMP,damp,True,damp custom.jsdebugger.open.DAMP opt e10s fission stylo webrender,4768565,77,ms,firefox,,1769913171,2023-10-05T20:40:40,799.0051496968754,d879296dff4d2dbdd0a452ae5e229afffc3b2c2c,1312203
autoland,4768729,12,95f51e857a45cd76f1766c14d6bed804857cd27b,windows10-64-shippable-qr,True,False,,,102210fe594ee9b33d82058545b1ed14f4c8206e,custom.jsdebugger.open.DAMP,damp,True,damp custom.jsdebugger.open.DAMP opt e10s fission stylo webrender,4768565,77,ms,firefox,,1769914154,2023-10-05T20:47:41,788.5251183915825,a1504c56fcf74a7f0e8508be7d411b71ee5e26f3,1312205
autoland,4768729,12,95f51e857a45cd76f1766c14d6bed804857cd27b,windows10-64-shippable-qr,True,False,,,102210fe594ee9b33d82058545b1ed14f4c8206e,custom.jsdebugger.open.DAMP,damp,True,damp custom.jsdebugger.open.DAMP opt e10s fission stylo webrender,4768565,77,ms,firefox,,1769914650,2023-10-05T21:01:02,805.3073300737888,470786da6934bc78e467199d149afd68e5bf562a,1312208
autoland,4768729,12,95f51e857a45cd76f1766c14d6bed804857cd27b,windows10-64-shippable-qr,True,False,,,102210fe594ee9b33d82058545b1ed14f4c8206e,custom.jsdebugger.open.DAMP,damp,True,damp custom.jsdebugger.open.DAMP opt e10s fission stylo webrender,4768565,77,ms,firefox,,1769914043,2023-10-05T21:50:37,789.9796565507131,6b57dd41fa3e3f9293105e1cce4f0efefa4ee2f6,1312236
autoland,4768729,12,95f51e857a45cd76f1766c14d6bed804857cd27b,windows10-64-shippable-qr,True,False,,,102210fe594ee9b33d82058545b1ed14f4c8206e,custom.jsdebugger.open.DAMP,damp,True,damp custom.jsdebugger.open.DAMP opt e10s fission stylo webrender,4768565,77,ms,firefox,,1769913302,2023-10-05T22:25:29,789.1714333891068,11d33904bf9458ffc771c1659ef397b80fb15afe,1312251
autoland,4768729,12,95f51e857a45cd76f1766c14d6bed804857cd27b,windows10-64-shippable-qr,True,False,,,102210fe594ee9b33d82058545b1ed14f4c8206e,custom.jsdebugger.open.DAMP,damp,True,damp custom.jsdebugger.open.DAMP opt e10s fission stylo webrender,4768565,77,ms,firefox,,1769913582,2023-10-05T23:16:18,781.1653599855417,b6c4f2d8697163c136c87815bccfdc449df4eebe,1312274
autoland,4768729,12,95f51e857a45cd76f1766c14d6bed804857cd27b,windows10-64-shippable-qr,True,False,,,102210fe594ee9b33d82058545b1ed14f4c8206e,custom.jsdebugger.open.DAMP,damp,True,damp custom.jsdebugger.open.DAMP opt e10s fission stylo webrender,4768565,77,ms,firefox,,1769914705,2023-10-05T23:32:19,805.5329422338255,9b4780f147d21254a32a9c49c5729f60d334b863,1312282
autoland,4768729,12,95f51e857a45cd76f1766c14d6bed804857cd27b,windows10-64-shippable-qr,True,False,,,102210fe594ee9b33d82058545b1ed14f4c8206e,custom.jsdebugger.open.DAMP,damp,True,damp custom.jsdebugger.open.DAMP opt e10s fission stylo webrender,4768565,77,ms,firefox,,1769914376,2023-10-05T23:40:54,801.1257531958327,54e0ec2f1ca453575bbc7895bba5138e054f634b,1312286
autoland,4768729,12,95f51e857a45cd76f1766c14d6bed804857cd27b,windows10-64-shippable-qr,True,False,,,102210fe594ee9b33d82058545b1ed14f4c8206e,custom.jsdebugger.open.DAMP,damp,True,damp custom.jsdebugger.open.DAMP opt e10s fission stylo webrender,4768565,77,ms,firefox,,1768931918,2023-10-06T01:08:36,798.0490748670854,461a9c98a535b9896e9d394bdfee72ce90cf7afd,1312319
autoland,4768729,12,95f51e857a45cd76f1766c14d6bed804857cd27b,windows10-64-shippable-qr,True,False,,,102210fe594ee9b33d82058545b1ed14f4c8206e,custom.jsdebugger.open.DAMP,damp,True,damp custom.jsdebugger.open.DAMP opt e10s fission stylo webrender,4768565,77,ms,firefox,,1769913116,2023-10-06T01:25:45,780.6916101901734,0d3b6ffb57f5832883618dd928d1f080fece7874,1312335
autoland,4768729,12,95f51e857a45cd76f1766c14d6bed804857cd27b,windows10-64-shippable-qr,True,False,,,102210fe594ee9b33d82058545b1ed14f4c8206e,custom.jsdebugger.open.DAMP,damp,True,damp custom.jsdebugger.open.DAMP opt e10s fission stylo webrender,4768565,77,ms,firefox,,1769913730,2023-10-06T01:26:35,798.1750597760256,db3148403c077e93b022c81653195505d2819fcc,1312336
autoland,4768729,12,95f51e857a45cd76f1766c14d6bed804857cd27b,windows10-64-shippable-qr,True,False,,,102210fe594ee9b33d82058545b1ed14f4c8206e,custom.jsdebugger.open.DAMP,damp,True,damp custom.jsdebugger.open.DAMP opt e10s fission stylo webrender,4768565,77,ms,firefox,,1769913358,2023-10-06T01:33:18,785.6797866254929,c06f8d8a7bdc5622f63413083443f19d02e09f1c,1312339
autoland,4768729,12,95f51e857a45cd76f1766c14d6bed804857cd27b,windows10-64-shippable-qr,True,False,,,102210fe594ee9b33d82058545b1ed14f4c8206e,custom.jsdebugger.open.DAMP,damp,True,damp custom.jsdebugger.open.DAMP opt e10s fission stylo webrender,4768565,77,ms,firefox,,1769912843,2023-10-06T01:41:33,781.7076954531949,51be9530545664d5450393a14b45a07eb984646a,1312341
autoland,4768729,12,95f51e857a45cd76f1766c14d6bed804857cd27b,windows10-64-shippable-qr,True,False,,,102210fe594ee9b33d82058545b1ed14f4c8206e,custom.jsdebugger.open.DAMP,damp,True,damp custom.jsdebugger.open.DAMP opt e10s fission stylo webrender,4768565,77,ms,firefox,,1769914210,2023-10-06T02:13:48,818.03862872631,3c31eb085c483d14083e6287af8fac4e49eddb95,1312348
autoland,4768729,12,95f51e857a45cd76f1766c14d6bed804857cd27b,windows10-64-shippable-qr,True,False,,,102210fe594ee9b33d82058545b1ed14f4c8206e,custom.jsdebugger.open.DAMP,damp,True,damp custom.jsdebugger.open.DAMP opt e10s fission stylo webrender,4768565,77,ms,firefox,,1769914431,2023-10-06T02:49:56,782.8071959954923,29d9ef63aed05c1a552026a0d6f396d4036692ad,1312355
autoland,4768729,12,95f51e857a45cd76f1766c14d6bed804857cd27b,windows10-64-shippable-qr,True,False,,,102210fe594ee9b33d82058545b1ed14f4c8206e,custom.jsdebugger.open.DAMP,damp,True,damp custom.jsdebugger.open.DAMP opt e10s fission stylo webrender,4768565,77,ms,firefox,,1769913638,2023-10-06T03:56:08,797.840040823532,124fe9b28a55a1a17a379f73bf49e0c6a1337d2f,1312366
autoland,4768729,12,95f51e857a45cd76f1766c14d6bed804857cd27b,windows10-64-shippable-qr,True,False,,,102210fe594ee9b33d82058545b1ed14f4c8206e,custom.jsdebugger.open.DAMP,damp,True,damp custom.jsdebugger.open.DAMP opt e10s fission stylo webrender,4768565,77,ms,firefox,,1769912898,2023-10-06T04:00:13,788.0500025429355,f9fc3ecfa2a702acf3db55cd4249b4ab71bddc5f,1312367
autoland,4768729,12,95f51e857a45cd76f1766c14d6bed804857cd27b,windows10-64-shippable-qr,True,False,,,102210fe594ee9b33d82058545b1ed14f4c8206e,custom.jsdebugger.open.DAMP,damp,True,damp custom.jsdebugger.open.DAMP opt e10s fission stylo webrender,4768565,77,ms,firefox,,1769913933,2023-10-06T04:01:09,788.6072354561093,708b3c93b4fd7bd117c40a602bda5d0fc656ca22,1312368
autoland,4768729,12,95f51e857a45cd76f1766c14d6bed804857cd27b,windows10-64-shippable-qr,True,False,,,102210fe594ee9b33d82058545b1ed14f4c8206e,custom.jsdebugger.open.DAMP,damp,True,damp custom.jsdebugger.open.DAMP opt e10s fission stylo webrender,4768565,77,ms,firefox,,1769051960,2023-10-06T04:02:35,794.8530608942747,055e1badb79853e71fe9123f8e0c60a4381a1239,1312369
autoland,4768729,12,95f51e857a45cd76f1766c14d6bed804857cd27b,windows10-64-shippable-qr,True,False,,,102210fe594ee9b33d82058545b1ed14f4c8206e,custom.jsdebugger.open.DAMP,damp,True,damp custom.jsdebugger.open.DAMP opt e10s fission stylo webrender,4768565,77,ms,firefox,,1769233348,2023-10-06T08:43:18,803.2204464163078,00b027478170756439b780282f9cfdf15edea985,1312452
autoland,4768729,12,95f51e857a45cd76f1766c14d6bed804857cd27b,windows10-64-shippable-qr,True,False,,,102210fe594ee9b33d82058545b1ed14f4c8206e,custom.jsdebugger.open.DAMP,damp,True,damp custom.jsdebugger.open.DAMP opt e10s fission stylo webrender,4768565,77,ms,firefox,,1769256218,2023-10-06T12:06:22,801.8212178225222,9b362770f30bc360df921ba24ace5de8c387e631,1312537
autoland,4768729,12,95f51e857a45cd76f1766c14d6bed804857cd27b,windows10-64-shippable-qr,True,False,,,102210fe594ee9b33d82058545b1ed14f4c8206e,custom.jsdebugger.open.DAMP,damp,True,damp custom.jsdebugger.open.DAMP opt e10s fission stylo webrender,4768565,77,ms,firefox,,1769434821,2023-10-06T19:00:40,799.3416696135246,c561ffa6099b97fd965811d77fd98de66c44d32b,1312844
autoland,4768729,12,95f51e857a45cd76f1766c14d6bed804857cd27b,windows10-64-shippable-qr,True,False,,,102210fe594ee9b33d82058545b1ed14f4c8206e,custom.jsdebugger.open.DAMP,damp,True,damp custom.jsdebugger.open.DAMP opt e10s fission stylo webrender,4768565,77,ms,firefox,,1769544493,2023-10-06T23:09:23,787.4332395008423,1d25ed23e85a3a9d0d9117997337757d0ff718a2,1312997
autoland,4768729,12,95f51e857a45cd76f1766c14d6bed804857cd27b,windows10-64-shippable-qr,True,False,,,102210fe594ee9b33d82058545b1ed14f4c8206e,custom.jsdebugger.open.DAMP,damp,True,damp custom.jsdebugger.open.DAMP opt e10s fission stylo webrender,4768565,77,ms,firefox,,1769611377,2023-10-07T03:35:30,788.1400160836129,4db29be9ee2947a3d67a996fefc3ff1cb94a6fcc,1313062
autoland,4768729,12,95f51e857a45cd76f1766c14d6bed804857cd27b,windows10-64-shippable-qr,True,False,,,102210fe594ee9b33d82058545b1ed14f4c8206e,custom.jsdebugger.open.DAMP,damp,True,damp custom.jsdebugger.open.DAMP opt e10s fission stylo webrender,4768565,77,ms,firefox,,1769646960,2023-10-07T06:02:53,784.7667211320177,c4c56469518a5ccc9349ed7d29a0d56eba776df6,1313071
autoland,4768729,12,95f51e857a45cd76f1766c14d6bed804857cd27b,windows10-64-shippable-qr,True,False,,,102210fe594ee9b33d82058545b1ed14f4c8206e,custom.jsdebugger.open.DAMP,damp,True,damp custom.jsdebugger.open.DAMP opt e10s fission stylo webrender,4768565,77,ms,firefox,,1769773545,2023-10-07T13:52:35,808.9094902694487,ef73c2e8cd831f2a46ff5704623db63232fd912d,1313122
autoland,4768729,12,95f51e857a45cd76f1766c14d6bed804857cd27b,windows10-64-shippable-qr,True,False,,,102210fe594ee9b33d82058545b1ed14f4c8206e,custom.jsdebugger.open.DAMP,damp,True,damp custom.jsdebugger.open.DAMP opt e10s fission stylo webrender,4768565,77,ms,firefox,,1769820969,2023-10-07T18:43:49,781.9843894586738,8db232d0f8c742a85eb803c996ef87edac9d5c81,1313149
autoland,4768729,12,95f51e857a45cd76f1766c14d6bed804857cd27b,windows10-64-shippable-qr,True,False,,,102210fe594ee9b33d82058545b1ed14f4c8206e,custom.jsdebugger.open.DAMP,damp,True,damp custom.jsdebugger.open.DAMP opt e10s fission stylo webrender,4768565,77,ms,firefox,,1769887330,2023-10-07T23:15:17,799.450282197562,fba49989dde6aa32244c622fd43abe19a32128ae,1313184
autoland,4768729,12,95f51e857a45cd76f1766c14d6bed804857cd27b,windows10-64-shippable-qr,True,False,,,102210fe594ee9b33d82058545b1ed14f4c8206e,custom.jsdebugger.open.DAMP,damp,True,damp custom.jsdebugger.open.DAMP opt e10s fission stylo webrender,4768565,77,ms,firefox,,1771527745,2023-10-08T01:08:29,805.4650926635222,8d59db268cc8a724b5fe286d87958611ed555937,1313196
autoland,4768729,12,95f51e857a45cd76f1766c14d6bed804857cd27b,windows10-64-shippable-qr,True,False,,,102210fe594ee9b33d82058545b1ed14f4c8206e,custom.jsdebugger.open.DAMP,damp,True,damp custom.jsdebugger.open.DAMP opt e10s fission stylo webrender,4768565,77,ms,firefox,,1771526925,2023-10-08T07:00:09,807.2203227031932,1c844cefd248eff7756c49eca1e6ea1039ae6b5c,1313203
autoland,4768729,12,95f51e857a45cd76f1766c14d6bed804857cd27b,windows10-64-shippable-qr,True,False,,,102210fe594ee9b33d82058545b1ed14f4c8206e,custom.jsdebugger.open.DAMP,damp,True,damp custom.jsdebugger.open.DAMP opt e10s fission stylo webrender,4768565,77,ms,firefox,,1769975877,2023-10-08T08:55:12,781.9385981559608,68e866f36130edd1c8de093ac6d8a0fb78006527,1313211
autoland,4768729,12,95f51e857a45cd76f1766c14d6bed804857cd27b,windows10-64-shippable-qr,True,False,,,102210fe594ee9b33d82058545b1ed14f4c8206e,custom.jsdebugger.open.DAMP,damp,True,damp custom.jsdebugger.open.DAMP opt e10s fission stylo webrender,4768565,77,ms,firefox,,1771526024,2023-10-08T11:59:31,811.4402440673002,57fec34232bdfb0fa69afa78623418eb7faa1bf7,1313225
autoland,4768729,12,95f51e857a45cd76f1766c14d6bed804857cd27b,windows10-64-shippable-qr,True,False,,,102210fe594ee9b33d82058545b1ed14f4c8206e,custom.jsdebugger.open.DAMP,damp,True,damp custom.jsdebugger.open.DAMP opt e10s fission stylo webrender,4768565,77,ms,firefox,,1771523086,2023-10-08T19:00:04,790.00434176813,c88c7331cd4aaca79ec56c7008d22d3939b421b4,1313244
autoland,4768729,12,95f51e857a45cd76f1766c14d6bed804857cd27b,windows10-64-shippable-qr,True,False,,,102210fe594ee9b33d82058545b1ed14f4c8206e,custom.jsdebugger.open.DAMP,damp,True,damp custom.jsdebugger.open.DAMP opt e10s fission stylo webrender,4768565,77,ms,firefox,,1771528142,2023-10-08T19:00:04,793.4076826742094,c88c7331cd4aaca79ec56c7008d22d3939b421b4,1313244
autoland,4768729,12,95f51e857a45cd76f1766c14d6bed804857cd27b,windows10-64-shippable-qr,True,False,,,102210fe594ee9b33d82058545b1ed14f4c8206e,custom.jsdebugger.open.DAMP,damp,True,damp custom.jsdebugger.open.DAMP opt e10s fission stylo webrender,4768565,77,ms,firefox,,1771526868,2023-10-08T21:16:29,802.1281439770391,b7c0f05cc3d92aa8af4411965dd48927a8330ff1,1313270
autoland,4768729,12,95f51e857a45cd76f1766c14d6bed804857cd27b,windows10-64-shippable-qr,True,False,,,102210fe594ee9b33d82058545b1ed14f4c8206e,custom.jsdebugger.open.DAMP,damp,True,damp custom.jsdebugger.open.DAMP opt e10s fission stylo webrender,4768565,77,ms,firefox,,1771528778,2023-10-08T21:20:33,803.4999679146131,3203468939abba2f75ed2c29203b6caa1b50e9ad,1313271
autoland,4768729,12,95f51e857a45cd76f1766c14d6bed804857cd27b,windows10-64-shippable-qr,True,False,,,102210fe594ee9b33d82058545b1ed14f4c8206e,custom.jsdebugger.open.DAMP,damp,True,damp custom.jsdebugger.open.DAMP opt e10s fission stylo webrender,4768565,77,ms,firefox,,1771530117,2023-10-08T21:20:33,800.0963925497854,3203468939abba2f75ed2c29203b6caa1b50e9ad,1313271
autoland,4768729,12,95f51e857a45cd76f1766c14d6bed804857cd27b,windows10-64-shippable-qr,True,False,,,102210fe594ee9b33d82058545b1ed14f4c8206e,custom.jsdebugger.open.DAMP,damp,True,damp custom.jsdebugger.open.DAMP opt e10s fission stylo webrender,4768565,77,ms,firefox,,1771526123,2023-10-08T22:36:23,797.1089091337344,3a98254684991369d42f710c75961ed0ae5d14fd,1313286
autoland,4768729,12,95f51e857a45cd76f1766c14d6bed804857cd27b,windows10-64-shippable-qr,True,False,,,102210fe594ee9b33d82058545b1ed14f4c8206e,custom.jsdebugger.open.DAMP,damp,True,damp custom.jsdebugger.open.DAMP opt e10s fission stylo webrender,4768565,77,ms,firefox,,1771526406,2023-10-08T22:36:23,787.4787135673178,3a98254684991369d42f710c75961ed0ae5d14fd,1313286
autoland,4768729,12,95f51e857a45cd76f1766c14d6bed804857cd27b,windows10-64-shippable-qr,True,False,,,102210fe594ee9b33d82058545b1ed14f4c8206e,custom.jsdebugger.open.DAMP,damp,True,damp custom.jsdebugger.open.DAMP opt e10s fission stylo webrender,4768565,77,ms,firefox,,1770212157,2023-10-08T23:28:16,783.8591906589427,38314c6dc43eed509bfa7c922dbbc4147ac2ce34,1313289
autoland,4768729,12,95f51e857a45cd76f1766c14d6bed804857cd27b,windows10-64-shippable-qr,True,False,,,102210fe594ee9b33d82058545b1ed14f4c8206e,custom.jsdebugger.open.DAMP,damp,True,damp custom.jsdebugger.open.DAMP opt e10s fission stylo webrender,4768565,77,ms,firefox,,1771524128,2023-10-08T23:29:49,790.7058703861985,d63b657f832f3b72b5593098c0c95c33d7e8cb1b,1313290
autoland,4768729,12,95f51e857a45cd76f1766c14d6bed804857cd27b,windows10-64-shippable-qr,True,False,,,102210fe594ee9b33d82058545b1ed14f4c8206e,custom.jsdebugger.open.DAMP,damp,True,damp custom.jsdebugger.open.DAMP opt e10s fission stylo webrender,4768565,77,ms,firefox,,1771551941,2023-10-09T00:04:25,788.1486738012463,4c4f85a8042e8b54c353b4e46d81584152e994a8,1313301
autoland,4768729,12,95f51e857a45cd76f1766c14d6bed804857cd27b,windows10-64-shippable-qr,True,False,,,102210fe594ee9b33d82058545b1ed14f4c8206e,custom.jsdebugger.open.DAMP,damp,True,damp custom.jsdebugger.open.DAMP opt e10s fission stylo webrender,4768565,77,ms,firefox,,1771527685,2023-10-09T00:57:48,804.2409664380393,311a5e3ecc9f430c0ac761078fc567758af08ab5,1313303
autoland,4768729,12,95f51e857a45cd76f1766c14d6bed804857cd27b,windows10-64-shippable-qr,True,False,,,102210fe594ee9b33d82058545b1ed14f4c8206e,custom.jsdebugger.open.DAMP,damp,True,damp custom.jsdebugger.open.DAMP opt e10s fission stylo webrender,4768565,77,ms,firefox,,1770278287,2023-10-09T04:48:12,783.7582760490914,d5fd5e481ff21f14c9771aa58f8fb378a8430cdf,1313332
autoland,4768729,12,95f51e857a45cd76f1766c14d6bed804857cd27b,windows10-64-shippable-qr,True,False,,,102210fe594ee9b33d82058545b1ed14f4c8206e,custom.jsdebugger.open.DAMP,damp,True,damp custom.jsdebugger.open.DAMP opt e10s fission stylo webrender,4768565,77,ms,firefox,,1771531749,2023-10-09T06:04:52,802.55771612229,190f9fe5328960c74ba6e2785a61fd5dd14517a0,1313346
autoland,4768729,12,95f51e857a45cd76f1766c14d6bed804857cd27b,windows10-64-shippable-qr,True,False,,,102210fe594ee9b33d82058545b1ed14f4c8206e,custom.jsdebugger.open.DAMP,damp,True,damp custom.jsdebugger.open.DAMP opt e10s fission stylo webrender,4768565,77,ms,firefox,,1771527381,2023-10-09T07:04:44,811.4933438281878,9ba7c116736cd97cb750fd5ed75fd6cad7cdc504,1313351
autoland,4768729,12,95f51e857a45cd76f1766c14d6bed804857cd27b,windows10-64-shippable-qr,True,False,,,102210fe594ee9b33d82058545b1ed14f4c8206e,custom.jsdebugger.open.DAMP,damp,True,damp custom.jsdebugger.open.DAMP opt e10s fission stylo webrender,4768565,77,ms,firefox,,1771525182,2023-10-09T07:31:07,800.4326747979158,50a46d58cabef18cc6a235b4d28bda6bed8e539f,1313361
autoland,4768729,12,95f51e857a45cd76f1766c14d6bed804857cd27b,windows10-64-shippable-qr,True,False,,,102210fe594ee9b33d82058545b1ed14f4c8206e,custom.jsdebugger.open.DAMP,damp,True,damp custom.jsdebugger.open.DAMP opt e10s fission stylo webrender,4768565,77,ms,firefox,,1771527533,2023-10-09T07:40:34,794.6132129472971,5d20fede7a23851e93bea3e8a145ddc2f55b114d,1313364
autoland,4768729,12,95f51e857a45cd76f1766c14d6bed804857cd27b,windows10-64-shippable-qr,True,False,,,102210fe594ee9b33d82058545b1ed14f4c8206e,custom.jsdebugger.open.DAMP,damp,True,damp custom.jsdebugger.open.DAMP opt e10s fission stylo webrender,4768565,77,ms,firefox,,1771526791,2023-10-09T07:45:02,792.9786793214807,027cbc1f637833b17564b223599c70a2aa8bf218,1313367
autoland,4768729,12,95f51e857a45cd76f1766c14d6bed804857cd27b,windows10-64-shippable-qr,True,False,,,102210fe594ee9b33d82058545b1ed14f4c8206e,custom.jsdebugger.open.DAMP,damp,True,damp custom.jsdebugger.open.DAMP opt e10s fission stylo webrender,4768565,77,ms,firefox,,1771527477,2023-10-09T08:28:44,804.3863002569997,79ccf1ffdd9fd84d563616dad982ece66ec03f51,1313396
autoland,4768729,12,95f51e857a45cd76f1766c14d6bed804857cd27b,windows10-64-shippable-qr,True,False,,,102210fe594ee9b33d82058545b1ed14f4c8206e,custom.jsdebugger.open.DAMP,damp,True,damp custom.jsdebugger.open.DAMP opt e10s fission stylo webrender,4768565,77,ms,firefox,,1770346135,2023-10-09T08:48:33,784.5215469749091,77c18c08c9ff87c6ff0e5b546ac609296d5e04db,1313413
autoland,4768729,12,95f51e857a45cd76f1766c14d6bed804857cd27b,windows10-64-shippable-qr,True,False,,,102210fe594ee9b33d82058545b1ed14f4c8206e,custom.jsdebugger.open.DAMP,damp,True,damp custom.jsdebugger.open.DAMP opt e10s fission stylo webrender,4768565,77,ms,firefox,,1771526269,2023-10-09T09:37:30,803.3257170397846,e4103f64f4ccbd9ad95f67715b7c41199635e22a,1313444
autoland,4768729,12,95f51e857a45cd76f1766c14d6bed804857cd27b,windows10-64-shippable-qr,True,False,,,102210fe594ee9b33d82058545b1ed14f4c8206e,custom.jsdebugger.open.DAMP,damp,True,damp custom.jsdebugger.open.DAMP opt e10s fission stylo webrender,4768565,77,ms,firefox,,1771525669,2023-10-09T09:43:02,817.5590088634199,fcbfc74ff0302d7a2d46fce98a185617209ed6b4,1313448
autoland,4768729,12,95f51e857a45cd76f1766c14d6bed804857cd27b,windows10-64-shippable-qr,True,False,,,102210fe594ee9b33d82058545b1ed14f4c8206e,custom.jsdebugger.open.DAMP,damp,True,damp custom.jsdebugger.open.DAMP opt e10s fission stylo webrender,4768565,77,ms,firefox,,1770492663,2023-10-09T11:45:29,792.378261697675,70c980c054e9a0693d3bee343b1235d47894163d,1313495
autoland,4768729,12,95f51e857a45cd76f1766c14d6bed804857cd27b,windows10-64-shippable-qr,True,False,,,102210fe594ee9b33d82058545b1ed14f4c8206e,custom.jsdebugger.open.DAMP,damp,True,damp custom.jsdebugger.open.DAMP opt e10s fission stylo webrender,4768565,77,ms,firefox,,1772026569,2023-10-09T12:30:49,807.5133307801734,c7785267839d7e64b43ef394a291b28945cc99c5,1313519
autoland,4768729,12,95f51e857a45cd76f1766c14d6bed804857cd27b,windows10-64-shippable-qr,True,False,,,102210fe594ee9b33d82058545b1ed14f4c8206e,custom.jsdebugger.open.DAMP,damp,True,damp custom.jsdebugger.open.DAMP opt e10s fission stylo webrender,4768565,77,ms,firefox,,1772024684,2023-10-09T12:34:00,794.7588221941915,31d0427deeca3fd69dc3021a81c2e88c4520089c,1313521
autoland,4768729,12,95f51e857a45cd76f1766c14d6bed804857cd27b,windows10-64-shippable-qr,True,False,,,102210fe594ee9b33d82058545b1ed14f4c8206e,custom.jsdebugger.open.DAMP,damp,True,damp custom.jsdebugger.open.DAMP opt e10s fission stylo webrender,4768565,77,ms,firefox,,1772024962,2023-10-09T12:34:00,798.2482429010561,31d0427deeca3fd69dc3021a81c2e88c4520089c,1313521
autoland,4768729,12,95f51e857a45cd76f1766c14d6bed804857cd27b,windows10-64-shippable-qr,True,False,,,102210fe594ee9b33d82058545b1ed14f4c8206e,custom.jsdebugger.open.DAMP,damp,True,damp custom.jsdebugger.open.DAMP opt e10s fission stylo webrender,4768565,77,ms,firefox,,1772028257,2023-10-09T12:35:01,814.7068461168528,56d67c43bc00cfa69cb2c66033a60ec2e6d1d7d0,1313523
autoland,4768729,12,95f51e857a45cd76f1766c14d6bed804857cd27b,windows10-64-shippable-qr,True,False,,,102210fe594ee9b33d82058545b1ed14f4c8206e,custom.jsdebugger.open.DAMP,damp,True,damp custom.jsdebugger.open.DAMP opt e10s fission stylo webrender,4768565,77,ms,firefox,,1772025760,2023-10-09T12:35:01,843.965818850832,56d67c43bc00cfa69cb2c66033a60ec2e6d1d7d0,1313523
autoland,4768729,12,95f51e857a45cd76f1766c14d6bed804857cd27b,windows10-64-shippable-qr,True,False,,,102210fe594ee9b33d82058545b1ed14f4c8206e,custom.jsdebugger.open.DAMP,damp,True,damp custom.jsdebugger.open.DAMP opt e10s fission stylo webrender,4768565,77,ms,firefox,,1772034374,2023-10-09T12:40:59,795.3160962599213,ef9afa108051637613b451337a6041f47591090d,1313530
autoland,4768729,12,95f51e857a45cd76f1766c14d6bed804857cd27b,windows10-64-shippable-qr,True,False,,,102210fe594ee9b33d82058545b1ed14f4c8206e,custom.jsdebugger.open.DAMP,damp,True,damp custom.jsdebugger.open.DAMP opt e10s fission stylo webrender,4768565,77,ms,firefox,,1772034589,2023-10-09T12:40:59,789.5165394575743,ef9afa108051637613b451337a6041f47591090d,1313530
autoland,4768729,12,95f51e857a45cd76f1766c14d6bed804857cd27b,windows10-64-shippable-qr,True,False,,,102210fe594ee9b33d82058545b1ed14f4c8206e,custom.jsdebugger.open.DAMP,damp,True,damp custom.jsdebugger.open.DAMP opt e10s fission stylo webrender,4768565,77,ms,firefox,,1772033256,2023-10-09T13:01:47,800.1204225438851,6aa27a24c85db3468ca78a090f9a4c6235023980,1313545
autoland,4768729,12,95f51e857a45cd76f1766c14d6bed804857cd27b,windows10-64-shippable-qr,True,False,,,102210fe594ee9b33d82058545b1ed14f4c8206e,custom.jsdebugger.open.DAMP,damp,True,damp custom.jsdebugger.open.DAMP opt e10s fission stylo webrender,4768565,77,ms,firefox,,1772033106,2023-10-09T13:01:47,807.2949306616501,6aa27a24c85db3468ca78a090f9a4c6235023980,1313545
autoland,4768729,12,95f51e857a45cd76f1766c14d6bed804857cd27b,windows10-64-shippable-qr,True,False,,,102210fe594ee9b33d82058545b1ed14f4c8206e,custom.jsdebugger.open.DAMP,damp,True,damp custom.jsdebugger.open.DAMP opt e10s fission stylo webrender,4768565,77,ms,firefox,,1772033912,2023-10-09T13:01:47,807.1696615207329,6aa27a24c85db3468ca78a090f9a4c6235023980,1313545
autoland,4768729,12,95f51e857a45cd76f1766c14d6bed804857cd27b,windows10-64-shippable-qr,True,False,,,102210fe594ee9b33d82058545b1ed14f4c8206e,custom.jsdebugger.open.DAMP,damp,True,damp custom.jsdebugger.open.DAMP opt e10s fission stylo webrender,4768565,77,ms,firefox,,1771752445,2023-10-09T13:09:55,789.7410026070866,c406e2e8f277904cae0b900349bbb955fc5b93d5,1313556
autoland,4768729,12,95f51e857a45cd76f1766c14d6bed804857cd27b,windows10-64-shippable-qr,True,False,,,102210fe594ee9b33d82058545b1ed14f4c8206e,custom.jsdebugger.open.DAMP,damp,True,damp custom.jsdebugger.open.DAMP opt e10s fission stylo webrender,4768565,77,ms,firefox,,1771746702,2023-10-09T13:46:51,795.7017563321278,9dfc3bfb794338cfb6f856c1fb64dbd4fdb9f391,1313579
autoland,4768729,12,95f51e857a45cd76f1766c14d6bed804857cd27b,windows10-64-shippable-qr,True,False,,,102210fe594ee9b33d82058545b1ed14f4c8206e,custom.jsdebugger.open.DAMP,damp,True,damp custom.jsdebugger.open.DAMP opt e10s fission stylo webrender,4768565,77,ms,firefox,,1771775574,2023-10-09T13:48:00,782.1527192296862,a063766cd8ad2d8b17915b868effae045e9f3113,1313581
autoland,4768729,12,95f51e857a45cd76f1766c14d6bed804857cd27b,windows10-64-shippable-qr,True,False,,,102210fe594ee9b33d82058545b1ed14f4c8206e,custom.jsdebugger.open.DAMP,damp,True,damp custom.jsdebugger.open.DAMP opt e10s fission stylo webrender,4768565,77,ms,firefox,,1771810695,2023-10-09T13:52:34,810.3460399066098,3434fa6079000d462c2d7ebd4c6d383c3309778a,1313584
autoland,4768729,12,95f51e857a45cd76f1766c14d6bed804857cd27b,windows10-64-shippable-qr,True,False,,,102210fe594ee9b33d82058545b1ed14f4c8206e,custom.jsdebugger.open.DAMP,damp,True,damp custom.jsdebugger.open.DAMP opt e10s fission stylo webrender,4768565,77,ms,firefox,,1771804803,2023-10-09T13:53:34,788.9961586326972,a8efc421b915abecc90ceba8bb91f459a3ac6cd8,1313585
autoland,4768729,12,95f51e857a45cd76f1766c14d6bed804857cd27b,windows10-64-shippable-qr,True,False,,,102210fe594ee9b33d82058545b1ed14f4c8206e,custom.jsdebugger.open.DAMP,damp,True,damp custom.jsdebugger.open.DAMP opt e10s fission stylo webrender,4768565,77,ms,firefox,,1771742313,2023-10-09T14:16:12,792.0849987541415,8822469d696ebb06350b6999fa35dbb4f58dbc69,1313604
autoland,4768729,12,95f51e857a45cd76f1766c14d6bed804857cd27b,windows10-64-shippable-qr,True,False,,,102210fe594ee9b33d82058545b1ed14f4c8206e,custom.jsdebugger.open.DAMP,damp,True,damp custom.jsdebugger.open.DAMP opt e10s fission stylo webrender,4768565,77,ms,firefox,,1771833802,2023-10-09T14:43:48,782.9669626372561,8d5a73a0659ce01315ca6a77db72aeb962a93feb,1313608
autoland,4768729,12,95f51e857a45cd76f1766c14d6bed804857cd27b,windows10-64-shippable-qr,True,False,,,102210fe594ee9b33d82058545b1ed14f4c8206e,custom.jsdebugger.open.DAMP,damp,True,damp custom.jsdebugger.open.DAMP opt e10s fission stylo webrender,4768565,77,ms,firefox,,1771749150,2023-10-09T15:16:42,785.814052554415,9fb6caba78f33bd3073479fd6457a7d18b06d20b,1313619
autoland,4768729,12,95f51e857a45cd76f1766c14d6bed804857cd27b,windows10-64-shippable-qr,True,False,,,102210fe594ee9b33d82058545b1ed14f4c8206e,custom.jsdebugger.open.DAMP,damp,True,damp custom.jsdebugger.open.DAMP opt e10s fission stylo webrender,4768565,77,ms,firefox,,1770645595,2023-10-09T16:17:23,792.3262372324298,86e82f01df51429edbb4cfa27823d4d71e7844ab,1313678
autoland,4768729,12,95f51e857a45cd76f1766c14d6bed804857cd27b,windows10-64-shippable-qr,True,False,,,102210fe594ee9b33d82058545b1ed14f4c8206e,custom.jsdebugger.open.DAMP,damp,True,damp custom.jsdebugger.open.DAMP opt e10s fission stylo webrender,4768565,77,ms,firefox,,1770622398,2023-10-09T16:47:54,805.9197108769731,9591bcc532c4599dba688d3555c6a0135139c39a,1313694
autoland,4768729,12,95f51e857a45cd76f1766c14d6bed804857cd27b,windows10-64-shippable-qr,True,False,,,102210fe594ee9b33d82058545b1ed14f4c8206e,custom.jsdebugger.open.DAMP,damp,True,damp custom.jsdebugger.open.DAMP opt e10s fission stylo webrender,4768565,77,ms,firefox,,1771790626,2023-10-09T18:05:00,803.3459592727277,6404412771ea15ef1c719a515dd1369360fb8d4d,1313728
autoland,4768729,12,95f51e857a45cd76f1766c14d6bed804857cd27b,windows10-64-shippable-qr,True,False,,,102210fe594ee9b33d82058545b1ed14f4c8206e,custom.jsdebugger.open.DAMP,damp,True,damp custom.jsdebugger.open.DAMP opt e10s fission stylo webrender,4768565,77,ms,firefox,,1771790229,2023-10-09T18:15:23,793.0218873061385,de4179479044d995c6106c7743fda5fbdd9920a4,1313738
autoland,4768729,12,95f51e857a45cd76f1766c14d6bed804857cd27b,windows10-64-shippable-qr,True,False,,,102210fe594ee9b33d82058545b1ed14f4c8206e,custom.jsdebugger.open.DAMP,damp,True,damp custom.jsdebugger.open.DAMP opt e10s fission stylo webrender,4768565,77,ms,firefox,,1771814779,2023-10-09T18:25:39,786.5020826442633,edb416a08b6e0d56cde05b82b45f5aa7625a80df,1313748
autoland,4768729,12,95f51e857a45cd76f1766c14d6bed804857cd27b,windows10-64-shippable-qr,True,False,,,102210fe594ee9b33d82058545b1ed14f4c8206e,custom.jsdebugger.open.DAMP,damp,True,damp custom.jsdebugger.open.DAMP opt e10s fission stylo webrender,4768565,77,ms,firefox,,1771789642,2023-10-09T18:52:20,789.1701667585348,bcfcd8b5719248860bc26a6fce935b516ecb042e,1313761
autoland,4768729,12,95f51e857a45cd76f1766c14d6bed804857cd27b,windows10-64-shippable-qr,True,False,,,102210fe594ee9b33d82058545b1ed14f4c8206e,custom.jsdebugger.open.DAMP,damp,True,damp custom.jsdebugger.open.DAMP opt e10s fission stylo webrender,4768565,77,ms,firefox,,1771809922,2023-10-09T18:55:44,787.1060496626887,fa96537be56b229d6ebdd460f69763c31a50b628,1313763
autoland,4768729,12,95f51e857a45cd76f1766c14d6bed804857cd27b,windows10-64-shippable-qr,True,False,,,102210fe594ee9b33d82058545b1ed14f4c8206e,custom.jsdebugger.open.DAMP,damp,True,damp custom.jsdebugger.open.DAMP opt e10s fission stylo webrender,4768565,77,ms,firefox,,1771777072,2023-10-09T19:02:03,782.7155032496375,92b5bc7354ebaeae110d7b1c855b9fb64bac5d1b,1313765
autoland,4768729,12,95f51e857a45cd76f1766c14d6bed804857cd27b,windows10-64-shippable-qr,True,False,,,102210fe594ee9b33d82058545b1ed14f4c8206e,custom.jsdebugger.open.DAMP,damp,True,damp custom.jsdebugger.open.DAMP opt e10s fission stylo webrender,4768565,77,ms,firefox,,1771804263,2023-10-09T19:39:26,794.3076493521803,c6daae4f66b5ba8cf8a21c0632995e2c5334e718,1313787
autoland,4768729,12,95f51e857a45cd76f1766c14d6bed804857cd27b,windows10-64-shippable-qr,True,False,,,102210fe594ee9b33d82058545b1ed14f4c8206e,custom.jsdebugger.open.DAMP,damp,True,damp custom.jsdebugger.open.DAMP opt e10s fission stylo webrender,4768565,77,ms,firefox,,1770752370,2023-10-09T21:45:38,793.1714207012628,3d1ac3fb7670dd794589cae42735270de4266f4c,1313856
autoland,4768729,12,95f51e857a45cd76f1766c14d6bed804857cd27b,windows10-64-shippable-qr,True,False,,,102210fe594ee9b33d82058545b1ed14f4c8206e,custom.jsdebugger.open.DAMP,damp,True,damp custom.jsdebugger.open.DAMP opt e10s fission stylo webrender,4768565,77,ms,firefox,,1770814729,2023-10-10T02:31:01,785.4360501432529,935a0ba75b642adf295d7792f8ad8129f87e4c03,1313960
autoland,4768729,12,95f51e857a45cd76f1766c14d6bed804857cd27b,windows10-64-shippable-qr,True,False,,,102210fe594ee9b33d82058545b1ed14f4c8206e,custom.jsdebugger.open.DAMP,damp,True,damp custom.jsdebugger.open.DAMP opt e10s fission stylo webrender,4768565,77,ms,firefox,,1771936932,2023-10-10T02:32:00,797.5201138959819,49f7ec02a11fa5e83aa8d8ab20592520590a5b0b,1313961
autoland,4768729,12,95f51e857a45cd76f1766c14d6bed804857cd27b,windows10-64-shippable-qr,True,False,,,102210fe594ee9b33d82058545b1ed14f4c8206e,custom.jsdebugger.open.DAMP,damp,True,damp custom.jsdebugger.open.DAMP opt e10s fission stylo webrender,4768565,77,ms,firefox,,1771918758,2023-10-10T03:23:11,789.0103052175327,81712ea026098ff0a4d5739d4deae97fcb21f296,1313966
autoland,4768729,12,95f51e857a45cd76f1766c14d6bed804857cd27b,windows10-64-shippable-qr,True,False,,,102210fe594ee9b33d82058545b1ed14f4c8206e,custom.jsdebugger.open.DAMP,damp,True,damp custom.jsdebugger.open.DAMP opt e10s fission stylo webrender,4768565,77,ms,firefox,,1771915748,2023-10-10T06:29:56,796.2874532330316,fd4d600a888470384134565a86e444f87cb93d69,1314002
autoland,4768729,12,95f51e857a45cd76f1766c14d6bed804857cd27b,windows10-64-shippable-qr,True,False,,,102210fe594ee9b33d82058545b1ed14f4c8206e,custom.jsdebugger.open.DAMP,damp,True,damp custom.jsdebugger.open.DAMP opt e10s fission stylo webrender,4768565,77,ms,firefox,,1770853018,2023-10-10T06:35:36,778.9228193474846,de9287a68ed836a8fd2eb2ba90de0770a18c877a,1314004
autoland,4768729,12,95f51e857a45cd76f1766c14d6bed804857cd27b,windows10-64-shippable-qr,True,False,,,102210fe594ee9b33d82058545b1ed14f4c8206e,custom.jsdebugger.open.DAMP,damp,True,damp custom.jsdebugger.open.DAMP opt e10s fission stylo webrender,4768565,77,ms,firefox,,1770923026,2023-10-10T08:23:57,786.5208080319862,bec78f6e89cdb3b51ac879af75533217f38970cf,1314048
autoland,4768729,12,95f51e857a45cd76f1766c14d6bed804857cd27b,windows10-64-shippable-qr,True,False,,,102210fe594ee9b33d82058545b1ed14f4c8206e,custom.jsdebugger.open.DAMP,damp,True,damp custom.jsdebugger.open.DAMP opt e10s fission stylo webrender,4768565,77,ms,firefox,,1771102622,2023-10-10T12:59:15,778.5267016761081,7a4c861a2d10a6757c8844de9bd8f71c94cb6150,1314216
autoland,4768729,12,95f51e857a45cd76f1766c14d6bed804857cd27b,windows10-64-shippable-qr,True,False,,,102210fe594ee9b33d82058545b1ed14f4c8206e,custom.jsdebugger.open.DAMP,damp,True,damp custom.jsdebugger.open.DAMP opt e10s fission stylo webrender,4768565,77,ms,firefox,,1771124438,2023-10-10T15:20:47,779.019527998018,686073214e498a3ed6018f15d9cd093812f5ab6f,1314341
autoland,4768729,12,95f51e857a45cd76f1766c14d6bed804857cd27b,windows10-64-shippable-qr,True,False,,,102210fe594ee9b33d82058545b1ed14f4c8206e,custom.jsdebugger.open.DAMP,damp,True,damp custom.jsdebugger.open.DAMP opt e10s fission stylo webrender,4768565,77,ms,firefox,,1771330442,2023-10-10T18:56:17,784.3977370938228,e746122083e758920b17ca0fd4726093187f3715,1314490
autoland,4768729,12,95f51e857a45cd76f1766c14d6bed804857cd27b,windows10-64-shippable-qr,True,False,,,102210fe594ee9b33d82058545b1ed14f4c8206e,custom.jsdebugger.open.DAMP,damp,True,damp custom.jsdebugger.open.DAMP opt e10s fission stylo webrender,4768565,77,ms,firefox,,1771407692,2023-10-10T21:46:34,781.1644106812746,32a23612bb297f386b6239e7bff0be58b62b2f73,1314585
autoland,4768729,12,95f51e857a45cd76f1766c14d6bed804857cd27b,windows10-64-shippable-qr,True,False,,,102210fe594ee9b33d82058545b1ed14f4c8206e,custom.jsdebugger.open.DAMP,damp,True,damp custom.jsdebugger.open.DAMP opt e10s fission stylo webrender,4768565,77,ms,firefox,,1771508554,2023-10-11T04:35:52,790.6489114381111,fb1c93363030ee78f4a3ea0da9854fb688a630b8,1314760
autoland,4768729,12,95f51e857a45cd76f1766c14d6bed804857cd27b,windows10-64-shippable-qr,True,False,,,102210fe594ee9b33d82058545b1ed14f4c8206e,custom.jsdebugger.open.DAMP,damp,True,damp custom.jsdebugger.open.DAMP opt e10s fission stylo webrender,4768565,77,ms,firefox,,1771531221,2023-10-11T05:18:39,786.8074051546082,d677f2833f2cf056757a6a3cf8c2e8b4273fb788,1314767
autoland,4768729,12,95f51e857a45cd76f1766c14d6bed804857cd27b,windows10-64-shippable-qr,True,False,,,102210fe594ee9b33d82058545b1ed14f4c8206e,custom.jsdebugger.open.DAMP,damp,True,damp custom.jsdebugger.open.DAMP opt e10s fission stylo webrender,4768565,77,ms,firefox,,1772808817,2023-10-11T08:13:39,790.2674111840824,f3fbb1d497a8ce30c8f146c3bb84a081ccab6a35,1314821
autoland,4768729,12,95f51e857a45cd76f1766c14d6bed804857cd27b,windows10-64-shippable-qr,True,False,,,102210fe594ee9b33d82058545b1ed14f4c8206e,custom.jsdebugger.open.DAMP,damp,True,damp custom.jsdebugger.open.DAMP opt e10s fission stylo webrender,4768565,77,ms,firefox,,1772789222,2023-10-11T08:27:07,776.7598460996523,8315a0f0933bc4f594438c68b86d6a7192b14e01,1314836
autoland,4768729,12,95f51e857a45cd76f1766c14d6bed804857cd27b,windows10-64-shippable-qr,True,False,,,102210fe594ee9b33d82058545b1ed14f4c8206e,custom.jsdebugger.open.DAMP,damp,True,damp custom.jsdebugger.open.DAMP opt e10s fission stylo webrender,4768565,77,ms,firefox,,1772815878,2023-10-11T08:38:10,785.757147435892,958d7f0f88ecae5de4617c451b79e7a38ffb30df,1314848
autoland,4768729,12,95f51e857a45cd76f1766c14d6bed804857cd27b,windows10-64-shippable-qr,True,False,,,102210fe594ee9b33d82058545b1ed14f4c8206e,custom.jsdebugger.open.DAMP,damp,True,damp custom.jsdebugger.open.DAMP opt e10s fission stylo webrender,4768565,77,ms,firefox,,1771652334,2023-10-11T09:29:42,790.6671012974111,2124c3eebcb12eb72e8ced7bfb3c8521a028af8d,1314864
autoland,4768729,12,95f51e857a45cd76f1766c14d6bed804857cd27b,windows10-64-shippable-qr,True,False,,,102210fe594ee9b33d82058545b1ed14f4c8206e,custom.jsdebugger.open.DAMP,damp,True,damp custom.jsdebugger.open.DAMP opt e10s fission stylo webrender,4768565,77,ms,firefox,,1772810397,2023-10-11T09:36:54,789.172969389896,f66ab494da0445da259e78cba85d094a7be88289,1314866
autoland,4768729,12,95f51e857a45cd76f1766c14d6bed804857cd27b,windows10-64-shippable-qr,True,False,,,102210fe594ee9b33d82058545b1ed14f4c8206e,custom.jsdebugger.open.DAMP,damp,True,damp custom.jsdebugger.open.DAMP opt e10s fission stylo webrender,4768565,77,ms,firefox,,1772793204,2023-10-11T09:37:51,785.404769787936,cc64137649bc4f9aa422a33f9a7765e7fc48fef5,1314868
autoland,4768729,12,95f51e857a45cd76f1766c14d6bed804857cd27b,windows10-64-shippable-qr,True,False,,,102210fe594ee9b33d82058545b1ed14f4c8206e,custom.jsdebugger.open.DAMP,damp,True,damp custom.jsdebugger.open.DAMP opt e10s fission stylo webrender,4768565,77,ms,firefox,,1772787830,2023-10-11T10:35:07,784.4470833353262,260a7be6aaf4195c6274ff46f83a0b5f20b66ab8,1314914
autoland,4768729,12,95f51e857a45cd76f1766c14d6bed804857cd27b,windows10-64-shippable-qr,True,False,,,102210fe594ee9b33d82058545b1ed14f4c8206e,custom.jsdebugger.open.DAMP,damp,True,damp custom.jsdebugger.open.DAMP opt e10s fission stylo webrender,4768565,77,ms,firefox,,1772808302,2023-10-11T10:38:02,795.2751511171373,2598def65c5c7447a509889f9e151afa2a81eb11,1314915
autoland,4768729,12,95f51e857a45cd76f1766c14d6bed804857cd27b,windows10-64-shippable-qr,True,False,,,102210fe594ee9b33d82058545b1ed14f4c8206e,custom.jsdebugger.open.DAMP,damp,True,damp custom.jsdebugger.open.DAMP opt e10s fission stylo webrender,4768565,77,ms,firefox,,1772815936,2023-10-11T10:38:52,785.0102860747429,c66a394ad061b311dc5b7b8845ed6ff2a884c533,1314917
autoland,4768729,12,95f51e857a45cd76f1766c14d6bed804857cd27b,windows10-64-shippable-qr,True,False,,,102210fe594ee9b33d82058545b1ed14f4c8206e,custom.jsdebugger.open.DAMP,damp,True,damp custom.jsdebugger.open.DAMP opt e10s fission stylo webrender,4768565,77,ms,firefox,,1771659262,2023-10-11T10:39:45,793.7525109320413,e4751df31e7494090d14b0ab8ff52bab6c1391d7,1314918
autoland,4768729,12,95f51e857a45cd76f1766c14d6bed804857cd27b,windows10-64-shippable-qr,True,False,,,102210fe594ee9b33d82058545b1ed14f4c8206e,custom.jsdebugger.open.DAMP,damp,True,damp custom.jsdebugger.open.DAMP opt e10s fission stylo webrender,4768565,77,ms,firefox,,1773026180,2023-10-11T10:49:16,801.1167408384281,9feea518d33ad025f07dec119947e938db631b8e,1314920
autoland,4768729,12,95f51e857a45cd76f1766c14d6bed804857cd27b,windows10-64-shippable-qr,True,False,,,102210fe594ee9b33d82058545b1ed14f4c8206e,custom.jsdebugger.open.DAMP,damp,True,damp custom.jsdebugger.open.DAMP opt e10s fission stylo webrender,4768565,77,ms,firefox,,1773026069,2023-10-11T10:55:47,793.0858048464288,804dcc069348ddd43dc56bf1b68171dacfecaa4c,1314923
autoland,4768729,12,95f51e857a45cd76f1766c14d6bed804857cd27b,windows10-64-shippable-qr,True,False,,,102210fe594ee9b33d82058545b1ed14f4c8206e,custom.jsdebugger.open.DAMP,damp,True,damp custom.jsdebugger.open.DAMP opt e10s fission stylo webrender,4768565,77,ms,firefox,,1772788895,2023-10-11T11:25:50,781.6307680649861,d28557bfe634e3079ad2d7673b7d88f4ecde74f8,1314933
autoland,4768729,12,95f51e857a45cd76f1766c14d6bed804857cd27b,windows10-64-shippable-qr,True,False,,,102210fe594ee9b33d82058545b1ed14f4c8206e,custom.jsdebugger.open.DAMP,damp,True,damp custom.jsdebugger.open.DAMP opt e10s fission stylo webrender,4768565,77,ms,firefox,,1772788686,2023-10-11T11:32:57,779.8480245132378,56985665f52c2173c3a0e970d098060f18ec4962,1314934
autoland,4768729,12,95f51e857a45cd76f1766c14d6bed804857cd27b,windows10-64-shippable-qr,True,False,,,102210fe594ee9b33d82058545b1ed14f4c8206e,custom.jsdebugger.open.DAMP,damp,True,damp custom.jsdebugger.open.DAMP opt e10s fission stylo webrender,4768565,77,ms,firefox,,1772792052,2023-10-11T11:44:48,786.4993519789659,021db258c7ad4f8cadb7844518b63a756e5d7c4f,1314941
autoland,4768729,12,95f51e857a45cd76f1766c14d6bed804857cd27b,windows10-64-shippable-qr,True,False,,,102210fe594ee9b33d82058545b1ed14f4c8206e,custom.jsdebugger.open.DAMP,damp,True,damp custom.jsdebugger.open.DAMP opt e10s fission stylo webrender,4768565,77,ms,firefox,,1772799696,2023-10-11T12:00:45,790.6045935965212,71436cbcf58779eda1b8c87d362213c3873e73f6,1314947
autoland,4768729,12,95f51e857a45cd76f1766c14d6bed804857cd27b,windows10-64-shippable-qr,True,False,,,102210fe594ee9b33d82058545b1ed14f4c8206e,custom.jsdebugger.open.DAMP,damp,True,damp custom.jsdebugger.open.DAMP opt e10s fission stylo webrender,4768565,77,ms,firefox,,1772809251,2023-10-11T12:14:17,788.4786248350865,b8fc1c079a231a6db6d632cdd1d5036904d04bf9,1314953
autoland,4768729,12,95f51e857a45cd76f1766c14d6bed804857cd27b,windows10-64-shippable-qr,True,False,,,102210fe594ee9b33d82058545b1ed14f4c8206e,custom.jsdebugger.open.DAMP,damp,True,damp custom.jsdebugger.open.DAMP opt e10s fission stylo webrender,4768565,77,ms,firefox,,1772794818,2023-10-11T12:17:26,781.2068853701203,8dbb04b2762bb8887488b710517a201b2ad09d9d,1314954
autoland,4768729,12,95f51e857a45cd76f1766c14d6bed804857cd27b,windows10-64-shippable-qr,True,False,,,102210fe594ee9b33d82058545b1ed14f4c8206e,custom.jsdebugger.open.DAMP,damp,True,damp custom.jsdebugger.open.DAMP opt e10s fission stylo webrender,4768565,77,ms,firefox,,1772794974,2023-10-11T12:35:08,777.345649999028,25aeae00c1018f195b74fa9458f71deb806796e2,1314964
autoland,4768729,12,95f51e857a45cd76f1766c14d6bed804857cd27b,windows10-64-shippable-qr,True,False,,,102210fe594ee9b33d82058545b1ed14f4c8206e,custom.jsdebugger.open.DAMP,damp,True,damp custom.jsdebugger.open.DAMP opt e10s fission stylo webrender,4768565,77,ms,firefox,,1772770171,2023-10-11T12:39:53,776.8988816203637,99a43565cb3bd8efc9904d32dc7925651a36fe56,1314966
autoland,4768729,12,95f51e857a45cd76f1766c14d6bed804857cd27b,windows10-64-shippable-qr,True,False,,,102210fe594ee9b33d82058545b1ed14f4c8206e,custom.jsdebugger.open.DAMP,damp,True,damp custom.jsdebugger.open.DAMP opt e10s fission stylo webrender,4768565,77,ms,firefox,,1772788269,2023-10-11T13:01:36,780.1693079577526,8ebb6546df9dfe18685b9cce113ed100721328a1,1314976
autoland,4768729,12,95f51e857a45cd76f1766c14d6bed804857cd27b,windows10-64-shippable-qr,True,False,,,102210fe594ee9b33d82058545b1ed14f4c8206e,custom.jsdebugger.open.DAMP,damp,True,damp custom.jsdebugger.open.DAMP opt e10s fission stylo webrender,4768565,77,ms,firefox,,1771782484,2023-10-11T14:42:40,790.8165180954675,2f6d9a971e1895c3186c6f2cdc2286c9f6e9694e,1315015
autoland,4768729,12,95f51e857a45cd76f1766c14d6bed804857cd27b,windows10-64-shippable-qr,True,False,,,102210fe594ee9b33d82058545b1ed14f4c8206e,custom.jsdebugger.open.DAMP,damp,True,damp custom.jsdebugger.open.DAMP opt e10s fission stylo webrender,4768565,77,ms,firefox,,1772808925,2023-10-11T14:43:37,792.0869335485331,9d457947fe8676a0028b64d67ddbe79aa3cf81fe,1315018
autoland,4768729,12,95f51e857a45cd76f1766c14d6bed804857cd27b,windows10-64-shippable-qr,True,False,,,102210fe594ee9b33d82058545b1ed14f4c8206e,custom.jsdebugger.open.DAMP,damp,True,damp custom.jsdebugger.open.DAMP opt e10s fission stylo webrender,4768565,77,ms,firefox,,1772808762,2023-10-11T14:45:25,789.5478432545278,5946d95613f123db98a17dec457215d2d49ea4d1,1315019
autoland,4768729,12,95f51e857a45cd76f1766c14d6bed804857cd27b,windows10-64-shippable-qr,True,False,,,102210fe594ee9b33d82058545b1ed14f4c8206e,custom.jsdebugger.open.DAMP,damp,True,damp custom.jsdebugger.open.DAMP opt e10s fission stylo webrender,4768565,77,ms,firefox,,1772789959,2023-10-11T14:47:04,781.3674507668857,bd249bff991f507383dcc56508a76762f71cf29d,1315021
autoland,4768729,12,95f51e857a45cd76f1766c14d6bed804857cd27b,windows10-64-shippable-qr,True,False,,,102210fe594ee9b33d82058545b1ed14f4c8206e,custom.jsdebugger.open.DAMP,damp,True,damp custom.jsdebugger.open.DAMP opt e10s fission stylo webrender,4768565,77,ms,firefox,,1772809394,2023-10-11T14:49:43,796.6131923127705,47895188414a7a8b3327add70772313c13680b14,1315022
autoland,4768729,12,95f51e857a45cd76f1766c14d6bed804857cd27b,windows10-64-shippable-qr,True,False,,,102210fe594ee9b33d82058545b1ed14f4c8206e,custom.jsdebugger.open.DAMP,damp,True,damp custom.jsdebugger.open.DAMP opt e10s fission stylo webrender,4768565,77,ms,firefox,,1772795980,2023-10-11T14:56:14,778.7456279489088,a0eb9e2c8797ddaf6453d71122fa510b8e4eb857,1315023
autoland,4768729,12,95f51e857a45cd76f1766c14d6bed804857cd27b,windows10-64-shippable-qr,True,False,,,102210fe594ee9b33d82058545b1ed14f4c8206e,custom.jsdebugger.open.DAMP,damp,True,damp custom.jsdebugger.open.DAMP opt e10s fission stylo webrender,4768565,77,ms,firefox,,1772800303,2023-10-11T14:59:59,790.3000251221238,e5d78a9ddcb4f26912e6e8ef797cb6556599b9b8,1315024
autoland,4768729,12,95f51e857a45cd76f1766c14d6bed804857cd27b,windows10-64-shippable-qr,True,False,,,102210fe594ee9b33d82058545b1ed14f4c8206e,custom.jsdebugger.open.DAMP,damp,True,damp custom.jsdebugger.open.DAMP opt e10s fission stylo webrender,4768565,77,ms,firefox,,1772790264,2023-10-11T15:01:48,779.2845930062831,eae33625ba1ee4a773b3c378279f52e10f785e66,1315025
autoland,4768729,12,95f51e857a45cd76f1766c14d6bed804857cd27b,windows10-64-shippable-qr,True,False,,,102210fe594ee9b33d82058545b1ed14f4c8206e,custom.jsdebugger.open.DAMP,damp,True,damp custom.jsdebugger.open.DAMP opt e10s fission stylo webrender,4768565,77,ms,firefox,,1771791184,2023-10-11T15:07:05,789.1372466028552,a710f6c3ab82ca81444f0478a4882217c3628bf0,1315029
autoland,4768729,12,95f51e857a45cd76f1766c14d6bed804857cd27b,windows10-64-shippable-qr,True,False,,,102210fe594ee9b33d82058545b1ed14f4c8206e,custom.jsdebugger.open.DAMP,damp,True,damp custom.jsdebugger.open.DAMP opt e10s fission stylo webrender,4768565,77,ms,firefox,,1772809160,2023-10-11T16:33:02,788.3241190447134,2ab6089afae25766973b6261a4964464c60725bf,1315111
autoland,4768729,12,95f51e857a45cd76f1766c14d6bed804857cd27b,windows10-64-shippable-qr,True,False,,,102210fe594ee9b33d82058545b1ed14f4c8206e,custom.jsdebugger.open.DAMP,damp,True,damp custom.jsdebugger.open.DAMP opt e10s fission stylo webrender,4768565,77,ms,firefox,,1772791991,2023-10-11T16:43:46,785.0190634503961,ad8c54483c31ed4aca03fb2fed45df3aa4473147,1315124
autoland,4768729,12,95f51e857a45cd76f1766c14d6bed804857cd27b,windows10-64-shippable-qr,True,False,,,102210fe594ee9b33d82058545b1ed14f4c8206e,custom.jsdebugger.open.DAMP,damp,True,damp custom.jsdebugger.open.DAMP opt e10s fission stylo webrender,4768565,77,ms,firefox,,1772809622,2023-10-11T16:45:58,780.1033761957005,a1aa506e8e3d202f0e8cadcb26accc87c2f0d617,1315127
autoland,4768729,12,95f51e857a45cd76f1766c14d6bed804857cd27b,windows10-64-shippable-qr,True,False,,,102210fe594ee9b33d82058545b1ed14f4c8206e,custom.jsdebugger.open.DAMP,damp,True,damp custom.jsdebugger.open.DAMP opt e10s fission stylo webrender,4768565,77,ms,firefox,,1772800736,2023-10-11T16:54:03,792.3053712453839,b2becf3e4cd5c851c8bac5f040cfcc0a1baeea97,1315136
autoland,4768729,12,95f51e857a45cd76f1766c14d6bed804857cd27b,windows10-64-shippable-qr,True,False,,,102210fe594ee9b33d82058545b1ed14f4c8206e,custom.jsdebugger.open.DAMP,damp,True,damp custom.jsdebugger.open.DAMP opt e10s fission stylo webrender,4768565,77,ms,firefox,,1772794872,2023-10-11T16:59:25,776.5196599634419,df898dc64459892897bc3c49ea57c33ad13cede4,1315140
autoland,4768729,12,95f51e857a45cd76f1766c14d6bed804857cd27b,windows10-64-shippable-qr,True,False,,,102210fe594ee9b33d82058545b1ed14f4c8206e,custom.jsdebugger.open.DAMP,damp,True,damp custom.jsdebugger.open.DAMP opt e10s fission stylo webrender,4768565,77,ms,firefox,,1772795611,2023-10-11T17:00:17,779.7385721307401,c3bd9971ee561629760beebf6e0a68b664ef111c,1315144
autoland,4768729,12,95f51e857a45cd76f1766c14d6bed804857cd27b,windows10-64-shippable-qr,True,False,,,102210fe594ee9b33d82058545b1ed14f4c8206e,custom.jsdebugger.open.DAMP,damp,True,damp custom.jsdebugger.open.DAMP opt e10s fission stylo webrender,4768565,77,ms,firefox,,1772800200,2023-10-11T17:01:08,792.3057703394443,da60722521343f60ae4cda9ba021a72da1e47e87,1315146
autoland,4768729,12,95f51e857a45cd76f1766c14d6bed804857cd27b,windows10-64-shippable-qr,True,False,,,102210fe594ee9b33d82058545b1ed14f4c8206e,custom.jsdebugger.open.DAMP,damp,True,damp custom.jsdebugger.open.DAMP opt e10s fission stylo webrender,4768565,77,ms,firefox,,1772809711,2023-10-11T17:17:09,788.8987534171683,356c28bc0ad291645000b49424aee6cc6ec8d477,1315163
autoland,4768729,12,95f51e857a45cd76f1766c14d6bed804857cd27b,windows10-64-shippable-qr,True,False,,,102210fe594ee9b33d82058545b1ed14f4c8206e,custom.jsdebugger.open.DAMP,damp,True,damp custom.jsdebugger.open.DAMP opt e10s fission stylo webrender,4768565,77,ms,firefox,,1771855553,2023-10-11T17:21:18,783.4658274425165,be8d8e6ec4b7216d8dcb9b4ff8c8a413fc83da74,1315168
autoland,4768729,12,95f51e857a45cd76f1766c14d6bed804857cd27b,windows10-64-shippable-qr,True,False,,,102210fe594ee9b33d82058545b1ed14f4c8206e,custom.jsdebugger.open.DAMP,damp,True,damp custom.jsdebugger.open.DAMP opt e10s fission stylo webrender,4768565,77,ms,firefox,,1772003773,2023-10-11T21:29:22,786.3673289665439,dfe9eba9757679d9dda934ba7dd5798a0c3360fe,1315364
autoland,4768729,12,95f51e857a45cd76f1766c14d6bed804857cd27b,windows10-64-shippable-qr,True,False,,,102210fe594ee9b33d82058545b1ed14f4c8206e,custom.jsdebugger.open.DAMP,damp,True,damp custom.jsdebugger.open.DAMP opt e10s fission stylo webrender,4768565,77,ms,firefox,,1771963039,2023-10-11T21:41:54,782.0675785271305,2cbc64e7dbb0cd771d39710e5c3f2ed9a7e02b50,1315372
autoland,4768729,12,95f51e857a45cd76f1766c14d6bed804857cd27b,windows10-64-shippable-qr,True,False,,,102210fe594ee9b33d82058545b1ed14f4c8206e,custom.jsdebugger.open.DAMP,damp,True,damp custom.jsdebugger.open.DAMP opt e10s fission stylo webrender,4768565,77,ms,firefox,,1772156028,2023-10-12T04:10:05,780.7586612494806,c77a5d731bccf47b2b9f0714e44d5943f903d95e,1315494
autoland,4768729,12,95f51e857a45cd76f1766c14d6bed804857cd27b,windows10-64-shippable-qr,True,False,,,102210fe594ee9b33d82058545b1ed14f4c8206e,custom.jsdebugger.open.DAMP,damp,True,damp custom.jsdebugger.open.DAMP opt e10s fission stylo webrender,4768565,77,ms,firefox,,1772236721,2023-10-12T08:16:23,791.025016998392,d64dc6406137711ffbc7f0bc42f6794a1c4ad236,1315559
autoland,4768729,12,95f51e857a45cd76f1766c14d6bed804857cd27b,windows10-64-shippable-qr,True,False,,,102210fe594ee9b33d82058545b1ed14f4c8206e,custom.jsdebugger.open.DAMP,damp,True,damp custom.jsdebugger.open.DAMP opt e10s fission stylo webrender,4768565,77,ms,firefox,,1772316080,2023-10-12T09:32:06,789.9199060649917,6eb785f75431f10faa331dabd429029e6dd1224e,1315613
autoland,4768729,12,95f51e857a45cd76f1766c14d6bed804857cd27b,windows10-64-shippable-qr,True,False,,,102210fe594ee9b33d82058545b1ed14f4c8206e,custom.jsdebugger.open.DAMP,damp,True,damp custom.jsdebugger.open.DAMP opt e10s fission stylo webrender,4768565,77,ms,firefox,,1772381115,2023-10-12T12:42:22,788.0588568194507,d3c6163a42b6002297fdb7cbb78395ee4495a357,1315709
autoland,4768729,12,95f51e857a45cd76f1766c14d6bed804857cd27b,windows10-64-shippable-qr,True,False,,,102210fe594ee9b33d82058545b1ed14f4c8206e,custom.jsdebugger.open.DAMP,damp,True,damp custom.jsdebugger.open.DAMP opt e10s fission stylo webrender,4768565,77,ms,firefox,,1772529558,2023-10-12T17:01:35,784.9251730216201,c09a0d19d99b488a292e3583cd0bb488afc74173,1315902
autoland,4768729,12,95f51e857a45cd76f1766c14d6bed804857cd27b,windows10-64-shippable-qr,True,False,,,102210fe594ee9b33d82058545b1ed14f4c8206e,custom.jsdebugger.open.DAMP,damp,True,damp custom.jsdebugger.open.DAMP opt e10s fission stylo webrender,4768565,77,ms,firefox,,1772546785,2023-10-12T17:02:35,785.6566247520532,a5369079cd89dd91a42689da9aad1fc607ef9146,1315903
autoland,4768729,12,95f51e857a45cd76f1766c14d6bed804857cd27b,windows10-64-shippable-qr,True,False,,,102210fe594ee9b33d82058545b1ed14f4c8206e,custom.jsdebugger.open.DAMP,damp,True,damp custom.jsdebugger.open.DAMP opt e10s fission stylo webrender,4768565,77,ms,firefox,,1772608510,2023-10-12T19:48:41,782.3185107234922,b9478e8898d6397ccb0ca6d2f90b882083ef91d2,1316052
autoland,4768729,12,95f51e857a45cd76f1766c14d6bed804857cd27b,windows10-64-shippable-qr,True,False,,,102210fe594ee9b33d82058545b1ed14f4c8206e,custom.jsdebugger.open.DAMP,damp,True,damp custom.jsdebugger.open.DAMP opt e10s fission stylo webrender,4768565,77,ms,firefox,,1772726387,2023-10-12T23:58:41,776.1421856919769,6769216667ff487b1442f654ee41dc5f12c23983,1316211
autoland,4768729,12,95f51e857a45cd76f1766c14d6bed804857cd27b,windows10-64-shippable-qr,True,False,,,102210fe594ee9b33d82058545b1ed14f4c8206e,custom.jsdebugger.open.DAMP,damp,True,damp custom.jsdebugger.open.DAMP opt e10s fission stylo webrender,4768565,77,ms,firefox,,1772835224,2023-10-13T06:04:39,785.4136195529718,810153993fc0b06ce0eabae2602fc7f74ed9be18,1316292
autoland,4768729,12,95f51e857a45cd76f1766c14d6bed804857cd27b,windows10-64-shippable-qr,True,False,,,102210fe594ee9b33d82058545b1ed14f4c8206e,custom.jsdebugger.open.DAMP,damp,True,damp custom.jsdebugger.open.DAMP opt e10s fission stylo webrender,4768565,77,ms,firefox,,1772861129,2023-10-13T06:28:51,786.2624915221531,930888998f68ddfb0f36d898e98305e459d7cbb2,1316299
autoland,4768729,12,95f51e857a45cd76f1766c14d6bed804857cd27b,windows10-64-shippable-qr,True,False,,,102210fe594ee9b33d82058545b1ed14f4c8206e,custom.jsdebugger.open.DAMP,damp,True,damp custom.jsdebugger.open.DAMP opt e10s fission stylo webrender,4768565,77,ms,firefox,,1772991992,2023-10-13T10:45:16,785.5060477512161,0db2502d9e9503580a800e13235be8c02043bbc0,1316413
autoland,4768729,12,95f51e857a45cd76f1766c14d6bed804857cd27b,windows10-64-shippable-qr,True,False,,,102210fe594ee9b33d82058545b1ed14f4c8206e,custom.jsdebugger.open.DAMP,damp,True,damp custom.jsdebugger.open.DAMP opt e10s fission stylo webrender,4768565,77,ms,firefox,,1773015495,2023-10-13T11:42:22,786.8150375159685,8246d773a07ce105d3a9f92b96007867c7df3cc4,1316442
autoland,4768729,12,95f51e857a45cd76f1766c14d6bed804857cd27b,windows10-64-shippable-qr,True,False,,,102210fe594ee9b33d82058545b1ed14f4c8206e,custom.jsdebugger.open.DAMP,damp,True,damp custom.jsdebugger.open.DAMP opt e10s fission stylo webrender,4768565,77,ms,firefox,,1773110714,2023-10-13T15:49:30,774.5490472357706,8adc92d3a6a8eeeefd63f98296c29907c3838316,1316607
autoland,4768729,12,95f51e857a45cd76f1766c14d6bed804857cd27b,windows10-64-shippable-qr,True,False,,,102210fe594ee9b33d82058545b1ed14f4c8206e,custom.jsdebugger.open.DAMP,damp,True,damp custom.jsdebugger.open.DAMP opt e10s fission stylo webrender,4768565,77,ms,firefox,,1773132180,2023-10-13T16:11:23,796.8598373411069,9ba44fb4eeafba4229fe28a6f3b42c79d8d05692,1316611
autoland,4768729,12,95f51e857a45cd76f1766c14d6bed804857cd27b,windows10-64-shippable-qr,True,False,,,102210fe594ee9b33d82058545b1ed14f4c8206e,custom.jsdebugger.open.DAMP,damp,True,damp custom.jsdebugger.open.DAMP opt e10s fission stylo webrender,4768565,77,ms,firefox,,1773314011,2023-10-13T20:17:54,785.3415740316268,35e20e70da91e5ef4caee7c732541350343fe927,1316790
autoland,4768729,12,95f51e857a45cd76f1766c14d6bed804857cd27b,windows10-64-shippable-qr,True,False,,,102210fe594ee9b33d82058545b1ed14f4c8206e,custom.jsdebugger.open.DAMP,damp,True,damp custom.jsdebugger.open.DAMP opt e10s fission stylo webrender,4768565,77,ms,firefox,,1773332609,2023-10-14T00:40:19,781.1663627094968,bcd044cb6c313be98b766d19688066871ddaa6b3,1316857
autoland,4768729,12,95f51e857a45cd76f1766c14d6bed804857cd27b,windows10-64-shippable-qr,True,False,,,102210fe594ee9b33d82058545b1ed14f4c8206e,custom.jsdebugger.open.DAMP,damp,True,damp custom.jsdebugger.open.DAMP opt e10s fission stylo webrender,4768565,77,ms,firefox,,1773377171,2023-10-14T05:14:50,778.8052857505536,19db6b0f6713fdb1f311426a7899070e3ca19d6b,1316873
autoland,4768729,12,95f51e857a45cd76f1766c14d6bed804857cd27b,windows10-64-shippable-qr,True,False,,,102210fe594ee9b33d82058545b1ed14f4c8206e,custom.jsdebugger.open.DAMP,damp,True,damp custom.jsdebugger.open.DAMP opt e10s fission stylo webrender,4768565,77,ms,firefox,,1773428092,2023-10-14T09:25:57,789.3806439457112,1e870b95242b07bc4961bf7558d0703dd03814b3,1316895
autoland,4768729,12,95f51e857a45cd76f1766c14d6bed804857cd27b,windows10-64-shippable-qr,True,False,,,102210fe594ee9b33d82058545b1ed14f4c8206e,custom.jsdebugger.open.DAMP,damp,True,damp custom.jsdebugger.open.DAMP opt e10s fission stylo webrender,4768565,77,ms,firefox,,1773700109,2023-10-15T06:24:19,786.4767262065507,468469f54da6070a84314dc3c4ddcdfaca74b714,1316977
autoland,4768729,12,95f51e857a45cd76f1766c14d6bed804857cd27b,windows10-64-shippable-qr,True,False,,,102210fe594ee9b33d82058545b1ed14f4c8206e,custom.jsdebugger.open.DAMP,damp,True,damp custom.jsdebugger.open.DAMP opt e10s fission stylo webrender,4768565,77,ms,firefox,,1773767623,2023-10-15T10:45:53,779.3787055968423,91657cb1296c904004ace38877b9ca91f502be3f,1317007
autoland,4768729,12,95f51e857a45cd76f1766c14d6bed804857cd27b,windows10-64-shippable-qr,True,False,,,102210fe594ee9b33d82058545b1ed14f4c8206e,custom.jsdebugger.open.DAMP,damp,True,damp custom.jsdebugger.open.DAMP opt e10s fission stylo webrender,4768565,77,ms,firefox,,1773800737,2023-10-15T15:32:44,785.8753708591175,aba20bc488e22880b8ef5a89916ecabb51cee798,1317021
autoland,4768729,12,95f51e857a45cd76f1766c14d6bed804857cd27b,windows10-64-shippable-qr,True,False,,,102210fe594ee9b33d82058545b1ed14f4c8206e,custom.jsdebugger.open.DAMP,damp,True,damp custom.jsdebugger.open.DAMP opt e10s fission stylo webrender,4768565,77,ms,firefox,,1773940958,2023-10-16T01:55:37,774.1740593714803,f3de6f924333ec7c359d81d9fb16a9fca07ee42e,1317071
autoland,4768729,12,95f51e857a45cd76f1766c14d6bed804857cd27b,windows10-64-shippable-qr,True,False,,,102210fe594ee9b33d82058545b1ed14f4c8206e,custom.jsdebugger.open.DAMP,damp,True,damp custom.jsdebugger.open.DAMP opt e10s fission stylo webrender,4768565,77,ms,firefox,,1773992326,2023-10-16T05:57:00,779.1842609807945,e891ad8158b3106dceb2199ed2c74c0c2f05fa88,1317093
autoland,4768729,12,95f51e857a45cd76f1766c14d6bed804857cd27b,windows10-64-shippable-qr,True,False,,,102210fe594ee9b33d82058545b1ed14f4c8206e,custom.jsdebugger.open.DAMP,damp,True,damp custom.jsdebugger.open.DAMP opt e10s fission stylo webrender,4768565,77,ms,firefox,,1774124785,2023-10-16T10:06:37,782.5606864341607,e009aa26b6f79e7e5af18000b983f6decaa90eed,1317197
autoland,4768729,12,95f51e857a45cd76f1766c14d6bed804857cd27b,windows10-64-shippable-qr,True,False,,,102210fe594ee9b33d82058545b1ed14f4c8206e,custom.jsdebugger.open.DAMP,damp,True,damp custom.jsdebugger.open.DAMP opt e10s fission stylo webrender,4768565,77,ms,firefox,,1774185449,2023-10-16T11:25:28,782.0157484185183,8cb2f63a1e705ad6bf77a8f6dcb151aa3b67d2e6,1317241
autoland,4768729,12,95f51e857a45cd76f1766c14d6bed804857cd27b,windows10-64-shippable-qr,True,False,,,102210fe594ee9b33d82058545b1ed14f4c8206e,custom.jsdebugger.open.DAMP,damp,True,damp custom.jsdebugger.open.DAMP opt e10s fission stylo webrender,4768565,77,ms,firefox,,1774276599,2023-10-16T15:34:18,776.2807848480879,e0dd0b10e8fd0ea751f11fb0a6548ad9b6780e16,1317419
autoland,4768729,12,95f51e857a45cd76f1766c14d6bed804857cd27b,windows10-64-shippable-qr,True,False,,,102210fe594ee9b33d82058545b1ed14f4c8206e,custom.jsdebugger.open.DAMP,damp,True,damp custom.jsdebugger.open.DAMP opt e10s fission stylo webrender,4768565,77,ms,firefox,,1774499854,2023-10-16T19:06:00,777.0317572523563,36e5163d2528daaa5669d0f9284470b070c8882e,1317546
autoland,4768729,12,95f51e857a45cd76f1766c14d6bed804857cd27b,windows10-64-shippable-qr,True,False,,,102210fe594ee9b33d82058545b1ed14f4c8206e,custom.jsdebugger.open.DAMP,damp,True,damp custom.jsdebugger.open.DAMP opt e10s fission stylo webrender,4768565,77,ms,firefox,,1774573587,2023-10-17T00:17:31,775.839064311207,e4bf7b3e037323072304a1b1327df57c4a54b560,1317700
autoland,4768729,12,95f51e857a45cd76f1766c14d6bed804857cd27b,windows10-64-shippable-qr,True,False,,,102210fe594ee9b33d82058545b1ed14f4c8206e,custom.jsdebugger.open.DAMP,damp,True,damp custom.jsdebugger.open.DAMP opt e10s fission stylo webrender,4768565,77,ms,firefox,,1774725910,2023-10-17T05:18:57,785.7347657038044,896b283a3e7185d805f59d4dcb3d6bb89e9e62d8,1317768
autoland,4768729,12,95f51e857a45cd76f1766c14d6bed804857cd27b,windows10-64-shippable-qr,True,False,,,102210fe594ee9b33d82058545b1ed14f4c8206e,custom.jsdebugger.open.DAMP,damp,True,damp custom.jsdebugger.open.DAMP opt e10s fission stylo webrender,4768565,77,ms,firefox,,1774786466,2023-10-17T06:01:55,783.8803489112288,ca60a5861d4a8bd5de1c8e5a9f76c9e35767c38c,1317782
autoland,4768729,12,95f51e857a45cd76f1766c14d6bed804857cd27b,windows10-64-shippable-qr,True,False,,,102210fe594ee9b33d82058545b1ed14f4c8206e,custom.jsdebugger.open.DAMP,damp,True,damp custom.jsdebugger.open.DAMP opt e10s fission stylo webrender,4768565,77,ms,firefox,,1774907378,2023-10-17T10:34:28,788.5259454249172,d59eb47c0fe47f9dd6886090330bcd49c47262ce,1317920
autoland,4768729,12,95f51e857a45cd76f1766c14d6bed804857cd27b,windows10-64-shippable-qr,True,False,,,102210fe594ee9b33d82058545b1ed14f4c8206e,custom.jsdebugger.open.DAMP,damp,True,damp custom.jsdebugger.open.DAMP opt e10s fission stylo webrender,4768565,77,ms,firefox,,1775220881,2023-10-17T13:02:41,780.2742884995569,9b7c81791d7f619271724e082934a933604e20da,1318010
autoland,4768729,12,95f51e857a45cd76f1766c14d6bed804857cd27b,windows10-64-shippable-qr,True,False,,,102210fe594ee9b33d82058545b1ed14f4c8206e,custom.jsdebugger.open.DAMP,damp,True,damp custom.jsdebugger.open.DAMP opt e10s fission stylo webrender,4768565,77,ms,firefox,,1775253001,2023-10-17T16:53:16,781.8787685365824,684641630402200d14bf5126668b97a4f280fe59,1318176
autoland,4768729,12,95f51e857a45cd76f1766c14d6bed804857cd27b,windows10-64-shippable-qr,True,False,,,102210fe594ee9b33d82058545b1ed14f4c8206e,custom.jsdebugger.open.DAMP,damp,True,damp custom.jsdebugger.open.DAMP opt e10s fission stylo webrender,4768565,77,ms,firefox,,1775440187,2023-10-17T21:03:18,782.3353846290556,421ffc7aa24ace087dc2a09680943f412adc38ff,1318349
autoland,4768729,12,95f51e857a45cd76f1766c14d6bed804857cd27b,windows10-64-shippable-qr,True,False,,,102210fe594ee9b33d82058545b1ed14f4c8206e,custom.jsdebugger.open.DAMP,damp,True,damp custom.jsdebugger.open.DAMP opt e10s fission stylo webrender,4768565,77,ms,firefox,,1775398768,2023-10-17T21:04:13,782.7509501018358,4091bed4a0aae7772537e08e6cb49bf0bc7434c9,1318350
autoland,4768729,12,95f51e857a45cd76f1766c14d6bed804857cd27b,windows10-64-shippable-qr,True,False,,,102210fe594ee9b33d82058545b1ed14f4c8206e,custom.jsdebugger.open.DAMP,damp,True,damp custom.jsdebugger.open.DAMP opt e10s fission stylo webrender,4768565,77,ms,firefox,,1775582611,2023-10-18T01:40:11,775.4399103249307,ba691c21c968a48e1bd212426fcc20fa5f4c276d,1318466
autoland,4768729,12,95f51e857a45cd76f1766c14d6bed804857cd27b,windows10-64-shippable-qr,True,False,,,102210fe594ee9b33d82058545b1ed14f4c8206e,custom.jsdebugger.open.DAMP,damp,True,damp custom.jsdebugger.open.DAMP opt e10s fission stylo webrender,4768565,77,ms,firefox,,1775684278,2023-10-18T07:31:34,776.5151101413794,47d77a0e86e138652fedb38962b9709f9c0fb98d,1318540
autoland,4768729,12,95f51e857a45cd76f1766c14d6bed804857cd27b,windows10-64-shippable-qr,True,False,,,102210fe594ee9b33d82058545b1ed14f4c8206e,custom.jsdebugger.open.DAMP,damp,True,damp custom.jsdebugger.open.DAMP opt e10s fission stylo webrender,4768565,77,ms,firefox,,1775879654,2023-10-18T11:51:04,778.2812071199514,639c0da2250e38bb3102b66c6105aaf808e2a817,1318689
autoland,4768729,12,95f51e857a45cd76f1766c14d6bed804857cd27b,windows10-64-shippable-qr,True,False,,,102210fe594ee9b33d82058545b1ed14f4c8206e,custom.jsdebugger.open.DAMP,damp,True,damp custom.jsdebugger.open.DAMP opt e10s fission stylo webrender,4768565,77,ms,firefox,,1776099862,2023-10-18T16:05:19,787.2674496396794,023ae54874d34eb300cdfa9630da4455cb406ad3,1318932
autoland,4768729,12,95f51e857a45cd76f1766c14d6bed804857cd27b,windows10-64-shippable-qr,True,False,,,102210fe594ee9b33d82058545b1ed14f4c8206e,custom.jsdebugger.open.DAMP,damp,True,damp custom.jsdebugger.open.DAMP opt e10s fission stylo webrender,4768565,77,ms,firefox,,1776137935,2023-10-18T16:32:33,784.2381132962546,361e571454e94ba0cfa1a86d2a7f63a24455581c,1318947
autoland,4768729,12,95f51e857a45cd76f1766c14d6bed804857cd27b,windows10-64-shippable-qr,True,False,,,102210fe594ee9b33d82058545b1ed14f4c8206e,custom.jsdebugger.open.DAMP,damp,True,damp custom.jsdebugger.open.DAMP opt e10s fission stylo webrender,4768565,77,ms,firefox,,1776390843,2023-10-18T20:42:45,790.1788518094836,77f05957a4fc15dc053469145b93089adfec3484,1319167
autoland,4768729,12,95f51e857a45cd76f1766c14d6bed804857cd27b,windows10-64-shippable-qr,True,False,,,102210fe594ee9b33d82058545b1ed14f4c8206e,custom.jsdebugger.open.DAMP,damp,True,damp custom.jsdebugger.open.DAMP opt e10s fission stylo webrender,4768565,77,ms,firefox,,1776342383,2023-10-18T20:46:18,790.210623254512,e059b0995a2a62238ca266c3ed9955434ac43517,1319169
autoland,4768729,12,95f51e857a45cd76f1766c14d6bed804857cd27b,windows10-64-shippable-qr,True,False,,,102210fe594ee9b33d82058545b1ed14f4c8206e,custom.jsdebugger.open.DAMP,damp,True,damp custom.jsdebugger.open.DAMP opt e10s fission stylo webrender,4768565,77,ms,firefox,,1776423430,2023-10-18T23:25:14,783.9051925054009,beb80bb8c90921077e9c1130ad5a8e925dc060b7,1319276
autoland,4768729,12,95f51e857a45cd76f1766c14d6bed804857cd27b,windows10-64-shippable-qr,True,False,,,102210fe594ee9b33d82058545b1ed14f4c8206e,custom.jsdebugger.open.DAMP,damp,True,damp custom.jsdebugger.open.DAMP opt e10s fission stylo webrender,4768565,77,ms,firefox,,1776598132,2023-10-19T04:23:12,793.5037495434663,53cee944c60ac3c237a9aa2dacd19aa6bde80c2a,1319373
autoland,4768729,12,95f51e857a45cd76f1766c14d6bed804857cd27b,windows10-64-shippable-qr,True,False,,,102210fe594ee9b33d82058545b1ed14f4c8206e,custom.jsdebugger.open.DAMP,damp,True,damp custom.jsdebugger.open.DAMP opt e10s fission stylo webrender,4768565,77,ms,firefox,,1776753975,2023-10-19T08:39:29,782.4370196795935,a9a0ca5dc9605973d81ded607dfccd4d0a08dc68,1319455
autoland,4768729,12,95f51e857a45cd76f1766c14d6bed804857cd27b,windows10-64-shippable-qr,True,False,,,102210fe594ee9b33d82058545b1ed14f4c8206e,custom.jsdebugger.open.DAMP,damp,True,damp custom.jsdebugger.open.DAMP opt e10s fission stylo webrender,4768565,77,ms,firefox,,1776929888,2023-10-19T12:43:18,780.0523263553478,2981b7bbee06c518301e1542545e92b6d80a8d0b,1319613
autoland,4768729,12,95f51e857a45cd76f1766c14d6bed804857cd27b,windows10-64-shippable-qr,True,False,,,102210fe594ee9b33d82058545b1ed14f4c8206e,custom.jsdebugger.open.DAMP,damp,True,damp custom.jsdebugger.open.DAMP opt e10s fission stylo webrender,4768565,77,ms,firefox,,1776941550,2023-10-19T12:48:25,781.8018288624517,8be39770f68cb52d1a2b14bdf31a34f5e54212e8,1319617
autoland,4768729,12,95f51e857a45cd76f1766c14d6bed804857cd27b,windows10-64-shippable-qr,True,False,,,102210fe594ee9b33d82058545b1ed14f4c8206e,custom.jsdebugger.open.DAMP,damp,True,damp custom.jsdebugger.open.DAMP opt e10s fission stylo webrender,4768565,77,ms,firefox,,1776987464,2023-10-19T17:06:19,784.6349167556618,fafeb43eefd13b4df24d6526d729b15fb42b7d27,1319833
autoland,4768729,12,95f51e857a45cd76f1766c14d6bed804857cd27b,windows10-64-shippable-qr,True,False,,,102210fe594ee9b33d82058545b1ed14f4c8206e,custom.jsdebugger.open.DAMP,damp,True,damp custom.jsdebugger.open.DAMP opt e10s fission stylo webrender,4768565,77,ms,firefox,,1777093494,2023-10-19T22:45:17,783.3232981487527,b557109f1b5dd0a5c7be013c630945f886e17708,1320076
autoland,4768729,12,95f51e857a45cd76f1766c14d6bed804857cd27b,windows10-64-shippable-qr,True,False,,,102210fe594ee9b33d82058545b1ed14f4c8206e,custom.jsdebugger.open.DAMP,damp,True,damp custom.jsdebugger.open.DAMP opt e10s fission stylo webrender,4768565,77,ms,firefox,,1777110240,2023-10-19T22:59:16,780.7085810561302,0546c85daa8d8b6f7a8c5a842fdf1a990215e249,1320081
autoland,4768729,12,95f51e857a45cd76f1766c14d6bed804857cd27b,windows10-64-shippable-qr,True,False,,,102210fe594ee9b33d82058545b1ed14f4c8206e,custom.jsdebugger.open.DAMP,damp,True,damp custom.jsdebugger.open.DAMP opt e10s fission stylo webrender,4768565,77,ms,firefox,,1777184813,2023-10-20T03:32:37,773.760875724056,dc0d913ecc2486cafc7a005d2fe6705f2c7da222,1320137
autoland,4768729,12,95f51e857a45cd76f1766c14d6bed804857cd27b,windows10-64-shippable-qr,True,False,,,102210fe594ee9b33d82058545b1ed14f4c8206e,custom.jsdebugger.open.DAMP,damp,True,damp custom.jsdebugger.open.DAMP opt e10s fission stylo webrender,4768565,77,ms,firefox,,1777365647,2023-10-20T09:14:56,795.9520931758088,5ebf0b67d0519897b95e84598900434fe92b7abb,1320186
autoland,4768729,12,95f51e857a45cd76f1766c14d6bed804857cd27b,windows10-64-shippable-qr,True,False,,,102210fe594ee9b33d82058545b1ed14f4c8206e,custom.jsdebugger.open.DAMP,damp,True,damp custom.jsdebugger.open.DAMP opt e10s fission stylo webrender,4768565,77,ms,firefox,,1777438860,2023-10-20T14:06:35,778.6898003919305,dfa7f17930eb1b48ff7435494924a0711114e40a,1320283
autoland,4768729,12,95f51e857a45cd76f1766c14d6bed804857cd27b,windows10-64-shippable-qr,True,False,,,102210fe594ee9b33d82058545b1ed14f4c8206e,custom.jsdebugger.open.DAMP,damp,True,damp custom.jsdebugger.open.DAMP opt e10s fission stylo webrender,4768565,77,ms,firefox,,1777494970,2023-10-20T15:24:34,787.382065046535,8f4fc4b6cc05c16482986671d19d546faf6cb212,1320314
autoland,4768729,12,95f51e857a45cd76f1766c14d6bed804857cd27b,windows10-64-shippable-qr,True,False,,,102210fe594ee9b33d82058545b1ed14f4c8206e,custom.jsdebugger.open.DAMP,damp,True,damp custom.jsdebugger.open.DAMP opt e10s fission stylo webrender,4768565,77,ms,firefox,,1777562517,2023-10-20T21:24:05,780.2159955489988,f4da998c2ad5be8d29b4e2523b56d9d5e2a58984,1320380
autoland,4768729,12,95f51e857a45cd76f1766c14d6bed804857cd27b,windows10-64-shippable-qr,True,False,,,102210fe594ee9b33d82058545b1ed14f4c8206e,custom.jsdebugger.open.DAMP,damp,True,damp custom.jsdebugger.open.DAMP opt e10s fission stylo webrender,4768565,77,ms,firefox,,1777680497,2023-10-21T14:30:38,782.5321775317643,4124eee4f58ca46e13cb937c757a2fe1875120f0,1320453
autoland,4768729,12,95f51e857a45cd76f1766c14d6bed804857cd27b,windows10-64-shippable-qr,True,False,,,102210fe594ee9b33d82058545b1ed14f4c8206e,custom.jsdebugger.open.DAMP,damp,True,damp custom.jsdebugger.open.DAMP opt e10s fission stylo webrender,4768565,77,ms,firefox,,1777799274,2023-10-22T19:07:04,773.3521772313916,529ec79bcdfd6a273fe6607c2a34bcc93c009ec5,1320522
autoland,4768729,12,95f51e857a45cd76f1766c14d6bed804857cd27b,windows10-64-shippable-qr,True,False,,,102210fe594ee9b33d82058545b1ed14f4c8206e,custom.jsdebugger.open.DAMP,damp,True,damp custom.jsdebugger.open.DAMP opt e10s fission stylo webrender,4768565,77,ms,firefox,,1777910325,2023-10-22T21:46:31,780.045274461052,52f2e6e80f6f7d8ab6eaaa36c4aa47c5be27a7a1,1320539
autoland,4768729,12,95f51e857a45cd76f1766c14d6bed804857cd27b,windows10-64-shippable-qr,True,False,,,102210fe594ee9b33d82058545b1ed14f4c8206e,custom.jsdebugger.open.DAMP,damp,True,damp custom.jsdebugger.open.DAMP opt e10s fission stylo webrender,4768565,77,ms,firefox,,1778053481,2023-10-23T11:07:29,773.6968308879441,acba8a75249bc2b26b143d4d2830575cf0d7bcc2,1320744
autoland,4768729,12,95f51e857a45cd76f1766c14d6bed804857cd27b,windows10-64-shippable-qr,True,False,,,102210fe594ee9b33d82058545b1ed14f4c8206e,custom.jsdebugger.open.DAMP,damp,True,damp custom.jsdebugger.open.DAMP opt e10s fission stylo webrender,4768565,77,ms,firefox,,1778093975,2023-10-23T12:26:53,769.0701063935121,818b5938920e6868a3f3b5a16b0c972bd8ec5cfc,1320781
autoland,4768729,12,95f51e857a45cd76f1766c14d6bed804857cd27b,windows10-64-shippable-qr,True,False,,,102210fe594ee9b33d82058545b1ed14f4c8206e,custom.jsdebugger.open.DAMP,damp,True,damp custom.jsdebugger.open.DAMP opt e10s fission stylo webrender,4768565,77,ms,firefox,,1778273322,2023-10-23T15:48:05,771.3203299186389,f222bdcd6517e233cb62a3164afd50fd17a55e62,1320978
autoland,4768729,12,95f51e857a45cd76f1766c14d6bed804857cd27b,windows10-64-shippable-qr,True,False,,,102210fe594ee9b33d82058545b1ed14f4c8206e,custom.jsdebugger.open.DAMP,damp,True,damp custom.jsdebugger.open.DAMP opt e10s fission stylo webrender,4768565,77,ms,firefox,,1778545555,2023-10-23T17:53:04,773.8769615583296,00c1813123fd4ca7ec1446ebdabe2848814e550e,1321095
autoland,4768729,12,95f51e857a45cd76f1766c14d6bed804857cd27b,windows10-64-shippable-qr,True,False,,,102210fe594ee9b33d82058545b1ed14f4c8206e,custom.jsdebugger.open.DAMP,damp,True,damp custom.jsdebugger.open.DAMP opt e10s fission stylo webrender,4768565,77,ms,firefox,,1778604414,2023-10-23T20:36:06,775.7488345167367,0fdbf0a455f26afa0a7a0390d6a380e318fce9d4,1321210
autoland,4768729,12,95f51e857a45cd76f1766c14d6bed804857cd27b,windows10-64-shippable-qr,True,False,,,102210fe594ee9b33d82058545b1ed14f4c8206e,custom.jsdebugger.open.DAMP,damp,True,damp custom.jsdebugger.open.DAMP opt e10s fission stylo webrender,4768565,77,ms,firefox,,1778713837,2023-10-24T00:49:55,771.5540649167306,ed9d130c38a8858740845db8ec5c8bb7e68cce65,1321359
autoland,4768729,12,95f51e857a45cd76f1766c14d6bed804857cd27b,windows10-64-shippable-qr,True,False,,,102210fe594ee9b33d82058545b1ed14f4c8206e,custom.jsdebugger.open.DAMP,damp,True,damp custom.jsdebugger.open.DAMP opt e10s fission stylo webrender,4768565,77,ms,firefox,,1778920494,2023-10-24T05:06:29,774.7183918030933,bcdbc81d4adffb0c3b1e04e1854e43cf49314d92,1321416
autoland,4768729,12,95f51e857a45cd76f1766c14d6bed804857cd27b,windows10-64-shippable-qr,True,False,,,102210fe594ee9b33d82058545b1ed14f4c8206e,custom.jsdebugger.open.DAMP,damp,True,damp custom.jsdebugger.open.DAMP opt e10s fission stylo webrender,4768565,77,ms,firefox,,1778975264,2023-10-24T08:18:26,777.5687488586773,36a87a6432703a1f3a1f2a92756c90146a19e5f2,1321456
autoland,4768729,12,95f51e857a45cd76f1766c14d6bed804857cd27b,windows10-64-shippable-qr,True,False,,,102210fe594ee9b33d82058545b1ed14f4c8206e,custom.jsdebugger.open.DAMP,damp,True,damp custom.jsdebugger.open.DAMP opt e10s fission stylo webrender,4768565,77,ms,firefox,,1779072766,2023-10-24T12:23:09,775.7446619687835,ea758c7008d76a67d75d4874bb1a1a00838f4128,1321565
autoland,4768729,12,95f51e857a45cd76f1766c14d6bed804857cd27b,windows10-64-shippable-qr,True,False,,,102210fe594ee9b33d82058545b1ed14f4c8206e,custom.jsdebugger.open.DAMP,damp,True,damp custom.jsdebugger.open.DAMP opt e10s fission stylo webrender,4768565,77,ms,firefox,,1779172521,2023-10-24T13:48:19,777.8730097290245,eccda51a6f68b20cfe9af1e94b9336b9856b103e,1321616
autoland,4768729,12,95f51e857a45cd76f1766c14d6bed804857cd27b,windows10-64-shippable-qr,True,False,,,102210fe594ee9b33d82058545b1ed14f4c8206e,custom.jsdebugger.open.DAMP,damp,True,damp custom.jsdebugger.open.DAMP opt e10s fission stylo webrender,4768565,77,ms,firefox,,1779613803,2023-10-24T17:52:45,780.3209761585749,b2dec8a51f6e781be65a730cfde18a11c9569f94,1321799
autoland,4768729,12,95f51e857a45cd76f1766c14d6bed804857cd27b,windows10-64-shippable-qr,True,False,,,102210fe594ee9b33d82058545b1ed14f4c8206e,custom.jsdebugger.open.DAMP,damp,True,damp custom.jsdebugger.open.DAMP opt e10s fission stylo webrender,4768565,77,ms,firefox,,1779641258,2023-10-24T21:54:59,777.5239582152954,27ee97bc90986bde66dfb122cc4c8a6a3730e4a3,1321984
autoland,4768729,12,95f51e857a45cd76f1766c14d6bed804857cd27b,windows10-64-shippable-qr,True,False,,,102210fe594ee9b33d82058545b1ed14f4c8206e,custom.jsdebugger.open.DAMP,damp,True,damp custom.jsdebugger.open.DAMP opt e10s fission stylo webrender,4768565,77,ms,firefox,,1779678036,2023-10-25T01:35:01,781.0986615658039,edfb4ab939a51c9dc131c959da539ef71f17cf5f,1322066
autoland,4768729,12,95f51e857a45cd76f1766c14d6bed804857cd27b,windows10-64-shippable-qr,True,False,,,102210fe594ee9b33d82058545b1ed14f4c8206e,custom.jsdebugger.open.DAMP,damp,True,damp custom.jsdebugger.open.DAMP opt e10s fission stylo webrender,4768565,77,ms,firefox,,1779731760,2023-10-25T05:46:17,771.7583193272876,c00936a538d944ced81780de7e2670806145f0ec,1322115
autoland,4768729,12,95f51e857a45cd76f1766c14d6bed804857cd27b,windows10-64-shippable-qr,True,False,,,102210fe594ee9b33d82058545b1ed14f4c8206e,custom.jsdebugger.open.DAMP,damp,True,damp custom.jsdebugger.open.DAMP opt e10s fission stylo webrender,4768565,77,ms,firefox,,1779962792,2023-10-25T09:46:40,779.5375410410779,03d61eb955a9ac6e3374ca4c5504edc41cd1aa4a,1322203
autoland,4768729,12,95f51e857a45cd76f1766c14d6bed804857cd27b,windows10-64-shippable-qr,True,False,,,102210fe594ee9b33d82058545b1ed14f4c8206e,custom.jsdebugger.open.DAMP,damp,True,damp custom.jsdebugger.open.DAMP opt e10s fission stylo webrender,4768565,77,ms,firefox,,1779997149,2023-10-25T12:40:12,777.7307305944269,44697a7ca8612ae5a4807f530347c3df1d2c191a,1322280
autoland,4768729,12,95f51e857a45cd76f1766c14d6bed804857cd27b,windows10-64-shippable-qr,True,False,,,102210fe594ee9b33d82058545b1ed14f4c8206e,custom.jsdebugger.open.DAMP,damp,True,damp custom.jsdebugger.open.DAMP opt e10s fission stylo webrender,4768565,77,ms,firefox,,1780210194,2023-10-25T16:42:09,776.6485315987957,b8c2a1837c16c66a12ef79eaf5545e92ae448768,1322418
autoland,4768729,12,95f51e857a45cd76f1766c14d6bed804857cd27b,windows10-64-shippable-qr,True,False,,,102210fe594ee9b33d82058545b1ed14f4c8206e,custom.jsdebugger.open.DAMP,damp,True,damp custom.jsdebugger.open.DAMP opt e10s fission stylo webrender,4768565,77,ms,firefox,,1780265597,2023-10-25T18:17:29,772.942436591431,691148c77012c40658cd4a6e4ee3ca178d1c1ca8,1322468
autoland,4768729,12,95f51e857a45cd76f1766c14d6bed804857cd27b,windows10-64-shippable-qr,True,False,,,102210fe594ee9b33d82058545b1ed14f4c8206e,custom.jsdebugger.open.DAMP,damp,True,damp custom.jsdebugger.open.DAMP opt e10s fission stylo webrender,4768565,77,ms,firefox,,1780425149,2023-10-25T21:16:28,773.7774141445843,e6a52d2c9941178fa5113e3c7af81f561078c5f5,1322573
autoland,4768729,12,95f51e857a45cd76f1766c14d6bed804857cd27b,windows10-64-shippable-qr,True,False,,,102210fe594ee9b33d82058545b1ed14f4c8206e,custom.jsdebugger.open.DAMP,damp,True,damp custom.jsdebugger.open.DAMP opt e10s fission stylo webrender,4768565,77,ms,firefox,,1780606336,2023-10-26T00:52:13,777.3158019952234,68373a168c7ca93b1aa9bb3016a1ffa9ad6b7aac,1322694
autoland,4768729,12,95f51e857a45cd76f1766c14d6bed804857cd27b,windows10-64-shippable-qr,True,False,,,102210fe594ee9b33d82058545b1ed14f4c8206e,custom.jsdebugger.open.DAMP,damp,True,damp custom.jsdebugger.open.DAMP opt e10s fission stylo webrender,4768565,77,ms,firefox,,1780711364,2023-10-26T04:52:14,776.9566983424884,62489b97d11d4bb88f1184670849ed8c9dc61708,1322765
autoland,4768729,12,95f51e857a45cd76f1766c14d6bed804857cd27b,windows10-64-shippable-qr,True,False,,,102210fe594ee9b33d82058545b1ed14f4c8206e,custom.jsdebugger.open.DAMP,damp,True,damp custom.jsdebugger.open.DAMP opt e10s fission stylo webrender,4768565,77,ms,firefox,,1780827637,2023-10-26T09:06:19,778.7473738644476,8923dca93b808a23856287229fc8f1c0c1d1e20e,1322848
autoland,4768729,12,95f51e857a45cd76f1766c14d6bed804857cd27b,windows10-64-shippable-qr,True,False,,,102210fe594ee9b33d82058545b1ed14f4c8206e,custom.jsdebugger.open.DAMP,damp,True,damp custom.jsdebugger.open.DAMP opt e10s fission stylo webrender,4768565,77,ms,firefox,,1780814965,2023-10-26T09:07:41,773.5235719559423,4d2c1911361bbc41f63b4e807070a3d83596b70c,1322851
autoland,4768729,12,95f51e857a45cd76f1766c14d6bed804857cd27b,windows10-64-shippable-qr,True,False,,,102210fe594ee9b33d82058545b1ed14f4c8206e,custom.jsdebugger.open.DAMP,damp,True,damp custom.jsdebugger.open.DAMP opt e10s fission stylo webrender,4768565,77,ms,firefox,,1781020128,2023-10-26T13:14:16,780.4909060189675,db6b75385ffe5e764d60c5842add31b3a90c0587,1322985
autoland,4768729,12,95f51e857a45cd76f1766c14d6bed804857cd27b,windows10-64-shippable-qr,True,False,,,102210fe594ee9b33d82058545b1ed14f4c8206e,custom.jsdebugger.open.DAMP,damp,True,damp custom.jsdebugger.open.DAMP opt e10s fission stylo webrender,4768565,77,ms,firefox,,1781119650,2023-10-26T13:50:58,777.6740694926266,630864299a197bf416ac18d405063b7ec40c3644,1323009
autoland,4768729,12,95f51e857a45cd76f1766c14d6bed804857cd27b,windows10-64-shippable-qr,True,False,,,102210fe594ee9b33d82058545b1ed14f4c8206e,custom.jsdebugger.open.DAMP,damp,True,damp custom.jsdebugger.open.DAMP opt e10s fission stylo webrender,4768565,77,ms,firefox,,1781242495,2023-10-26T17:52:00,777.3545433351774,945d53ccf09fe8c263a6a24db6604162a4707ff9,1323156
autoland,4768729,12,95f51e857a45cd76f1766c14d6bed804857cd27b,windows10-64-shippable-qr,True,False,,,102210fe594ee9b33d82058545b1ed14f4c8206e,custom.jsdebugger.open.DAMP,damp,True,damp custom.jsdebugger.open.DAMP opt e10s fission stylo webrender,4768565,77,ms,firefox,,1781344813,2023-10-26T19:25:04,774.6756819672573,a1dbe7d2099563e23614b7c0d0b0f6923ab447f7,1323220
autoland,4768729,12,95f51e857a45cd76f1766c14d6bed804857cd27b,windows10-64-shippable-qr,True,False,,,102210fe594ee9b33d82058545b1ed14f4c8206e,custom.jsdebugger.open.DAMP,damp,True,damp custom.jsdebugger.open.DAMP opt e10s fission stylo webrender,4768565,77,ms,firefox,,1781460375,2023-10-26T23:27:25,776.8138925089152,a880804c93083962e65cea658b69a28c06528e8e,1323339
autoland,4768729,12,95f51e857a45cd76f1766c14d6bed804857cd27b,windows10-64-shippable-qr,True,False,,,102210fe594ee9b33d82058545b1ed14f4c8206e,custom.jsdebugger.open.DAMP,damp,True,damp custom.jsdebugger.open.DAMP opt e10s fission stylo webrender,4768565,77,ms,firefox,,1781533840,2023-10-27T00:10:25,771.885187735068,6d47bee6d52ee11125f54db9df7336cbe69593c0,1323363
autoland,4768729,12,95f51e857a45cd76f1766c14d6bed804857cd27b,windows10-64-shippable-qr,True,False,,,102210fe594ee9b33d82058545b1ed14f4c8206e,custom.jsdebugger.open.DAMP,damp,True,damp custom.jsdebugger.open.DAMP opt e10s fission stylo webrender,4768565,77,ms,firefox,,1781645769,2023-10-27T05:17:25,775.4888394487616,4024630f5ffa1704a32f70c816f1003b0af9f105,1323421
autoland,4768729,12,95f51e857a45cd76f1766c14d6bed804857cd27b,windows10-64-shippable-qr,True,False,,,102210fe594ee9b33d82058545b1ed14f4c8206e,custom.jsdebugger.open.DAMP,damp,True,damp custom.jsdebugger.open.DAMP opt e10s fission stylo webrender,4768565,77,ms,firefox,,1781720844,2023-10-27T08:56:16,780.8881435677031,6e09ac4a4c291480d5951adca6d1659a46f571b2,1323505
autoland,4768729,12,95f51e857a45cd76f1766c14d6bed804857cd27b,windows10-64-shippable-qr,True,False,,,102210fe594ee9b33d82058545b1ed14f4c8206e,custom.jsdebugger.open.DAMP,damp,True,damp custom.jsdebugger.open.DAMP opt e10s fission stylo webrender,4768565,77,ms,firefox,,1781952776,2023-10-27T13:05:02,781.2776906241252,6013b7df2b9133416d4244ef4d45c492f215c3d0,1323649
autoland,4768729,12,95f51e857a45cd76f1766c14d6bed804857cd27b,windows10-64-shippable-qr,True,False,,,102210fe594ee9b33d82058545b1ed14f4c8206e,custom.jsdebugger.open.DAMP,damp,True,damp custom.jsdebugger.open.DAMP opt e10s fission stylo webrender,4768565,77,ms,firefox,,1781939833,2023-10-27T13:54:58,777.6961610876897,cda838e04db16590f96ddeaa7d7d54cc80e12a03,1323685
autoland,4768729,12,95f51e857a45cd76f1766c14d6bed804857cd27b,windows10-64-shippable-qr,True,False,,,102210fe594ee9b33d82058545b1ed14f4c8206e,custom.jsdebugger.open.DAMP,damp,True,damp custom.jsdebugger.open.DAMP opt e10s fission stylo webrender,4768565,77,ms,firefox,,1782140577,2023-10-27T17:16:47,775.307242928835,b6d6a9c84257af5a3d659491a2ab963896e70d0d,1323813
autoland,4768729,12,95f51e857a45cd76f1766c14d6bed804857cd27b,windows10-64-shippable-qr,True,False,,,102210fe594ee9b33d82058545b1ed14f4c8206e,custom.jsdebugger.open.DAMP,damp,True,damp custom.jsdebugger.open.DAMP opt e10s fission stylo webrender,4768565,77,ms,firefox,,1782326785,2023-10-27T22:11:30,775.6259194658924,2744df17e06b25289ca5dd01128e6c4f237d7a7c,1323968
autoland,4768729,12,95f51e857a45cd76f1766c14d6bed804857cd27b,windows10-64-shippable-qr,True,False,,,102210fe594ee9b33d82058545b1ed14f4c8206e,custom.jsdebugger.open.DAMP,damp,True,damp custom.jsdebugger.open.DAMP opt e10s fission stylo webrender,4768565,77,ms,firefox,,1782356079,2023-10-27T23:12:32,776.0041342286204,5c87acee8b894f06e4b248cb602b36ccfcef1615,1323985
autoland,4768729,12,95f51e857a45cd76f1766c14d6bed804857cd27b,windows10-64-shippable-qr,True,False,,,102210fe594ee9b33d82058545b1ed14f4c8206e,custom.jsdebugger.open.DAMP,damp,True,damp custom.jsdebugger.open.DAMP opt e10s fission stylo webrender,4768565,77,ms,firefox,,1782505509,2023-10-28T03:14:30,778.929455603954,0be08aa0812f81d5eb9f2235165d8478ebaf825b,1324017
autoland,4768729,12,95f51e857a45cd76f1766c14d6bed804857cd27b,windows10-64-shippable-qr,True,False,,,102210fe594ee9b33d82058545b1ed14f4c8206e,custom.jsdebugger.open.DAMP,damp,True,damp custom.jsdebugger.open.DAMP opt e10s fission stylo webrender,4768565,77,ms,firefox,,1783045197,2023-10-29T17:34:24,791.635932439196,da935aab57913c853df3002f297cc6eb76175828,1324194
autoland,4768729,12,95f51e857a45cd76f1766c14d6bed804857cd27b,windows10-64-shippable-qr,True,False,,,102210fe594ee9b33d82058545b1ed14f4c8206e,custom.jsdebugger.open.DAMP,damp,True,damp custom.jsdebugger.open.DAMP opt e10s fission stylo webrender,4768565,77,ms,firefox,,1783131122,2023-10-29T22:37:58,768.7366623840662,61e57e6ba3b7e09a71062e7cdc44f395af832716,1324214
autoland,4768729,12,95f51e857a45cd76f1766c14d6bed804857cd27b,windows10-64-shippable-qr,True,False,,,102210fe594ee9b33d82058545b1ed14f4c8206e,custom.jsdebugger.open.DAMP,damp,True,damp custom.jsdebugger.open.DAMP opt e10s fission stylo webrender,4768565,77,ms,firefox,,1783297252,2023-10-30T03:06:34,775.8359158013191,cfc1bbb8edcc79491d2e1267e84338d155b2ee3c,1324224
autoland,4768729,12,95f51e857a45cd76f1766c14d6bed804857cd27b,windows10-64-shippable-qr,True,False,,,102210fe594ee9b33d82058545b1ed14f4c8206e,custom.jsdebugger.open.DAMP,damp,True,damp custom.jsdebugger.open.DAMP opt e10s fission stylo webrender,4768565,77,ms,firefox,,1783358359,2023-10-30T07:08:15,772.3630239502972,07ff1e2e4f656661631e6746f339e6232b59ebfd,1324243
autoland,4768729,12,95f51e857a45cd76f1766c14d6bed804857cd27b,windows10-64-shippable-qr,True,False,,,102210fe594ee9b33d82058545b1ed14f4c8206e,custom.jsdebugger.open.DAMP,damp,True,damp custom.jsdebugger.open.DAMP opt e10s fission stylo webrender,4768565,77,ms,firefox,,1783507190,2023-10-30T12:36:41,771.1987518128808,9c6272da5dc92ff944d294d9a026bd42a408c784,1324389
autoland,4768729,12,95f51e857a45cd76f1766c14d6bed804857cd27b,windows10-64-shippable-qr,True,False,,,102210fe594ee9b33d82058545b1ed14f4c8206e,custom.jsdebugger.open.DAMP,damp,True,damp custom.jsdebugger.open.DAMP opt e10s fission stylo webrender,4768565,77,ms,firefox,,1783564312,2023-10-30T13:43:34,773.6998867114453,d2a035a8329b5914bcd659ea1ea427c251c4d138,1324429
autoland,4768729,12,95f51e857a45cd76f1766c14d6bed804857cd27b,windows10-64-shippable-qr,True,False,,,102210fe594ee9b33d82058545b1ed14f4c8206e,custom.jsdebugger.open.DAMP,damp,True,damp custom.jsdebugger.open.DAMP opt e10s fission stylo webrender,4768565,77,ms,firefox,,1783842217,2023-10-30T17:20:21,776.5233784200391,277907757ae0f5c9f9a9b4b15473ec6f3eab7674,1324599
autoland,4768729,12,95f51e857a45cd76f1766c14d6bed804857cd27b,windows10-64-shippable-qr,True,False,,,102210fe594ee9b33d82058545b1ed14f4c8206e,custom.jsdebugger.open.DAMP,damp,True,damp custom.jsdebugger.open.DAMP opt e10s fission stylo webrender,4768565,77,ms,firefox,,1783944632,2023-10-30T21:26:51,775.5061463924649,250d50a3e9aedba6c41312d2ce03b03eabac5c84,1324725
autoland,4768729,12,95f51e857a45cd76f1766c14d6bed804857cd27b,windows10-64-shippable-qr,True,False,,,102210fe594ee9b33d82058545b1ed14f4c8206e,custom.jsdebugger.open.DAMP,damp,True,damp custom.jsdebugger.open.DAMP opt e10s fission stylo webrender,4768565,77,ms,firefox,,1783963834,2023-10-30T22:47:24,780.9485710267618,9d87d8875f3012f1cb5e065b5861f41a29d1173c,1324763
autoland,4768729,12,95f51e857a45cd76f1766c14d6bed804857cd27b,windows10-64-shippable-qr,True,False,,,102210fe594ee9b33d82058545b1ed14f4c8206e,custom.jsdebugger.open.DAMP,damp,True,damp custom.jsdebugger.open.DAMP opt e10s fission stylo webrender,4768565,77,ms,firefox,,1784145416,2023-10-31T03:27:18,773.663270628138,88295a805fb918c5a40c57d9827608c50c65da1a,1324833
autoland,4768729,12,95f51e857a45cd76f1766c14d6bed804857cd27b,windows10-64-shippable-qr,True,False,,,102210fe594ee9b33d82058545b1ed14f4c8206e,custom.jsdebugger.open.DAMP,damp,True,damp custom.jsdebugger.open.DAMP opt e10s fission stylo webrender,4768565,77,ms,firefox,,1784289090,2023-10-31T08:52:16,792.6063432714873,26a58e0274b4491ce07587bf329d30954bfa36a5,1324883
autoland,4768729,12,95f51e857a45cd76f1766c14d6bed804857cd27b,windows10-64-shippable-qr,True,False,,,102210fe594ee9b33d82058545b1ed14f4c8206e,custom.jsdebugger.open.DAMP,damp,True,damp custom.jsdebugger.open.DAMP opt e10s fission stylo webrender,4768565,77,ms,firefox,,1784348815,2023-10-31T10:24:24,778.7672829660078,173608723df3997c0b39049e55f7e4f529974bd1,1324925
autoland,4768729,12,95f51e857a45cd76f1766c14d6bed804857cd27b,windows10-64-shippable-qr,True,False,,,102210fe594ee9b33d82058545b1ed14f4c8206e,custom.jsdebugger.open.DAMP,damp,True,damp custom.jsdebugger.open.DAMP opt e10s fission stylo webrender,4768565,77,ms,firefox,,1784523555,2023-10-31T14:28:55,776.7267915084303,d93c1e224fa334cb0e1a4faf860be329181c1d60,1325039
autoland,4768729,12,95f51e857a45cd76f1766c14d6bed804857cd27b,windows10-64-shippable-qr,True,False,,,102210fe594ee9b33d82058545b1ed14f4c8206e,custom.jsdebugger.open.DAMP,damp,True,damp custom.jsdebugger.open.DAMP opt e10s fission stylo webrender,4768565,77,ms,firefox,,1784578885,2023-10-31T15:46:12,770.1592079164839,4712d595873a538c628ea09a2826c33e3f2e383d,1325101
autoland,4768729,12,95f51e857a45cd76f1766c14d6bed804857cd27b,windows10-64-shippable-qr,True,False,,,102210fe594ee9b33d82058545b1ed14f4c8206e,custom.jsdebugger.open.DAMP,damp,True,damp custom.jsdebugger.open.DAMP opt e10s fission stylo webrender,4768565,77,ms,firefox,,1784838882,2023-10-31T20:04:41,771.8312272522962,5624631ba42eb404a5c5b4e50e9c4fbc826eef31,1325256
autoland,4768729,12,95f51e857a45cd76f1766c14d6bed804857cd27b,windows10-64-shippable-qr,True,False,,,102210fe594ee9b33d82058545b1ed14f4c8206e,custom.jsdebugger.open.DAMP,damp,True,damp custom.jsdebugger.open.DAMP opt e10s fission stylo webrender,4768565,77,ms,firefox,,1784870276,2023-10-31T22:59:03,767.9283840850985,251055c46bfcc027766c9bdaccaaa919c3e6c8f6,1325343
autoland,4768729,12,95f51e857a45cd76f1766c14d6bed804857cd27b,windows10-64-shippable-qr,True,False,,,102210fe594ee9b33d82058545b1ed14f4c8206e,custom.jsdebugger.open.DAMP,damp,True,damp custom.jsdebugger.open.DAMP opt e10s fission stylo webrender,4768565,77,ms,firefox,,1785107841,2023-11-01T04:08:21,773.7046491965593,b73ef4c8979fb0702de9f4bf2fdf986b1d0fd487,1325446
autoland,4768729,12,95f51e857a45cd76f1766c14d6bed804857cd27b,windows10-64-shippable-qr,True,False,,,102210fe594ee9b33d82058545b1ed14f4c8206e,custom.jsdebugger.open.DAMP,damp,True,damp custom.jsdebugger.open.DAMP opt e10s fission stylo webrender,4768565,77,ms,firefox,,1785187607,2023-11-01T08:27:37,789.1311560351432,5db6f03a7c103189ba38ef4c4687a046566f4e5b,1325492
autoland,4768729,12,95f51e857a45cd76f1766c14d6bed804857cd27b,windows10-64-shippable-qr,True,False,,,102210fe594ee9b33d82058545b1ed14f4c8206e,custom.jsdebugger.open.DAMP,damp,True,damp custom.jsdebugger.open.DAMP opt e10s fission stylo webrender,4768565,77,ms,firefox,,1785388313,2023-11-01T15:00:09,771.3609142280038,dee5e3c280a214c32ea4f7a2b6446bbe456ecb54,1325661
autoland,4768729,12,95f51e857a45cd76f1766c14d6bed804857cd27b,windows10-64-shippable-qr,True,False,,,102210fe594ee9b33d82058545b1ed14f4c8206e,custom.jsdebugger.open.DAMP,damp,True,damp custom.jsdebugger.open.DAMP opt e10s fission stylo webrender,4768565,77,ms,firefox,,1785592701,2023-11-01T21:17:16,774.0995552090608,3eea9367b17b3c112968a3f0e008b1005452bbdd,1325895
autoland,4768729,12,95f51e857a45cd76f1766c14d6bed804857cd27b,windows10-64-shippable-qr,True,False,,,102210fe594ee9b33d82058545b1ed14f4c8206e,custom.jsdebugger.open.DAMP,damp,True,damp custom.jsdebugger.open.DAMP opt e10s fission stylo webrender,4768565,77,ms,firefox,,1785719850,2023-11-02T01:36:12,771.6838010340143,0ea21c7c9ab7dcf411a8094c876b12784bc6343c,1325979
autoland,4768729,12,95f51e857a45cd76f1766c14d6bed804857cd27b,windows10-64-shippable-qr,True,False,,,102210fe594ee9b33d82058545b1ed14f4c8206e,custom.jsdebugger.open.DAMP,damp,True,damp custom.jsdebugger.open.DAMP opt e10s fission stylo webrender,4768565,77,ms,firefox,,1787569141,2023-11-02T01:45:00,777.4663675216825,a5e6d910d2695f69a08e8a0655c4df428dec3dea,1325981
autoland,4768729,12,95f51e857a45cd76f1766c14d6bed804857cd27b,windows10-64-shippable-qr,True,False,,,102210fe594ee9b33d82058545b1ed14f4c8206e,custom.jsdebugger.open.DAMP,damp,True,damp custom.jsdebugger.open.DAMP opt e10s fission stylo webrender,4768565,77,ms,firefox,,1787569196,2023-11-02T04:24:14,781.9244854484496,5215ac06e712057fb39b34156229bad40a2e626b,1326008
autoland,4768729,12,95f51e857a45cd76f1766c14d6bed804857cd27b,windows10-64-shippable-qr,True,False,,,102210fe594ee9b33d82058545b1ed14f4c8206e,custom.jsdebugger.open.DAMP,damp,True,damp custom.jsdebugger.open.DAMP opt e10s fission stylo webrender,4768565,77,ms,firefox,,1785841724,2023-11-02T06:18:28,778.23774348591,1fcf041bc427507f767a28519182263ab9925550,1326017
autoland,4768729,12,95f51e857a45cd76f1766c14d6bed804857cd27b,windows10-64-shippable-qr,True,False,,,102210fe594ee9b33d82058545b1ed14f4c8206e,custom.jsdebugger.open.DAMP,damp,True,damp custom.jsdebugger.open.DAMP opt e10s fission stylo webrender,4768565,77,ms,firefox,,1787569252,2023-11-02T07:01:47,768.0934313007356,0e73daebf8a7d008ce766b38837d9c35d2f0817b,1326024
autoland,4768729,12,95f51e857a45cd76f1766c14d6bed804857cd27b,windows10-64-shippable-qr,True,False,,,102210fe594ee9b33d82058545b1ed14f4c8206e,custom.jsdebugger.open.DAMP,damp,True,damp custom.jsdebugger.open.DAMP opt e10s fission stylo webrender,4768565,77,ms,firefox,,1787569421,2023-11-02T07:10:51,769.8158540485601,d55b7b5e620c02e1dae5c648e8e6e1949ac87503,1326034
autoland,4768729,12,95f51e857a45cd76f1766c14d6bed804857cd27b,windows10-64-shippable-qr,True,False,,,102210fe594ee9b33d82058545b1ed14f4c8206e,custom.jsdebugger.open.DAMP,damp,True,damp custom.jsdebugger.open.DAMP opt e10s fission stylo webrender,4768565,77,ms,firefox,,1787569364,2023-11-02T08:51:48,770.1404346055497,564753cc08f0c6a139921fe26e6c331d8b173348,1326058
autoland,4768729,12,95f51e857a45cd76f1766c14d6bed804857cd27b,windows10-64-shippable-qr,True,False,,,102210fe594ee9b33d82058545b1ed14f4c8206e,custom.jsdebugger.open.DAMP,damp,True,damp custom.jsdebugger.open.DAMP opt e10s fission stylo webrender,4768565,77,ms,firefox,,1787569480,2023-11-02T08:58:01,768.229860889478,e210c2c7d93a2505bd5bfb24530f00b66d01a6cd,1326063
autoland,4768729,12,95f51e857a45cd76f1766c14d6bed804857cd27b,windows10-64-shippable-qr,True,False,,,102210fe594ee9b33d82058545b1ed14f4c8206e,custom.jsdebugger.open.DAMP,damp,True,damp custom.jsdebugger.open.DAMP opt e10s fission stylo webrender,4768565,77,ms,firefox,,1787569663,2023-11-02T09:15:12,766.8513169688522,3084ddd8f59dc74d30cc1d310b3d1be20882f9e2,1326067
autoland,4768729,12,95f51e857a45cd76f1766c14d6bed804857cd27b,windows10-64-shippable-qr,True,False,,,102210fe594ee9b33d82058545b1ed14f4c8206e,custom.jsdebugger.open.DAMP,damp,True,damp custom.jsdebugger.open.DAMP opt e10s fission stylo webrender,4768565,77,ms,firefox,,1787569719,2023-11-02T09:15:12,768.9617590417702,3084ddd8f59dc74d30cc1d310b3d1be20882f9e2,1326067
autoland,4768729,12,95f51e857a45cd76f1766c14d6bed804857cd27b,windows10-64-shippable-qr,True,False,,,102210fe594ee9b33d82058545b1ed14f4c8206e,custom.jsdebugger.open.DAMP,damp,True,damp custom.jsdebugger.open.DAMP opt e10s fission stylo webrender,4768565,77,ms,firefox,,1787569777,2023-11-02T09:35:57,773.8611993174854,c655bf3d7fd2ce0d94a175306fb8466d689c6c29,1326078
autoland,4768729,12,95f51e857a45cd76f1766c14d6bed804857cd27b,windows10-64-shippable-qr,True,False,,,102210fe594ee9b33d82058545b1ed14f4c8206e,custom.jsdebugger.open.DAMP,damp,True,damp custom.jsdebugger.open.DAMP opt e10s fission stylo webrender,4768565,77,ms,firefox,,1787569832,2023-11-02T09:35:57,763.7083043768434,c655bf3d7fd2ce0d94a175306fb8466d689c6c29,1326078
autoland,4768729,12,95f51e857a45cd76f1766c14d6bed804857cd27b,windows10-64-shippable-qr,True,False,,,102210fe594ee9b33d82058545b1ed14f4c8206e,custom.jsdebugger.open.DAMP,damp,True,damp custom.jsdebugger.open.DAMP opt e10s fission stylo webrender,4768565,77,ms,firefox,,1785963810,2023-11-02T10:56:45,768.6334624596639,86b37d608b6dff619ef21dd6df25970d2f35504f,1326103
autoland,4768729,12,95f51e857a45cd76f1766c14d6bed804857cd27b,windows10-64-shippable-qr,True,False,,,102210fe594ee9b33d82058545b1ed14f4c8206e,custom.jsdebugger.open.DAMP,damp,True,damp custom.jsdebugger.open.DAMP opt e10s fission stylo webrender,4768565,77,ms,firefox,,1787570014,2023-11-02T11:52:04,765.8127068268514,6320d7617d1b38847345e9032d5feab0452bf60a,1326119
autoland,4768729,12,95f51e857a45cd76f1766c14d6bed804857cd27b,windows10-64-shippable-qr,True,False,,,102210fe594ee9b33d82058545b1ed14f4c8206e,custom.jsdebugger.open.DAMP,damp,True,damp custom.jsdebugger.open.DAMP opt e10s fission stylo webrender,4768565,77,ms,firefox,,1786004671,2023-11-02T12:13:53,781.6242081915916,59754ae1b71386535d42979e577deaaad4aa522f,1326138
autoland,4768729,12,95f51e857a45cd76f1766c14d6bed804857cd27b,windows10-64-shippable-qr,True,False,,,102210fe594ee9b33d82058545b1ed14f4c8206e,custom.jsdebugger.open.DAMP,damp,True,damp custom.jsdebugger.open.DAMP opt e10s fission stylo webrender,4768565,77,ms,firefox,,1787569538,2023-11-03T01:11:05,767.0269895726087,36f2efb02d4349901b7d36c17e45fd550a7aad2b,1326640
autoland,4768729,12,95f51e857a45cd76f1766c14d6bed804857cd27b,windows10-64-shippable-qr,True,False,,,102210fe594ee9b33d82058545b1ed14f4c8206e,custom.jsdebugger.open.DAMP,damp,True,damp custom.jsdebugger.open.DAMP opt e10s fission stylo webrender,4768565,77,ms,firefox,,1787569309,2023-11-03T01:52:04,770.9560639371603,74d7322a0dc48e7a0b87bca4351e9394d0b0205d,1326655
autoland,4768729,12,95f51e857a45cd76f1766c14d6bed804857cd27b,windows10-64-shippable-qr,True,False,,,102210fe594ee9b33d82058545b1ed14f4c8206e,custom.jsdebugger.open.DAMP,damp,True,damp custom.jsdebugger.open.DAMP opt e10s fission stylo webrender,4768565,77,ms,firefox,,1786495329,2023-11-03T02:17:21,772.3796715693461,7398cacb1ad3e7be98ad07eff3a56fd050025c48,1326661
autoland,4768729,12,95f51e857a45cd76f1766c14d6bed804857cd27b,windows10-64-shippable-qr,True,False,,,102210fe594ee9b33d82058545b1ed14f4c8206e,custom.jsdebugger.open.DAMP,damp,True,damp custom.jsdebugger.open.DAMP opt e10s fission stylo webrender,4768565,77,ms,firefox,,1787569598,2023-11-03T04:08:25,767.4948782907277,8be76292bf3f6acbc6d7d87935f7eb147bbf27ca,1326703
autoland,4768729,12,95f51e857a45cd76f1766c14d6bed804857cd27b,windows10-64-shippable-qr,True,False,,,102210fe594ee9b33d82058545b1ed14f4c8206e,custom.jsdebugger.open.DAMP,damp,True,damp custom.jsdebugger.open.DAMP opt e10s fission stylo webrender,4768565,77,ms,firefox,,1787569887,2023-11-03T04:20:42,764.9502471938904,4184b410e6d5681549f012fecc1f8b842e141b26,1326704
autoland,4768729,12,95f51e857a45cd76f1766c14d6bed804857cd27b,windows10-64-shippable-qr,True,False,,,102210fe594ee9b33d82058545b1ed14f4c8206e,custom.jsdebugger.open.DAMP,damp,True,damp custom.jsdebugger.open.DAMP opt e10s fission stylo webrender,4768565,77,ms,firefox,,1787569948,2023-11-03T04:51:35,774.3622108952986,66a36c6e56c8b40c4bbf326973befc12d3188b98,1326712
autoland,4768729,12,95f51e857a45cd76f1766c14d6bed804857cd27b,windows10-64-shippable-qr,True,False,,,102210fe594ee9b33d82058545b1ed14f4c8206e,custom.jsdebugger.open.DAMP,damp,True,damp custom.jsdebugger.open.DAMP opt e10s fission stylo webrender,4768565,77,ms,firefox,,1786564617,2023-11-03T06:29:48,785.7892816390158,63221dffde4f2b6c134c16fb540dea75d856626d,1326720
autoland,4768729,12,95f51e857a45cd76f1766c14d6bed804857cd27b,windows10-64-shippable-qr,True,False,,,102210fe594ee9b33d82058545b1ed14f4c8206e,custom.jsdebugger.open.DAMP,damp,True,damp custom.jsdebugger.open.DAMP opt e10s fission stylo webrender,4768565,77,ms,firefox,,1787639828,2023-11-03T06:58:55,773.3693212751605,3b2e87a93f83951048307cbc49600161594f24fc,1326722
autoland,4768729,12,95f51e857a45cd76f1766c14d6bed804857cd27b,windows10-64-shippable-qr,True,False,,,102210fe594ee9b33d82058545b1ed14f4c8206e,custom.jsdebugger.open.DAMP,damp,True,damp custom.jsdebugger.open.DAMP opt e10s fission stylo webrender,4768565,77,ms,firefox,,1787639980,2023-11-03T07:36:07,773.0947183741591,b22bbe4260314e1412d7b27c4116cd80a3334dea,1326733
autoland,4768729,12,95f51e857a45cd76f1766c14d6bed804857cd27b,windows10-64-shippable-qr,True,False,,,102210fe594ee9b33d82058545b1ed14f4c8206e,custom.jsdebugger.open.DAMP,damp,True,damp custom.jsdebugger.open.DAMP opt e10s fission stylo webrender,4768565,77,ms,firefox,,1787639611,2023-11-03T08:19:03,769.870231738314,b8d7ddef8a12d2762b4df028073939ad1508d0a4,1326743
autoland,4768729,12,95f51e857a45cd76f1766c14d6bed804857cd27b,windows10-64-shippable-qr,True,False,,,102210fe594ee9b33d82058545b1ed14f4c8206e,custom.jsdebugger.open.DAMP,damp,True,damp custom.jsdebugger.open.DAMP opt e10s fission stylo webrender,4768565,77,ms,firefox,,1787640807,2023-11-03T09:09:22,774.3060011851048,124a723cd010dfbd667203d480325aa24380f6d4,1326753
autoland,4768729,12,95f51e857a45cd76f1766c14d6bed804857cd27b,windows10-64-shippable-qr,True,False,,,102210fe594ee9b33d82058545b1ed14f4c8206e,custom.jsdebugger.open.DAMP,damp,True,damp custom.jsdebugger.open.DAMP opt e10s fission stylo webrender,4768565,77,ms,firefox,,1787641002,2023-11-03T09:13:52,768.7206730816833,7dd4084a322471851e49b87b3a617befb0375765,1326754
autoland,4768729,12,95f51e857a45cd76f1766c14d6bed804857cd27b,windows10-64-shippable-qr,True,False,,,102210fe594ee9b33d82058545b1ed14f4c8206e,custom.jsdebugger.open.DAMP,damp,True,damp custom.jsdebugger.open.DAMP opt e10s fission stylo webrender,4768565,77,ms,firefox,,1787640642,2023-11-03T09:17:10,773.675635878084,3d9fe41a25152c0c6672f138ea09debecd5143cf,1326755
autoland,4768729,12,95f51e857a45cd76f1766c14d6bed804857cd27b,windows10-64-shippable-qr,True,False,,,102210fe594ee9b33d82058545b1ed14f4c8206e,custom.jsdebugger.open.DAMP,damp,True,damp custom.jsdebugger.open.DAMP opt e10s fission stylo webrender,4768565,77,ms,firefox,,1787640216,2023-11-03T09:42:39,770.417269546364,4492a1a7f6e79ee78ecaa1b7c93899342d32df2e,1326765
autoland,4768729,12,95f51e857a45cd76f1766c14d6bed804857cd27b,windows10-64-shippable-qr,True,False,,,102210fe594ee9b33d82058545b1ed14f4c8206e,custom.jsdebugger.open.DAMP,damp,True,damp custom.jsdebugger.open.DAMP opt e10s fission stylo webrender,4768565,77,ms,firefox,,1787640476,2023-11-03T09:43:52,776.5809112031566,6c29477373c7502d2ca6e660b3acc28c18ba6974,1326767
autoland,4768729,12,95f51e857a45cd76f1766c14d6bed804857cd27b,windows10-64-shippable-qr,True,False,,,102210fe594ee9b33d82058545b1ed14f4c8206e,custom.jsdebugger.open.DAMP,damp,True,damp custom.jsdebugger.open.DAMP opt e10s fission stylo webrender,4768565,77,ms,firefox,,1786718620,2023-11-03T09:45:55,772.1925736043195,fef2ab0f10caa08593c20e7febc4cec185670a4a,1326769
autoland,4768729,12,95f51e857a45cd76f1766c14d6bed804857cd27b,windows10-64-shippable-qr,True,False,,,102210fe594ee9b33d82058545b1ed14f4c8206e,custom.jsdebugger.open.DAMP,damp,True,damp custom.jsdebugger.open.DAMP opt e10s fission stylo webrender,4768565,77,ms,firefox,,1786810467,2023-11-03T14:08:17,772.8696395389125,db8c28afe588aab0cd434e280a4614c075350cde,1326874
autoland,4768729,12,95f51e857a45cd76f1766c14d6bed804857cd27b,windows10-64-shippable-qr,True,False,,,102210fe594ee9b33d82058545b1ed14f4c8206e,custom.jsdebugger.open.DAMP,damp,True,damp custom.jsdebugger.open.DAMP opt e10s fission stylo webrender,4768565,77,ms,firefox,,1786915427,2023-11-03T15:30:02,776.4572541512898,c1bbed9e33815cc111047e95375c6446ad566b5b,1326932
autoland,4768729,12,95f51e857a45cd76f1766c14d6bed804857cd27b,windows10-64-shippable-qr,True,False,,,102210fe594ee9b33d82058545b1ed14f4c8206e,custom.jsdebugger.open.DAMP,damp,True,damp custom.jsdebugger.open.DAMP opt e10s fission stylo webrender,4768565,77,ms,firefox,,1786993907,2023-11-03T19:29:08,767.2907726567064,3483c8458f12814829ccacc001ce04923ce9c601,1327119
autoland,4768729,12,95f51e857a45cd76f1766c14d6bed804857cd27b,windows10-64-shippable-qr,True,False,,,102210fe594ee9b33d82058545b1ed14f4c8206e,custom.jsdebugger.open.DAMP,damp,True,damp custom.jsdebugger.open.DAMP opt e10s fission stylo webrender,4768565,77,ms,firefox,,1787115469,2023-11-04T00:04:01,769.5047286621484,71b8373e6622cf42c02a4244f2c2629c6afed2db,1327246
autoland,4768729,12,95f51e857a45cd76f1766c14d6bed804857cd27b,windows10-64-shippable-qr,True,False,,,102210fe594ee9b33d82058545b1ed14f4c8206e,custom.jsdebugger.open.DAMP,damp,True,damp custom.jsdebugger.open.DAMP opt e10s fission stylo webrender,4768565,77,ms,firefox,,1787146190,2023-11-04T01:35:30,769.043783917924,fa8ebe703963d027ce9185c21a4e7bdc98f8cd68,1327271
autoland,4768729,12,95f51e857a45cd76f1766c14d6bed804857cd27b,windows10-64-shippable-qr,True,False,,,102210fe594ee9b33d82058545b1ed14f4c8206e,custom.jsdebugger.open.DAMP,damp,True,damp custom.jsdebugger.open.DAMP opt e10s fission stylo webrender,4768565,77,ms,firefox,,1787230662,2023-11-04T08:24:01,772.43259350484,f65c77517e3e8d32a23f3607a039a558abd2b12c,1327306
autoland,4768729,12,95f51e857a45cd76f1766c14d6bed804857cd27b,windows10-64-shippable-qr,True,False,,,102210fe594ee9b33d82058545b1ed14f4c8206e,custom.jsdebugger.open.DAMP,damp,True,damp custom.jsdebugger.open.DAMP opt e10s fission stylo webrender,4768565,77,ms,firefox,,1787360015,2023-11-04T14:15:16,770.0061337568695,90f5a1a99e4af4267d041ebe447fe2c0d6028eec,1327379
autoland,4768729,12,95f51e857a45cd76f1766c14d6bed804857cd27b,windows10-64-shippable-qr,True,False,,,102210fe594ee9b33d82058545b1ed14f4c8206e,custom.jsdebugger.open.DAMP,damp,True,damp custom.jsdebugger.open.DAMP opt e10s fission stylo webrender,4768565,77,ms,firefox,,1787446975,2023-11-04T18:45:40,769.105027260608,55a02a6f1e91945e24618f64bd61b9f3a0beeea0,1327418
autoland,4768729,12,95f51e857a45cd76f1766c14d6bed804857cd27b,windows10-64-shippable-qr,True,False,,,102210fe594ee9b33d82058545b1ed14f4c8206e,custom.jsdebugger.open.DAMP,damp,True,damp custom.jsdebugger.open.DAMP opt e10s fission stylo webrender,4768565,77,ms,firefox,,1787511448,2023-11-04T23:01:16,777.2784446109363,c6d6218c85ae690d272c8b978051ec7c2718b1b2,1327454
autoland,4768729,12,95f51e857a45cd76f1766c14d6bed804857cd27b,windows10-64-shippable-qr,True,False,,,102210fe594ee9b33d82058545b1ed14f4c8206e,custom.jsdebugger.open.DAMP,damp,True,damp custom.jsdebugger.open.DAMP opt e10s fission stylo webrender,4768565,77,ms,firefox,,1787746324,2023-11-05T12:31:02,773.3805693235918,6e473b5825d2acd52739d9cc4cdec6ea5e26c9d1,1327508
autoland,4768729,12,95f51e857a45cd76f1766c14d6bed804857cd27b,windows10-64-shippable-qr,True,False,,,102210fe594ee9b33d82058545b1ed14f4c8206e,custom.jsdebugger.open.DAMP,damp,True,damp custom.jsdebugger.open.DAMP opt e10s fission stylo webrender,4768565,77,ms,firefox,,1787881774,2023-11-05T17:15:11,783.9204092994187,e4d362eebc148baf8432d0b013b6233995a2f16e,1327546
autoland,4768729,12,95f51e857a45cd76f1766c14d6bed804857cd27b,windows10-64-shippable-qr,True,False,,,102210fe594ee9b33d82058545b1ed14f4c8206e,custom.jsdebugger.open.DAMP,damp,True,damp custom.jsdebugger.open.DAMP opt e10s fission stylo webrender,4768565,77,ms,firefox,,1787988779,2023-11-05T22:35:05,772.61785986014,1995198e0bee1b9f7d4ac3a5286fb89a8305fa28,1327567
autoland,4768729,12,95f51e857a45cd76f1766c14d6bed804857cd27b,windows10-64-shippable-qr,True,False,,,102210fe594ee9b33d82058545b1ed14f4c8206e,custom.jsdebugger.open.DAMP,damp,True,damp custom.jsdebugger.open.DAMP opt e10s fission stylo webrender,4768565,77,ms,firefox,,1788234614,2023-11-06T03:28:15,772.0656125594469,925231a8fb5eccf055afb3e9921596d8f990128b,1327590
autoland,4768729,12,95f51e857a45cd76f1766c14d6bed804857cd27b,windows10-64-shippable-qr,True,False,,,102210fe594ee9b33d82058545b1ed14f4c8206e,custom.jsdebugger.open.DAMP,damp,True,damp custom.jsdebugger.open.DAMP opt e10s fission stylo webrender,4768565,77,ms,firefox,,1788301147,2023-11-06T06:27:10,766.2877189820592,58f61f19462af6371405866cd0506983856d5433,1327613
autoland,4768729,12,95f51e857a45cd76f1766c14d6bed804857cd27b,windows10-64-shippable-qr,True,False,,,102210fe594ee9b33d82058545b1ed14f4c8206e,custom.jsdebugger.open.DAMP,damp,True,damp custom.jsdebugger.open.DAMP opt e10s fission stylo webrender,4768565,77,ms,firefox,,1788515668,2023-11-06T10:22:32,773.9648830099331,47130f8e8a79f36f7bea8cf4a4a19a3ef155e539,1327714
autoland,4768729,12,95f51e857a45cd76f1766c14d6bed804857cd27b,windows10-64-shippable-qr,True,False,,,102210fe594ee9b33d82058545b1ed14f4c8206e,custom.jsdebugger.open.DAMP,damp,True,damp custom.jsdebugger.open.DAMP opt e10s fission stylo webrender,4768565,77,ms,firefox,,1788802606,2023-11-06T17:39:09,796.7553838570893,6d5e2f6a296345f3afbeecf2e34bf0f7da7c7991,1328028
autoland,4768729,12,95f51e857a45cd76f1766c14d6bed804857cd27b,windows10-64-shippable-qr,True,False,,,102210fe594ee9b33d82058545b1ed14f4c8206e,custom.jsdebugger.open.DAMP,damp,True,damp custom.jsdebugger.open.DAMP opt e10s fission stylo webrender,4768565,77,ms,firefox,,1788881756,2023-11-06T20:45:17,777.7107436465012,cfad60e16bc9ffd1123a5eb881ba42aaa60b9b18,1328100
autoland,4768729,12,95f51e857a45cd76f1766c14d6bed804857cd27b,windows10-64-shippable-qr,True,False,,,102210fe594ee9b33d82058545b1ed14f4c8206e,custom.jsdebugger.open.DAMP,damp,True,damp custom.jsdebugger.open.DAMP opt e10s fission stylo webrender,4768565,77,ms,firefox,,1788997006,2023-11-07T01:37:21,778.2165243760028,05f23c29b41cfcb7bfe0b081854260fa6d04388f,1328269
autoland,4768729,12,95f51e857a45cd76f1766c14d6bed804857cd27b,windows10-64-shippable-qr,True,False,,,102210fe594ee9b33d82058545b1ed14f4c8206e,custom.jsdebugger.open.DAMP,damp,True,damp custom.jsdebugger.open.DAMP opt e10s fission stylo webrender,4768565,77,ms,firefox,,1789144156,2023-11-07T05:57:42,773.1996467884746,5f6163941f402e507f0d384b9904f2a425a28d57,1328312
autoland,4768729,12,95f51e857a45cd76f1766c14d6bed804857cd27b,windows10-64-shippable-qr,True,False,,,102210fe594ee9b33d82058545b1ed14f4c8206e,custom.jsdebugger.open.DAMP,damp,True,damp custom.jsdebugger.open.DAMP opt e10s fission stylo webrender,4768565,77,ms,firefox,,1789198256,2023-11-07T07:13:43,779.2395769511058,7a3978f0626b31f7d311cbc700a8ad6eef3c38a7,1328322
autoland,4768729,12,95f51e857a45cd76f1766c14d6bed804857cd27b,windows10-64-shippable-qr,True,False,,,102210fe594ee9b33d82058545b1ed14f4c8206e,custom.jsdebugger.open.DAMP,damp,True,damp custom.jsdebugger.open.DAMP opt e10s fission stylo webrender,4768565,77,ms,firefox,,1789434668,2023-11-07T15:22:28,778.1033146851623,3a6678776d36c32f58fe521d73f09bbc1478cbbb,1328534
autoland,4768729,12,95f51e857a45cd76f1766c14d6bed804857cd27b,windows10-64-shippable-qr,True,False,,,102210fe594ee9b33d82058545b1ed14f4c8206e,custom.jsdebugger.open.DAMP,damp,True,damp custom.jsdebugger.open.DAMP opt e10s fission stylo webrender,4768565,77,ms,firefox,,1789552259,2023-11-07T20:38:50,796.5255015122966,2f5322fade4338f844537e7e14979d023e4b7d48,1328596
autoland,4768729,12,95f51e857a45cd76f1766c14d6bed804857cd27b,windows10-64-shippable-qr,True,False,,,102210fe594ee9b33d82058545b1ed14f4c8206e,custom.jsdebugger.open.DAMP,damp,True,damp custom.jsdebugger.open.DAMP opt e10s fission stylo webrender,4768565,77,ms,firefox,,1789693013,2023-11-07T23:09:36,779.0278350458975,146ef5c46755802d7609ece035e0115301c936bd,1328770
autoland,4768729,12,95f51e857a45cd76f1766c14d6bed804857cd27b,windows10-64-shippable-qr,True,False,,,102210fe594ee9b33d82058545b1ed14f4c8206e,custom.jsdebugger.open.DAMP,damp,True,damp custom.jsdebugger.open.DAMP opt e10s fission stylo webrender,4768565,77,ms,firefox,,1789878190,2023-11-08T05:24:12,777.2456579832506,68721f0d6aec0facf9c8f271ea2bb2719348014a,1328912
autoland,4768729,12,95f51e857a45cd76f1766c14d6bed804857cd27b,windows10-64-shippable-qr,True,False,,,102210fe594ee9b33d82058545b1ed14f4c8206e,custom.jsdebugger.open.DAMP,damp,True,damp custom.jsdebugger.open.DAMP opt e10s fission stylo webrender,4768565,77,ms,firefox,,1790018582,2023-11-08T09:44:01,775.9368915734522,578787894d0e996af4d743caf71b5501330fb2ab,1328973
autoland,4768729,12,95f51e857a45cd76f1766c14d6bed804857cd27b,windows10-64-shippable-qr,True,False,,,102210fe594ee9b33d82058545b1ed14f4c8206e,custom.jsdebugger.open.DAMP,damp,True,damp custom.jsdebugger.open.DAMP opt e10s fission stylo webrender,4768565,77,ms,firefox,,1790033835,2023-11-08T09:46:58,775.6947156147799,e65fca949600e3163fd1befd6423958e0bc70029,1328975
autoland,4768729,12,95f51e857a45cd76f1766c14d6bed804857cd27b,windows10-64-shippable-qr,True,False,,,102210fe594ee9b33d82058545b1ed14f4c8206e,custom.jsdebugger.open.DAMP,damp,True,damp custom.jsdebugger.open.DAMP opt e10s fission stylo webrender,4768565,77,ms,firefox,,1790128715,2023-11-08T13:41:28,776.4894519376685,ae536a17c1ffbb830141240a38f81e032b6645ea,1329115
autoland,4768729,12,95f51e857a45cd76f1766c14d6bed804857cd27b,windows10-64-shippable-qr,True,False,,,102210fe594ee9b33d82058545b1ed14f4c8206e,custom.jsdebugger.open.DAMP,damp,True,damp custom.jsdebugger.open.DAMP opt e10s fission stylo webrender,4768565,77,ms,firefox,,1790203597,2023-11-08T17:45:21,774.7498113281035,f1fb5f0afb5896b5c30e6a9b1439a9c4de4a3db2,1329261
autoland,4768729,12,95f51e857a45cd76f1766c14d6bed804857cd27b,windows10-64-shippable-qr,True,False,,,102210fe594ee9b33d82058545b1ed14f4c8206e,custom.jsdebugger.open.DAMP,damp,True,damp custom.jsdebugger.open.DAMP opt e10s fission stylo webrender,4768565,77,ms,firefox,,1790472371,2023-11-08T23:10:55,783.7018544327229,9b044e3ed5981e128922152098934a6691bfcd97,1329500
autoland,4768729,12,95f51e857a45cd76f1766c14d6bed804857cd27b,windows10-64-shippable-qr,True,False,,,102210fe594ee9b33d82058545b1ed14f4c8206e,custom.jsdebugger.open.DAMP,damp,True,damp custom.jsdebugger.open.DAMP opt e10s fission stylo webrender,4768565,77,ms,firefox,,1790448011,2023-11-09T00:04:05,777.8805380916165,fd3f50f4dce00592f4da8f972037ced4a0c9f5be,1329532
autoland,4768729,12,95f51e857a45cd76f1766c14d6bed804857cd27b,windows10-64-shippable-qr,True,False,,,102210fe594ee9b33d82058545b1ed14f4c8206e,custom.jsdebugger.open.DAMP,damp,True,damp custom.jsdebugger.open.DAMP opt e10s fission stylo webrender,4768565,77,ms,firefox,,1790640482,2023-11-09T04:14:58,777.1288088500951,975206b939dc6e4f823a1a29c703dd586e4157b9,1329628
autoland,4768729,12,95f51e857a45cd76f1766c14d6bed804857cd27b,windows10-64-shippable-qr,True,False,,,102210fe594ee9b33d82058545b1ed14f4c8206e,custom.jsdebugger.open.DAMP,damp,True,damp custom.jsdebugger.open.DAMP opt e10s fission stylo webrender,4768565,77,ms,firefox,,1790766955,2023-11-09T08:18:01,775.3518636468216,d0c4fdebcd36de1f0361cb29103afbf36e498521,1329688
autoland,4768729,12,95f51e857a45cd76f1766c14d6bed804857cd27b,windows10-64-shippable-qr,True,False,,,102210fe594ee9b33d82058545b1ed14f4c8206e,custom.jsdebugger.open.DAMP,damp,True,damp custom.jsdebugger.open.DAMP opt e10s fission stylo webrender,4768565,77,ms,firefox,,1790857759,2023-11-09T08:32:31,776.6827412103012,5392006086fa6f66b9c2f5919b8c65d04cf44936,1329693
autoland,4768729,12,95f51e857a45cd76f1766c14d6bed804857cd27b,windows10-64-shippable-qr,True,False,,,102210fe594ee9b33d82058545b1ed14f4c8206e,custom.jsdebugger.open.DAMP,damp,True,damp custom.jsdebugger.open.DAMP opt e10s fission stylo webrender,4768565,77,ms,firefox,,1791061482,2023-11-09T12:39:55,778.4110458178548,0d25aa82c9421a1a0e1d9bf224094a9feaa083c0,1329818
autoland,4768729,12,95f51e857a45cd76f1766c14d6bed804857cd27b,windows10-64-shippable-qr,True,False,,,102210fe594ee9b33d82058545b1ed14f4c8206e,custom.jsdebugger.open.DAMP,damp,True,damp custom.jsdebugger.open.DAMP opt e10s fission stylo webrender,4768565,77,ms,firefox,,1791207938,2023-11-09T13:52:13,780.9520591243054,af9d30c92582a30a1e7987079e780e59aa69ab7b,1329843
autoland,4768729,12,95f51e857a45cd76f1766c14d6bed804857cd27b,windows10-64-shippable-qr,True,False,,,102210fe594ee9b33d82058545b1ed14f4c8206e,custom.jsdebugger.open.DAMP,damp,True,damp custom.jsdebugger.open.DAMP opt e10s fission stylo webrender,4768565,77,ms,firefox,,1791230356,2023-11-09T18:06:54,774.8618793959613,1eda7f37f458e81d7c275eb0a3e1959cdfdb5053,1329987
autoland,4768729,12,95f51e857a45cd76f1766c14d6bed804857cd27b,windows10-64-shippable-qr,True,False,,,102210fe594ee9b33d82058545b1ed14f4c8206e,custom.jsdebugger.open.DAMP,damp,True,damp custom.jsdebugger.open.DAMP opt e10s fission stylo webrender,4768565,77,ms,firefox,,1791331309,2023-11-09T18:57:17,777.9284763672713,938e6fc607623834483a5ab95019520814f10ee8,1330029
autoland,4768729,12,95f51e857a45cd76f1766c14d6bed804857cd27b,windows10-64-shippable-qr,True,False,,,102210fe594ee9b33d82058545b1ed14f4c8206e,custom.jsdebugger.open.DAMP,damp,True,damp custom.jsdebugger.open.DAMP opt e10s fission stylo webrender,4768565,77,ms,firefox,,1791377649,2023-11-09T23:53:27,777.4247258756222,d3aff5d6c69730c6f26eb54b7e24fdd203480069,1330185
autoland,4768729,12,95f51e857a45cd76f1766c14d6bed804857cd27b,windows10-64-shippable-qr,True,False,,,102210fe594ee9b33d82058545b1ed14f4c8206e,custom.jsdebugger.open.DAMP,damp,True,damp custom.jsdebugger.open.DAMP opt e10s fission stylo webrender,4768565,77,ms,firefox,,1791390808,2023-11-10T00:18:00,777.5079914734888,543c915fc8c6775cd665ad6ebe58df0f46e9198c,1330200
autoland,4768729,12,95f51e857a45cd76f1766c14d6bed804857cd27b,windows10-64-shippable-qr,True,False,,,102210fe594ee9b33d82058545b1ed14f4c8206e,custom.jsdebugger.open.DAMP,damp,True,damp custom.jsdebugger.open.DAMP opt e10s fission stylo webrender,4768565,77,ms,firefox,,1791606427,2023-11-10T06:00:15,780.5460313992662,5fcc529533b87c657e0dd95ea8cdd37f7cbac5c0,1330263
autoland,4768729,12,95f51e857a45cd76f1766c14d6bed804857cd27b,windows10-64-shippable-qr,True,False,,,102210fe594ee9b33d82058545b1ed14f4c8206e,custom.jsdebugger.open.DAMP,damp,True,damp custom.jsdebugger.open.DAMP opt e10s fission stylo webrender,4768565,77,ms,firefox,,1791844354,2023-11-10T10:16:47,784.3411493044478,2033848fe740a46b19d19b2689365e6d5122d399,1330353
autoland,4768729,12,95f51e857a45cd76f1766c14d6bed804857cd27b,windows10-64-shippable-qr,True,False,,,102210fe594ee9b33d82058545b1ed14f4c8206e,custom.jsdebugger.open.DAMP,damp,True,damp custom.jsdebugger.open.DAMP opt e10s fission stylo webrender,4768565,77,ms,firefox,,1793841787,2023-11-10T11:27:20,777.6065421345575,05705239ef280d5957715175f68acd8a7e4feb59,1330381
autoland,4768729,12,95f51e857a45cd76f1766c14d6bed804857cd27b,windows10-64-shippable-qr,True,False,,,102210fe594ee9b33d82058545b1ed14f4c8206e,custom.jsdebugger.open.DAMP,damp,True,damp custom.jsdebugger.open.DAMP opt e10s fission stylo webrender,4768565,77,ms,firefox,,1793839449,2023-11-10T11:58:13,780.7728804071521,ad1f003ec4d4e13d038164dc880a9beda751db24,1330392
autoland,4768729,12,95f51e857a45cd76f1766c14d6bed804857cd27b,windows10-64-shippable-qr,True,False,,,102210fe594ee9b33d82058545b1ed14f4c8206e,custom.jsdebugger.open.DAMP,damp,True,damp custom.jsdebugger.open.DAMP opt e10s fission stylo webrender,4768565,77,ms,firefox,,1793840780,2023-11-10T12:16:24,780.7660419232998,5b04a09bc9dbd13474019c400435f15b8443461e,1330401
autoland,4768729,12,95f51e857a45cd76f1766c14d6bed804857cd27b,windows10-64-shippable-qr,True,False,,,102210fe594ee9b33d82058545b1ed14f4c8206e,custom.jsdebugger.open.DAMP,damp,True,damp custom.jsdebugger.open.DAMP opt e10s fission stylo webrender,4768565,77,ms,firefox,,1793840851,2023-11-10T13:51:02,780.5915454305068,8210630e9da2a37294cbde8cfc6b8e1f4fad7c03,1330435
autoland,4768729,12,95f51e857a45cd76f1766c14d6bed804857cd27b,windows10-64-shippable-qr,True,False,,,102210fe594ee9b33d82058545b1ed14f4c8206e,custom.jsdebugger.open.DAMP,damp,True,damp custom.jsdebugger.open.DAMP opt e10s fission stylo webrender,4768565,77,ms,firefox,,1793841076,2023-11-10T13:57:36,777.13637572265,06e6ed9fe79789e08dfc6ffb16b9fa849bbe5780,1330441
autoland,4768729,12,95f51e857a45cd76f1766c14d6bed804857cd27b,windows10-64-shippable-qr,True,False,,,102210fe594ee9b33d82058545b1ed14f4c8206e,custom.jsdebugger.open.DAMP,damp,True,damp custom.jsdebugger.open.DAMP opt e10s fission stylo webrender,4768565,77,ms,firefox,,1791917153,2023-11-10T14:18:06,780.8590343330579,e2c6fa08aa82b40d8316fc19e08ea45be70e9292,1330451
autoland,4768729,12,95f51e857a45cd76f1766c14d6bed804857cd27b,windows10-64-shippable-qr,True,False,,,102210fe594ee9b33d82058545b1ed14f4c8206e,custom.jsdebugger.open.DAMP,damp,True,damp custom.jsdebugger.open.DAMP opt e10s fission stylo webrender,4768565,77,ms,firefox,,1793841436,2023-11-10T14:20:16,782.9728684512374,0726d7c488d78b1884bb842b633555fd150b57bb,1330452
autoland,4768729,12,95f51e857a45cd76f1766c14d6bed804857cd27b,windows10-64-shippable-qr,True,False,,,102210fe594ee9b33d82058545b1ed14f4c8206e,custom.jsdebugger.open.DAMP,damp,True,damp custom.jsdebugger.open.DAMP opt e10s fission stylo webrender,4768565,77,ms,firefox,,1793843558,2023-11-10T14:36:50,785.7826743207406,5333a7b4673f82c2a84b3bf4e2547ca4b7f058f1,1330458
autoland,4768729,12,95f51e857a45cd76f1766c14d6bed804857cd27b,windows10-64-shippable-qr,True,False,,,102210fe594ee9b33d82058545b1ed14f4c8206e,custom.jsdebugger.open.DAMP,damp,True,damp custom.jsdebugger.open.DAMP opt e10s fission stylo webrender,4768565,77,ms,firefox,,1793841842,2023-11-10T14:39:32,784.0006184971571,b2f6c4b727ceb6bc9b6101de6557ff283ca94816,1330462
autoland,4768729,12,95f51e857a45cd76f1766c14d6bed804857cd27b,windows10-64-shippable-qr,True,False,,,102210fe594ee9b33d82058545b1ed14f4c8206e,custom.jsdebugger.open.DAMP,damp,True,damp custom.jsdebugger.open.DAMP opt e10s fission stylo webrender,4768565,77,ms,firefox,,1791957153,2023-11-10T14:48:51,783.8007213059609,f90b853d9b0b112db86ff41fcce843afb13939ce,1330467
autoland,4768729,12,95f51e857a45cd76f1766c14d6bed804857cd27b,windows10-64-shippable-qr,True,False,,,102210fe594ee9b33d82058545b1ed14f4c8206e,custom.jsdebugger.open.DAMP,damp,True,damp custom.jsdebugger.open.DAMP opt e10s fission stylo webrender,4768565,77,ms,firefox,,1793938857,2023-11-10T16:36:12,776.5558994677849,820f519a26046f5bcdb4714d97c1e367a8cc999f,1330525
autoland,4768729,12,95f51e857a45cd76f1766c14d6bed804857cd27b,windows10-64-shippable-qr,True,False,,,102210fe594ee9b33d82058545b1ed14f4c8206e,custom.jsdebugger.open.DAMP,damp,True,damp custom.jsdebugger.open.DAMP opt e10s fission stylo webrender,4768565,77,ms,firefox,,1793877713,2023-11-10T16:56:00,779.6223826111091,39030edad9cd9580b085779d183ed56711c0b2cc,1330536
autoland,4768729,12,95f51e857a45cd76f1766c14d6bed804857cd27b,windows10-64-shippable-qr,True,False,,,102210fe594ee9b33d82058545b1ed14f4c8206e,custom.jsdebugger.open.DAMP,damp,True,damp custom.jsdebugger.open.DAMP opt e10s fission stylo webrender,4768565,77,ms,firefox,,1793918322,2023-11-10T17:12:39,778.4487263639312,d071ea331761149cc8882766f3d72a60ee48e253,1330542
autoland,4768729,12,95f51e857a45cd76f1766c14d6bed804857cd27b,windows10-64-shippable-qr,True,False,,,102210fe594ee9b33d82058545b1ed14f4c8206e,custom.jsdebugger.open.DAMP,damp,True,damp custom.jsdebugger.open.DAMP opt e10s fission stylo webrender,4768565,77,ms,firefox,,1793918865,2023-11-10T17:12:39,778.5348352437122,d071ea331761149cc8882766f3d72a60ee48e253,1330542
autoland,4768729,12,95f51e857a45cd76f1766c14d6bed804857cd27b,windows10-64-shippable-qr,True,False,,,102210fe594ee9b33d82058545b1ed14f4c8206e,custom.jsdebugger.open.DAMP,damp,True,damp custom.jsdebugger.open.DAMP opt e10s fission stylo webrender,4768565,77,ms,firefox,,1793920868,2023-11-10T19:01:55,777.54889508825,68a32384455c82dc35b80d71d7ed60a806d65b8c,1330571
autoland,4768729,12,95f51e857a45cd76f1766c14d6bed804857cd27b,windows10-64-shippable-qr,True,False,,,102210fe594ee9b33d82058545b1ed14f4c8206e,custom.jsdebugger.open.DAMP,damp,True,damp custom.jsdebugger.open.DAMP opt e10s fission stylo webrender,4768565,77,ms,firefox,,1793920944,2023-11-10T19:01:55,780.1490398121241,68a32384455c82dc35b80d71d7ed60a806d65b8c,1330571
autoland,4768729,12,95f51e857a45cd76f1766c14d6bed804857cd27b,windows10-64-shippable-qr,True,False,,,102210fe594ee9b33d82058545b1ed14f4c8206e,custom.jsdebugger.open.DAMP,damp,True,damp custom.jsdebugger.open.DAMP opt e10s fission stylo webrender,4768565,77,ms,firefox,,1793914737,2023-11-10T19:10:32,775.9369446922938,c644f4c1971528e1bd6eae9c1607703fbfb4b59a,1330577
autoland,4768729,12,95f51e857a45cd76f1766c14d6bed804857cd27b,windows10-64-shippable-qr,True,False,,,102210fe594ee9b33d82058545b1ed14f4c8206e,custom.jsdebugger.open.DAMP,damp,True,damp custom.jsdebugger.open.DAMP opt e10s fission stylo webrender,4768565,77,ms,firefox,,1793920691,2023-11-10T19:51:40,779.5873555179351,9e95d436fda592d892d2495467899fcd64eedab3,1330586
autoland,4768729,12,95f51e857a45cd76f1766c14d6bed804857cd27b,windows10-64-shippable-qr,True,False,,,102210fe594ee9b33d82058545b1ed14f4c8206e,custom.jsdebugger.open.DAMP,damp,True,damp custom.jsdebugger.open.DAMP opt e10s fission stylo webrender,4768565,77,ms,firefox,,1793921210,2023-11-10T19:51:40,798.4245415978003,9e95d436fda592d892d2495467899fcd64eedab3,1330586
autoland,4768729,12,95f51e857a45cd76f1766c14d6bed804857cd27b,windows10-64-shippable-qr,True,False,,,102210fe594ee9b33d82058545b1ed14f4c8206e,custom.jsdebugger.open.DAMP,damp,True,damp custom.jsdebugger.open.DAMP opt e10s fission stylo webrender,4768565,77,ms,firefox,,1793915718,2023-11-10T20:04:54,777.4798314494401,a19116887ffadfac6649a0d8a784264f01db143b,1330589
autoland,4768729,12,95f51e857a45cd76f1766c14d6bed804857cd27b,windows10-64-shippable-qr,True,False,,,102210fe594ee9b33d82058545b1ed14f4c8206e,custom.jsdebugger.open.DAMP,damp,True,damp custom.jsdebugger.open.DAMP opt e10s fission stylo webrender,4768565,77,ms,firefox,,1793916952,2023-11-10T20:04:54,779.969949069753,a19116887ffadfac6649a0d8a784264f01db143b,1330589
autoland,4768729,12,95f51e857a45cd76f1766c14d6bed804857cd27b,windows10-64-shippable-qr,True,False,,,102210fe594ee9b33d82058545b1ed14f4c8206e,custom.jsdebugger.open.DAMP,damp,True,damp custom.jsdebugger.open.DAMP opt e10s fission stylo webrender,4768565,77,ms,firefox,,1793915777,2023-11-10T20:47:39,783.6253217925869,24b44cfac27ee539fedd52a4052fae88f383d200,1330596
autoland,4768729,12,95f51e857a45cd76f1766c14d6bed804857cd27b,windows10-64-shippable-qr,True,False,,,102210fe594ee9b33d82058545b1ed14f4c8206e,custom.jsdebugger.open.DAMP,damp,True,damp custom.jsdebugger.open.DAMP opt e10s fission stylo webrender,4768565,77,ms,firefox,,1793917136,2023-11-10T20:47:39,781.7236324041878,24b44cfac27ee539fedd52a4052fae88f383d200,1330596
autoland,4768729,12,95f51e857a45cd76f1766c14d6bed804857cd27b,windows10-64-shippable-qr,True,False,,,102210fe594ee9b33d82058545b1ed14f4c8206e,custom.jsdebugger.open.DAMP,damp,True,damp custom.jsdebugger.open.DAMP opt e10s fission stylo webrender,4768565,77,ms,firefox,,1793919566,2023-11-10T21:40:21,781.6107039384442,a027e53d2086ef86b4b7195432de6f71aebb0aef,1330612
autoland,4768729,12,95f51e857a45cd76f1766c14d6bed804857cd27b,windows10-64-shippable-qr,True,False,,,102210fe594ee9b33d82058545b1ed14f4c8206e,custom.jsdebugger.open.DAMP,damp,True,damp custom.jsdebugger.open.DAMP opt e10s fission stylo webrender,4768565,77,ms,firefox,,1793920402,2023-11-10T21:40:21,780.1419468557724,a027e53d2086ef86b4b7195432de6f71aebb0aef,1330612
autoland,4768729,12,95f51e857a45cd76f1766c14d6bed804857cd27b,windows10-64-shippable-qr,True,False,,,102210fe594ee9b33d82058545b1ed14f4c8206e,custom.jsdebugger.open.DAMP,damp,True,damp custom.jsdebugger.open.DAMP opt e10s fission stylo webrender,4768565,77,ms,firefox,,1792129124,2023-11-10T23:46:31,780.2830674917641,740891aba7f0d05a95960669bd6efe7b25177226,1330635
autoland,4768729,12,95f51e857a45cd76f1766c14d6bed804857cd27b,windows10-64-shippable-qr,True,False,,,102210fe594ee9b33d82058545b1ed14f4c8206e,custom.jsdebugger.open.DAMP,damp,True,damp custom.jsdebugger.open.DAMP opt e10s fission stylo webrender,4768565,77,ms,firefox,,1793876982,2023-11-11T01:29:35,786.0519856517203,b5c67816c05d7e23a7e8869c5528c5bb43a42dde,1330649
autoland,4768729,12,95f51e857a45cd76f1766c14d6bed804857cd27b,windows10-64-shippable-qr,True,False,,,102210fe594ee9b33d82058545b1ed14f4c8206e,custom.jsdebugger.open.DAMP,damp,True,damp custom.jsdebugger.open.DAMP opt e10s fission stylo webrender,4768565,77,ms,firefox,,1792299310,2023-11-11T06:55:04,773.0445265996022,94bbd4bd056a20549029ecbc07c9a4b5da968789,1330673
autoland,4768729,12,95f51e857a45cd76f1766c14d6bed804857cd27b,windows10-64-shippable-qr,True,False,,,102210fe594ee9b33d82058545b1ed14f4c8206e,custom.jsdebugger.open.DAMP,damp,True,damp custom.jsdebugger.open.DAMP opt e10s fission stylo webrender,4768565,77,ms,firefox,,1793919270,2023-11-11T07:02:51,779.6070574019823,aaf5dc6ea6f265eecd30585540f7d7c7031ef981,1330674
autoland,4768729,12,95f51e857a45cd76f1766c14d6bed804857cd27b,windows10-64-shippable-qr,True,False,,,102210fe594ee9b33d82058545b1ed14f4c8206e,custom.jsdebugger.open.DAMP,damp,True,damp custom.jsdebugger.open.DAMP opt e10s fission stylo webrender,4768565,77,ms,firefox,,1792337231,2023-11-11T08:27:10,773.6433476135662,29fb30143955ee92cd789fd467326c47f82f7968,1330680
autoland,4768729,12,95f51e857a45cd76f1766c14d6bed804857cd27b,windows10-64-shippable-qr,True,False,,,102210fe594ee9b33d82058545b1ed14f4c8206e,custom.jsdebugger.open.DAMP,damp,True,damp custom.jsdebugger.open.DAMP opt e10s fission stylo webrender,4768565,77,ms,firefox,,1792478210,2023-11-11T12:34:55,780.0703829933846,81243364a707b159122b0c5ee8e682567162117c,1330712
autoland,4768729,12,95f51e857a45cd76f1766c14d6bed804857cd27b,windows10-64-shippable-qr,True,False,,,102210fe594ee9b33d82058545b1ed14f4c8206e,custom.jsdebugger.open.DAMP,damp,True,damp custom.jsdebugger.open.DAMP opt e10s fission stylo webrender,4768565,77,ms,firefox,,1792722811,2023-11-11T23:06:06,776.5234728066716,3c8320ef59532128e1a7589968f497f0efcabbaf,1330750
autoland,4768729,12,95f51e857a45cd76f1766c14d6bed804857cd27b,windows10-64-shippable-qr,True,False,,,102210fe594ee9b33d82058545b1ed14f4c8206e,custom.jsdebugger.open.DAMP,damp,True,damp custom.jsdebugger.open.DAMP opt e10s fission stylo webrender,4768565,77,ms,firefox,,1792791725,2023-11-12T05:45:19,774.4771631128096,43bee97ffb8cfcea7412fb86386ea2cb2a1b9b49,1330766
autoland,4768729,12,95f51e857a45cd76f1766c14d6bed804857cd27b,windows10-64-shippable-qr,True,False,,,102210fe594ee9b33d82058545b1ed14f4c8206e,custom.jsdebugger.open.DAMP,damp,True,damp custom.jsdebugger.open.DAMP opt e10s fission stylo webrender,4768565,77,ms,firefox,,1793083494,2023-11-13T00:59:12,777.6350434824562,211dc86c8f534a950af69434fa996976b566a6a0,1330865
autoland,4768729,12,95f51e857a45cd76f1766c14d6bed804857cd27b,windows10-64-shippable-qr,True,False,,,102210fe594ee9b33d82058545b1ed14f4c8206e,custom.jsdebugger.open.DAMP,damp,True,damp custom.jsdebugger.open.DAMP opt e10s fission stylo webrender,4768565,77,ms,firefox,,1793293090,2023-11-13T10:08:58,779.2747742842766,25308a5c7e551cda7c3cfd77836eff8610462eae,1330949
autoland,4768729,12,95f51e857a45cd76f1766c14d6bed804857cd27b,windows10-64-shippable-qr,True,False,,,102210fe594ee9b33d82058545b1ed14f4c8206e,custom.jsdebugger.open.DAMP,damp,True,damp custom.jsdebugger.open.DAMP opt e10s fission stylo webrender,4768565,77,ms,firefox,,1793453175,2023-11-13T14:09:58,777.0818364431789,54d191b31d03235c75592d07a8c538749933a18f,1331049
autoland,4768729,12,95f51e857a45cd76f1766c14d6bed804857cd27b,windows10-64-shippable-qr,True,False,,,102210fe594ee9b33d82058545b1ed14f4c8206e,custom.jsdebugger.open.DAMP,damp,True,damp custom.jsdebugger.open.DAMP opt e10s fission stylo webrender,4768565,77,ms,firefox,,1793405547,2023-11-13T15:01:04,778.7887507398555,70f361f21a24a6e9fc53cb014e28172d360fa851,1331086
autoland,4768729,12,95f51e857a45cd76f1766c14d6bed804857cd27b,windows10-64-shippable-qr,True,False,,,102210fe594ee9b33d82058545b1ed14f4c8206e,custom.jsdebugger.open.DAMP,damp,True,damp custom.jsdebugger.open.DAMP opt e10s fission stylo webrender,4768565,77,ms,firefox,,1793588445,2023-11-13T18:41:52,778.3015905415441,9850dc0fc0707517b3a304d673f219842e499cac,1331218
autoland,4768729,12,95f51e857a45cd76f1766c14d6bed804857cd27b,windows10-64-shippable-qr,True,False,,,102210fe594ee9b33d82058545b1ed14f4c8206e,custom.jsdebugger.open.DAMP,damp,True,damp custom.jsdebugger.open.DAMP opt e10s fission stylo webrender,4768565,77,ms,firefox,,1793716284,2023-11-13T22:35:59,792.4065215202427,9d523f46c7d8642d6601894c5166ddcd17b6388a,1331378
autoland,4768729,12,95f51e857a45cd76f1766c14d6bed804857cd27b,windows10-64-shippable-qr,True,False,,,102210fe594ee9b33d82058545b1ed14f4c8206e,custom.jsdebugger.open.DAMP,damp,True,damp custom.jsdebugger.open.DAMP opt e10s fission stylo webrender,4768565,77,ms,firefox,,1793763172,2023-11-14T03:20:13,778.948399607194,2628fd55e661366941f56769829687c53da4669b,1331480
autoland,4768729,12,95f51e857a45cd76f1766c14d6bed804857cd27b,windows10-64-shippable-qr,True,False,,,102210fe594ee9b33d82058545b1ed14f4c8206e,custom.jsdebugger.open.DAMP,damp,True,damp custom.jsdebugger.open.DAMP opt e10s fission stylo webrender,4768565,77,ms,firefox,,1793901150,2023-11-14T06:06:45,777.4430433841626,acdcddac0b907d2e59d6d0fa1f96fff98453093a,1331509
autoland,4768729,12,95f51e857a45cd76f1766c14d6bed804857cd27b,windows10-64-shippable-qr,True,False,,,102210fe594ee9b33d82058545b1ed14f4c8206e,custom.jsdebugger.open.DAMP,damp,True,damp custom.jsdebugger.open.DAMP opt e10s fission stylo webrender,4768565,77,ms,firefox,,1794225465,2023-11-14T18:32:45,781.6884534081692,cee24679e2a2e085bdefdbd66106fa1a805db56d,1331906
autoland,4768729,12,95f51e857a45cd76f1766c14d6bed804857cd27b,windows10-64-shippable-qr,True,False,,,102210fe594ee9b33d82058545b1ed14f4c8206e,custom.jsdebugger.open.DAMP,damp,True,damp custom.jsdebugger.open.DAMP opt e10s fission stylo webrender,4768565,77,ms,firefox,,1794384291,2023-11-14T20:17:49,783.7820217654544,45f7ef4749636f24bbab519e5d4e3851950ccacc,1331971
autoland,4768729,12,95f51e857a45cd76f1766c14d6bed804857cd27b,windows10-64-shippable-qr,True,False,,,102210fe594ee9b33d82058545b1ed14f4c8206e,custom.jsdebugger.open.DAMP,damp,True,damp custom.jsdebugger.open.DAMP opt e10s fission stylo webrender,4768565,77,ms,firefox,,1794533542,2023-11-15T01:57:11,778.187453280043,0083ca2f4709e599083520545d538d1ee1b8356d,1332132
autoland,4768729,12,95f51e857a45cd76f1766c14d6bed804857cd27b,windows10-64-shippable-qr,True,False,,,102210fe594ee9b33d82058545b1ed14f4c8206e,custom.jsdebugger.open.DAMP,damp,True,damp custom.jsdebugger.open.DAMP opt e10s fission stylo webrender,4768565,77,ms,firefox,,1794533598,2023-11-15T01:57:11,783.23681566093,0083ca2f4709e599083520545d538d1ee1b8356d,1332132
autoland,4768729,12,95f51e857a45cd76f1766c14d6bed804857cd27b,windows10-64-shippable-qr,True,False,,,102210fe594ee9b33d82058545b1ed14f4c8206e,custom.jsdebugger.open.DAMP,damp,True,damp custom.jsdebugger.open.DAMP opt e10s fission stylo webrender,4768565,77,ms,firefox,,1794533668,2023-11-15T01:57:11,783.4153840797953,0083ca2f4709e599083520545d538d1ee1b8356d,1332132
autoland,4768729,12,95f51e857a45cd76f1766c14d6bed804857cd27b,windows10-64-shippable-qr,True,False,,,102210fe594ee9b33d82058545b1ed14f4c8206e,custom.jsdebugger.open.DAMP,damp,True,damp custom.jsdebugger.open.DAMP opt e10s fission stylo webrender,4768565,77,ms,firefox,,1794524720,2023-11-15T03:02:01,779.9499877802591,d9f2158d4d442a658bb2029948eeebd438457667,1332148
autoland,4768729,12,95f51e857a45cd76f1766c14d6bed804857cd27b,windows10-64-shippable-qr,True,False,,,102210fe594ee9b33d82058545b1ed14f4c8206e,custom.jsdebugger.open.DAMP,damp,True,damp custom.jsdebugger.open.DAMP opt e10s fission stylo webrender,4768565,77,ms,firefox,,1794627873,2023-11-15T07:02:46,779.4205590633264,d12a09b7c773efc37f5d0e37cc52339e25f07b6c,1332195
autoland,4768729,12,95f51e857a45cd76f1766c14d6bed804857cd27b,windows10-64-shippable-qr,True,False,,,102210fe594ee9b33d82058545b1ed14f4c8206e,custom.jsdebugger.open.DAMP,damp,True,damp custom.jsdebugger.open.DAMP opt e10s fission stylo webrender,4768565,77,ms,firefox,,1794780453,2023-11-15T12:47:49,779.9166873173381,571c293cedd28db6ac86fd553e2810f40e382e80,1332324
autoland,4768729,12,95f51e857a45cd76f1766c14d6bed804857cd27b,windows10-64-shippable-qr,True,False,,,102210fe594ee9b33d82058545b1ed14f4c8206e,custom.jsdebugger.open.DAMP,damp,True,damp custom.jsdebugger.open.DAMP opt e10s fission stylo webrender,4768565,77,ms,firefox,,1794862828,2023-11-15T15:33:52,784.6681967499535,58fc056d56521455bb36e7bd4fcce81222093c75,1332438
autoland,4768729,12,95f51e857a45cd76f1766c14d6bed804857cd27b,windows10-64-shippable-qr,True,False,,,102210fe594ee9b33d82058545b1ed14f4c8206e,custom.jsdebugger.open.DAMP,damp,True,damp custom.jsdebugger.open.DAMP opt e10s fission stylo webrender,4768565,77,ms,firefox,,1794881996,2023-11-15T16:43:35,797.8427751741547,a70ee84d8943b9a1eaaf0fb3a0df60a1595f5782,1332515
autoland,4768729,12,95f51e857a45cd76f1766c14d6bed804857cd27b,windows10-64-shippable-qr,True,False,,,102210fe594ee9b33d82058545b1ed14f4c8206e,custom.jsdebugger.open.DAMP,damp,True,damp custom.jsdebugger.open.DAMP opt e10s fission stylo webrender,4768565,77,ms,firefox,,1795137887,2023-11-15T23:08:22,799.3678175043751,eb78feb610e5d895bd63b81693cde56dd08d82df,1332792
autoland,4768729,12,95f51e857a45cd76f1766c14d6bed804857cd27b,windows10-64-shippable-qr,True,False,,,102210fe594ee9b33d82058545b1ed14f4c8206e,custom.jsdebugger.open.DAMP,damp,True,damp custom.jsdebugger.open.DAMP opt e10s fission stylo webrender,4768565,77,ms,firefox,,1795320803,2023-11-16T09:33:00,783.4954495170095,ffd7ebdedeacec6717a3e8904121052ebbe61fe6,1332997
autoland,4768729,12,95f51e857a45cd76f1766c14d6bed804857cd27b,windows10-64-shippable-qr,True,False,,,102210fe594ee9b33d82058545b1ed14f4c8206e,custom.jsdebugger.open.DAMP,damp,True,damp custom.jsdebugger.open.DAMP opt e10s fission stylo webrender,4768565,77,ms,firefox,,1795414705,2023-11-16T13:34:03,792.707648532959,71ef91d3bf98c6475cfe762c0152d5b31588182c,1333089
autoland,4768729,12,95f51e857a45cd76f1766c14d6bed804857cd27b,windows10-64-shippable-qr,True,False,,,102210fe594ee9b33d82058545b1ed14f4c8206e,custom.jsdebugger.open.DAMP,damp,True,damp custom.jsdebugger.open.DAMP opt e10s fission stylo webrender,4768565,77,ms,firefox,,1795459716,2023-11-16T15:30:11,782.3226287841389,5dba86b1842a5256c2845d69a7cebd605267d535,1333183
autoland,4768729,12,95f51e857a45cd76f1766c14d6bed804857cd27b,windows10-64-shippable-qr,True,False,,,102210fe594ee9b33d82058545b1ed14f4c8206e,custom.jsdebugger.open.DAMP,damp,True,damp custom.jsdebugger.open.DAMP opt e10s fission stylo webrender,4768565,77,ms,firefox,,1795556905,2023-11-16T20:27:49,788.4234994547223,53b2405c0e70ae3283dbbba0d568665110f0db23,1333335
autoland,4768729,12,95f51e857a45cd76f1766c14d6bed804857cd27b,windows10-64-shippable-qr,True,False,,,102210fe594ee9b33d82058545b1ed14f4c8206e,custom.jsdebugger.open.DAMP,damp,True,damp custom.jsdebugger.open.DAMP opt e10s fission stylo webrender,4768565,77,ms,firefox,,1795632252,2023-11-16T23:04:46,799.2059572152739,3b45d04f6865b297c8b2548a2c24424c5e9467e9,1333418
autoland,4768729,12,95f51e857a45cd76f1766c14d6bed804857cd27b,windows10-64-shippable-qr,True,False,,,102210fe594ee9b33d82058545b1ed14f4c8206e,custom.jsdebugger.open.DAMP,damp,True,damp custom.jsdebugger.open.DAMP opt e10s fission stylo webrender,4768565,77,ms,firefox,,1795794239,2023-11-17T06:40:14,777.256998014811,8a71397fb808df79e78f3023bf95b46f7cc2d2a4,1333538
autoland,4768729,12,95f51e857a45cd76f1766c14d6bed804857cd27b,windows10-64-shippable-qr,True,False,,,102210fe594ee9b33d82058545b1ed14f4c8206e,custom.jsdebugger.open.DAMP,damp,True,damp custom.jsdebugger.open.DAMP opt e10s fission stylo webrender,4768565,77,ms,firefox,,1795931881,2023-11-17T10:54:07,778.9960156153102,ff5810792fa57d1b0a1076b4c90b3a83ac0242ca,1333644
autoland,4768729,12,95f51e857a45cd76f1766c14d6bed804857cd27b,windows10-64-shippable-qr,True,False,,,102210fe594ee9b33d82058545b1ed14f4c8206e,custom.jsdebugger.open.DAMP,damp,True,damp custom.jsdebugger.open.DAMP opt e10s fission stylo webrender,4768565,77,ms,firefox,,1796091408,2023-11-17T15:35:00,785.1938499935713,f3b46286b5bad609725e65f541d6609a1bafcbce,1333770
autoland,4768729,12,95f51e857a45cd76f1766c14d6bed804857cd27b,windows10-64-shippable-qr,True,False,,,102210fe594ee9b33d82058545b1ed14f4c8206e,custom.jsdebugger.open.DAMP,damp,True,damp custom.jsdebugger.open.DAMP opt e10s fission stylo webrender,4768565,77,ms,firefox,,1796214921,2023-11-17T21:05:40,768.8193972741283,b3bec7a68bb8ccbb4c637b64bec4dc0c806fecb3,1334007
autoland,4768729,12,95f51e857a45cd76f1766c14d6bed804857cd27b,windows10-64-shippable-qr,True,False,,,102210fe594ee9b33d82058545b1ed14f4c8206e,custom.jsdebugger.open.DAMP,damp,True,damp custom.jsdebugger.open.DAMP opt e10s fission stylo webrender,4768565,77,ms,firefox,,1796280720,2023-11-18T01:23:43,778.4281707024784,391181d97b6bb5b53fe8a1186c8a1a85971812de,1334085
autoland,4768729,12,95f51e857a45cd76f1766c14d6bed804857cd27b,windows10-64-shippable-qr,True,False,,,102210fe594ee9b33d82058545b1ed14f4c8206e,custom.jsdebugger.open.DAMP,damp,True,damp custom.jsdebugger.open.DAMP opt e10s fission stylo webrender,4768565,77,ms,firefox,,1796444355,2023-11-18T14:15:26,774.0797136621259,2cf1b902ea75e1237bbd69eaf02c889bc2924d10,1334153
autoland,4768729,12,95f51e857a45cd76f1766c14d6bed804857cd27b,windows10-64-shippable-qr,True,False,,,102210fe594ee9b33d82058545b1ed14f4c8206e,custom.jsdebugger.open.DAMP,damp,True,damp custom.jsdebugger.open.DAMP opt e10s fission stylo webrender,4768565,77,ms,firefox,,1796564236,2023-11-19T06:03:16,780.8010614099403,98917be406eeca58f61d8aeaf62aa4cae5be2137,1334239
autoland,4768729,12,95f51e857a45cd76f1766c14d6bed804857cd27b,windows10-64-shippable-qr,True,False,,,102210fe594ee9b33d82058545b1ed14f4c8206e,custom.jsdebugger.open.DAMP,damp,True,damp custom.jsdebugger.open.DAMP opt e10s fission stylo webrender,4768565,77,ms,firefox,,1798583925,2023-11-19T07:02:16,790.6676965843508,b77dd90c1533d9c28dc843daa36038dde1373d40,1334243
autoland,4768729,12,95f51e857a45cd76f1766c14d6bed804857cd27b,windows10-64-shippable-qr,True,False,,,102210fe594ee9b33d82058545b1ed14f4c8206e,custom.jsdebugger.open.DAMP,damp,True,damp custom.jsdebugger.open.DAMP opt e10s fission stylo webrender,4768565,77,ms,firefox,,1798583985,2023-11-19T07:34:42,773.775553044863,86f9e01f70d6efdd8eda55c9d8df638a41d6f21c,1334246
autoland,4768729,12,95f51e857a45cd76f1766c14d6bed804857cd27b,windows10-64-shippable-qr,True,False,,,102210fe594ee9b33d82058545b1ed14f4c8206e,custom.jsdebugger.open.DAMP,damp,True,damp custom.jsdebugger.open.DAMP opt e10s fission stylo webrender,4768565,77,ms,firefox,,1798606346,2023-11-19T08:51:34,781.522245565633,c3021f5ece18388f5f66348a7fd8cb540529da33,1334252
autoland,4768729,12,95f51e857a45cd76f1766c14d6bed804857cd27b,windows10-64-shippable-qr,True,False,,,102210fe594ee9b33d82058545b1ed14f4c8206e,custom.jsdebugger.open.DAMP,damp,True,damp custom.jsdebugger.open.DAMP opt e10s fission stylo webrender,4768565,77,ms,firefox,,1798586842,2023-11-19T10:16:07,774.2412414705177,8367b22f220b23fe24f98e0778b3d50226292af3,1334268
autoland,4768729,12,95f51e857a45cd76f1766c14d6bed804857cd27b,windows10-64-shippable-qr,True,False,,,102210fe594ee9b33d82058545b1ed14f4c8206e,custom.jsdebugger.open.DAMP,damp,True,damp custom.jsdebugger.open.DAMP opt e10s fission stylo webrender,4768565,77,ms,firefox,,1798587435,2023-11-19T10:26:03,770.9237936696809,47c58e2355e9db64bb3ce463cb3f976c2496d4b1,1334271
autoland,4768729,12,95f51e857a45cd76f1766c14d6bed804857cd27b,windows10-64-shippable-qr,True,False,,,102210fe594ee9b33d82058545b1ed14f4c8206e,custom.jsdebugger.open.DAMP,damp,True,damp custom.jsdebugger.open.DAMP opt e10s fission stylo webrender,4768565,77,ms,firefox,,1796645426,2023-11-19T11:10:53,779.1276394067245,b403bb5b1c833d29961882402a090cf08f44c190,1334278
autoland,4768729,12,95f51e857a45cd76f1766c14d6bed804857cd27b,windows10-64-shippable-qr,True,False,,,102210fe594ee9b33d82058545b1ed14f4c8206e,custom.jsdebugger.open.DAMP,damp,True,damp custom.jsdebugger.open.DAMP opt e10s fission stylo webrender,4768565,77,ms,firefox,,1798586785,2023-11-19T11:53:38,777.0203779448202,d92146952904b80c23b8153e839dfc28d38e71d5,1334281
autoland,4768729,12,95f51e857a45cd76f1766c14d6bed804857cd27b,windows10-64-shippable-qr,True,False,,,102210fe594ee9b33d82058545b1ed14f4c8206e,custom.jsdebugger.open.DAMP,damp,True,damp custom.jsdebugger.open.DAMP opt e10s fission stylo webrender,4768565,77,ms,firefox,,1798587513,2023-11-19T11:53:38,779.8517728143415,d92146952904b80c23b8153e839dfc28d38e71d5,1334281
autoland,4768729,12,95f51e857a45cd76f1766c14d6bed804857cd27b,windows10-64-shippable-qr,True,False,,,102210fe594ee9b33d82058545b1ed14f4c8206e,custom.jsdebugger.open.DAMP,damp,True,damp custom.jsdebugger.open.DAMP opt e10s fission stylo webrender,4768565,77,ms,firefox,,1798582801,2023-11-19T12:03:57,779.8396962406987,92e4e21ef642fe596ef2b7deecce27eaa532e2a8,1334282
autoland,4768729,12,95f51e857a45cd76f1766c14d6bed804857cd27b,windows10-64-shippable-qr,True,False,,,102210fe594ee9b33d82058545b1ed14f4c8206e,custom.jsdebugger.open.DAMP,damp,True,damp custom.jsdebugger.open.DAMP opt e10s fission stylo webrender,4768565,77,ms,firefox,,1796700265,2023-11-19T15:28:11,773.1617429961043,1044018d08bd15166ae94a05bf5299b0701f4109,1334290
autoland,4768729,12,95f51e857a45cd76f1766c14d6bed804857cd27b,windows10-64-shippable-qr,True,False,,,102210fe594ee9b33d82058545b1ed14f4c8206e,custom.jsdebugger.open.DAMP,damp,True,damp custom.jsdebugger.open.DAMP opt e10s fission stylo webrender,4768565,77,ms,firefox,,1798605488,2023-11-19T15:33:21,773.9265765821037,bc206f18ecb2a36a3e014e37cf5265f04eb7db7c,1334291
autoland,4768729,12,95f51e857a45cd76f1766c14d6bed804857cd27b,windows10-64-shippable-qr,True,False,,,102210fe594ee9b33d82058545b1ed14f4c8206e,custom.jsdebugger.open.DAMP,damp,True,damp custom.jsdebugger.open.DAMP opt e10s fission stylo webrender,4768565,77,ms,firefox,,1798584215,2023-11-19T15:37:17,774.1467527280984,61875987e62ca2e06efdc2996169b609ae618798,1334295
autoland,4768729,12,95f51e857a45cd76f1766c14d6bed804857cd27b,windows10-64-shippable-qr,True,False,,,102210fe594ee9b33d82058545b1ed14f4c8206e,custom.jsdebugger.open.DAMP,damp,True,damp custom.jsdebugger.open.DAMP opt e10s fission stylo webrender,4768565,77,ms,firefox,,1798584989,2023-11-19T16:47:17,775.796450541151,a1a491b240342d5e5c405292966ff3d466bc9e06,1334306
autoland,4768729,12,95f51e857a45cd76f1766c14d6bed804857cd27b,windows10-64-shippable-qr,True,False,,,102210fe594ee9b33d82058545b1ed14f4c8206e,custom.jsdebugger.open.DAMP,damp,True,damp custom.jsdebugger.open.DAMP opt e10s fission stylo webrender,4768565,77,ms,firefox,,1798586058,2023-11-19T17:48:47,773.1776149771413,aab6d262a9f1d30a7a46fd326cb7fe7a207ceb5e,1334320
autoland,4768729,12,95f51e857a45cd76f1766c14d6bed804857cd27b,windows10-64-shippable-qr,True,False,,,102210fe594ee9b33d82058545b1ed14f4c8206e,custom.jsdebugger.open.DAMP,damp,True,damp custom.jsdebugger.open.DAMP opt e10s fission stylo webrender,4768565,77,ms,firefox,,1798587255,2023-11-19T18:59:49,775.1397420335852,a8e2540242d24614d3a9987413ba456f0255c869,1334325
autoland,4768729,12,95f51e857a45cd76f1766c14d6bed804857cd27b,windows10-64-shippable-qr,True,False,,,102210fe594ee9b33d82058545b1ed14f4c8206e,custom.jsdebugger.open.DAMP,damp,True,damp custom.jsdebugger.open.DAMP opt e10s fission stylo webrender,4768565,77,ms,firefox,,1796845043,2023-11-20T01:53:49,780.27019250167,73f60b8af6dadb15fb13d768baf6b4c3313d939b,1334371
autoland,4768729,12,95f51e857a45cd76f1766c14d6bed804857cd27b,windows10-64-shippable-qr,True,False,,,102210fe594ee9b33d82058545b1ed14f4c8206e,custom.jsdebugger.open.DAMP,damp,True,damp custom.jsdebugger.open.DAMP opt e10s fission stylo webrender,4768565,77,ms,firefox,,1798590137,2023-11-20T07:02:05,783.3638371919706,356bb5c4dd77c0296089b4064eb1a03268214da3,1334395
autoland,4768729,12,95f51e857a45cd76f1766c14d6bed804857cd27b,windows10-64-shippable-qr,True,False,,,102210fe594ee9b33d82058545b1ed14f4c8206e,custom.jsdebugger.open.DAMP,damp,True,damp custom.jsdebugger.open.DAMP opt e10s fission stylo webrender,4768565,77,ms,firefox,,1798593085,2023-11-20T09:11:22,778.8705755939072,3932e854ab7c289dfe94998ffde45c19f12b99f1,1334447
autoland,4768729,12,95f51e857a45cd76f1766c14d6bed804857cd27b,windows10-64-shippable-qr,True,False,,,102210fe594ee9b33d82058545b1ed14f4c8206e,custom.jsdebugger.open.DAMP,damp,True,damp custom.jsdebugger.open.DAMP opt e10s fission stylo webrender,4768565,77,ms,firefox,,1798590760,2023-11-20T09:15:15,777.6242726187893,e862a0fb0f0e9e130c57628d8de5a47406207677,1334448
autoland,4768729,12,95f51e857a45cd76f1766c14d6bed804857cd27b,windows10-64-shippable-qr,True,False,,,102210fe594ee9b33d82058545b1ed14f4c8206e,custom.jsdebugger.open.DAMP,damp,True,damp custom.jsdebugger.open.DAMP opt e10s fission stylo webrender,4768565,77,ms,firefox,,1798592480,2023-11-20T09:16:34,776.4263052171154,01f745fe7c5a4646c1d801765ecb953fab21eafb,1334449
autoland,4768729,12,95f51e857a45cd76f1766c14d6bed804857cd27b,windows10-64-shippable-qr,True,False,,,102210fe594ee9b33d82058545b1ed14f4c8206e,custom.jsdebugger.open.DAMP,damp,True,damp custom.jsdebugger.open.DAMP opt e10s fission stylo webrender,4768565,77,ms,firefox,,1798593200,2023-11-20T09:17:33,776.8598567492518,4665f21097e06d9002ad9affc62c8a8bd4c3690e,1334452
autoland,4768729,12,95f51e857a45cd76f1766c14d6bed804857cd27b,windows10-64-shippable-qr,True,False,,,102210fe594ee9b33d82058545b1ed14f4c8206e,custom.jsdebugger.open.DAMP,damp,True,damp custom.jsdebugger.open.DAMP opt e10s fission stylo webrender,4768565,77,ms,firefox,,1797116102,2023-11-20T09:30:46,775.6840401830996,86da25fdbc81a93ed888df6b8a9f7cc128fb9b5b,1334455
autoland,4768729,12,95f51e857a45cd76f1766c14d6bed804857cd27b,windows10-64-shippable-qr,True,False,,,102210fe594ee9b33d82058545b1ed14f4c8206e,custom.jsdebugger.open.DAMP,damp,True,damp custom.jsdebugger.open.DAMP opt e10s fission stylo webrender,4768565,77,ms,firefox,,1798587812,2023-11-20T10:23:13,775.9491618567017,4124706aa8eb96927ef4eb64fae1cf309d72f085,1334516
autoland,4768729,12,95f51e857a45cd76f1766c14d6bed804857cd27b,windows10-64-shippable-qr,True,False,,,102210fe594ee9b33d82058545b1ed14f4c8206e,custom.jsdebugger.open.DAMP,damp,True,damp custom.jsdebugger.open.DAMP opt e10s fission stylo webrender,4768565,77,ms,firefox,,1798588513,2023-11-20T11:13:36,778.3441444959317,298c668b4347405c946a8fc6a8c8ad947f90596f,1334555
autoland,4768729,12,95f51e857a45cd76f1766c14d6bed804857cd27b,windows10-64-shippable-qr,True,False,,,102210fe594ee9b33d82058545b1ed14f4c8206e,custom.jsdebugger.open.DAMP,damp,True,damp custom.jsdebugger.open.DAMP opt e10s fission stylo webrender,4768565,77,ms,firefox,,1798614293,2023-11-20T11:43:27,779.6515666360019,f80a88d5dd048c7d74907fa75f227fdf5d47feb4,1334578
autoland,4768729,12,95f51e857a45cd76f1766c14d6bed804857cd27b,windows10-64-shippable-qr,True,False,,,102210fe594ee9b33d82058545b1ed14f4c8206e,custom.jsdebugger.open.DAMP,damp,True,damp custom.jsdebugger.open.DAMP opt e10s fission stylo webrender,4768565,77,ms,firefox,,1798617454,2023-11-20T11:48:49,775.4144809958962,239b5d197b0fd679606482cf5940d752a45e98ec,1334583
autoland,4768729,12,95f51e857a45cd76f1766c14d6bed804857cd27b,windows10-64-shippable-qr,True,False,,,102210fe594ee9b33d82058545b1ed14f4c8206e,custom.jsdebugger.open.DAMP,damp,True,damp custom.jsdebugger.open.DAMP opt e10s fission stylo webrender,4768565,77,ms,firefox,,1798588998,2023-11-20T12:03:07,771.5407190673141,f21ddbefe76eef1f2801d2157a2d1c3ee0e21556,1334588
autoland,4768729,12,95f51e857a45cd76f1766c14d6bed804857cd27b,windows10-64-shippable-qr,True,False,,,102210fe594ee9b33d82058545b1ed14f4c8206e,custom.jsdebugger.open.DAMP,damp,True,damp custom.jsdebugger.open.DAMP opt e10s fission stylo webrender,4768565,77,ms,firefox,,1798613433,2023-11-20T12:06:46,781.5722078350373,81d3ee520ab61f87036aff7bd12ed7fd3e24fd30,1334590
autoland,4768729,12,95f51e857a45cd76f1766c14d6bed804857cd27b,windows10-64-shippable-qr,True,False,,,102210fe594ee9b33d82058545b1ed14f4c8206e,custom.jsdebugger.open.DAMP,damp,True,damp custom.jsdebugger.open.DAMP opt e10s fission stylo webrender,4768565,77,ms,firefox,,1798593292,2023-11-20T12:07:51,775.9075722842535,aaa7a9d7854349df185f16d908f980eff8facb6e,1334591
autoland,4768729,12,95f51e857a45cd76f1766c14d6bed804857cd27b,windows10-64-shippable-qr,True,False,,,102210fe594ee9b33d82058545b1ed14f4c8206e,custom.jsdebugger.open.DAMP,damp,True,damp custom.jsdebugger.open.DAMP opt e10s fission stylo webrender,4768565,77,ms,firefox,,1798610367,2023-11-20T12:08:47,781.1329120599603,440bcf1d6ad75eef0f98cb9a98b44c546b052119,1334592
autoland,4768729,12,95f51e857a45cd76f1766c14d6bed804857cd27b,windows10-64-shippable-qr,True,False,,,102210fe594ee9b33d82058545b1ed14f4c8206e,custom.jsdebugger.open.DAMP,damp,True,damp custom.jsdebugger.open.DAMP opt e10s fission stylo webrender,4768565,77,ms,firefox,,1798619623,2023-11-20T12:39:24,776.5626680001442,ffdf085e5e3ca95d10e929d78a0b119dc5fc2cbc,1334615
autoland,4768729,12,95f51e857a45cd76f1766c14d6bed804857cd27b,windows10-64-shippable-qr,True,False,,,102210fe594ee9b33d82058545b1ed14f4c8206e,custom.jsdebugger.open.DAMP,damp,True,damp custom.jsdebugger.open.DAMP opt e10s fission stylo webrender,4768565,77,ms,firefox,,1797171070,2023-11-20T12:44:46,778.1737434749884,de35cb5de97565935b503eade2990b5c385c7293,1334619
autoland,4768729,12,95f51e857a45cd76f1766c14d6bed804857cd27b,windows10-64-shippable-qr,True,False,,,102210fe594ee9b33d82058545b1ed14f4c8206e,custom.jsdebugger.open.DAMP,damp,True,damp custom.jsdebugger.open.DAMP opt e10s fission stylo webrender,4768565,77,ms,firefox,,1797311584,2023-11-20T16:13:55,772.0661094964162,f78453d754386d0000dae39e031b91b0d0c4b07f,1334757
autoland,4768729,12,95f51e857a45cd76f1766c14d6bed804857cd27b,windows10-64-shippable-qr,True,False,,,102210fe594ee9b33d82058545b1ed14f4c8206e,custom.jsdebugger.open.DAMP,damp,True,damp custom.jsdebugger.open.DAMP opt e10s fission stylo webrender,4768565,77,ms,firefox,,1797390711,2023-11-20T18:08:54,775.0934570507379,a2089603188c4136890163ddd71b1d4e60e1c396,1334868
autoland,4768729,12,95f51e857a45cd76f1766c14d6bed804857cd27b,windows10-64-shippable-qr,True,False,,,102210fe594ee9b33d82058545b1ed14f4c8206e,custom.jsdebugger.open.DAMP,damp,True,damp custom.jsdebugger.open.DAMP opt e10s fission stylo webrender,4768565,77,ms,firefox,,1800037078,2023-11-20T20:20:37,779.798279067647,568d77345180eb65e5184675875dc87d10d35351,1334986
autoland,4768729,12,95f51e857a45cd76f1766c14d6bed804857cd27b,windows10-64-shippable-qr,True,False,,,102210fe594ee9b33d82058545b1ed14f4c8206e,custom.jsdebugger.open.DAMP,damp,True,damp custom.jsdebugger.open.DAMP opt e10s fission stylo webrender,4768565,77,ms,firefox,,1800036899,2023-11-20T20:48:29,780.4907686478828,57d38d110f72e27bab2456e5b81b5b080c266301,1335011
autoland,4768729,12,95f51e857a45cd76f1766c14d6bed804857cd27b,windows10-64-shippable-qr,True,False,,,102210fe594ee9b33d82058545b1ed14f4c8206e,custom.jsdebugger.open.DAMP,damp,True,damp custom.jsdebugger.open.DAMP opt e10s fission stylo webrender,4768565,77,ms,firefox,,1800037767,2023-11-20T21:00:44,778.7826067366841,7a849caa2671dd02c1f9ee2814699f89c35ca99a,1335028
autoland,4768729,12,95f51e857a45cd76f1766c14d6bed804857cd27b,windows10-64-shippable-qr,True,False,,,102210fe594ee9b33d82058545b1ed14f4c8206e,custom.jsdebugger.open.DAMP,damp,True,damp custom.jsdebugger.open.DAMP opt e10s fission stylo webrender,4768565,77,ms,firefox,,1800038054,2023-11-20T21:03:26,777.3394113370387,42604daaa4d12dc7ae0911491ab047b8600c1917,1335029
autoland,4768729,12,95f51e857a45cd76f1766c14d6bed804857cd27b,windows10-64-shippable-qr,True,False,,,102210fe594ee9b33d82058545b1ed14f4c8206e,custom.jsdebugger.open.DAMP,damp,True,damp custom.jsdebugger.open.DAMP opt e10s fission stylo webrender,4768565,77,ms,firefox,,1800038271,2023-11-20T21:05:27,773.391755976585,f6c594d1fcd7142d1e977e4ba63f30906888130e,1335030
autoland,4768729,12,95f51e857a45cd76f1766c14d6bed804857cd27b,windows10-64-shippable-qr,True,False,,,102210fe594ee9b33d82058545b1ed14f4c8206e,custom.jsdebugger.open.DAMP,damp,True,damp custom.jsdebugger.open.DAMP opt e10s fission stylo webrender,4768565,77,ms,firefox,,1800039410,2023-11-20T21:07:46,794.8680795840482,d238dc5f29bd0251003e86f580984cf1171d8729,1335031
autoland,4768729,12,95f51e857a45cd76f1766c14d6bed804857cd27b,windows10-64-shippable-qr,True,False,,,102210fe594ee9b33d82058545b1ed14f4c8206e,custom.jsdebugger.open.DAMP,damp,True,damp custom.jsdebugger.open.DAMP opt e10s fission stylo webrender,4768565,77,ms,firefox,,1800038351,2023-11-20T21:08:44,776.2602869245602,04214fe2efdbbdd3e95b68b002a32842f985b13b,1335032
autoland,4768729,12,95f51e857a45cd76f1766c14d6bed804857cd27b,windows10-64-shippable-qr,True,False,,,102210fe594ee9b33d82058545b1ed14f4c8206e,custom.jsdebugger.open.DAMP,damp,True,damp custom.jsdebugger.open.DAMP opt e10s fission stylo webrender,4768565,77,ms,firefox,,1800038754,2023-11-20T21:09:43,796.3298102014405,9828830057c55444754c6f2ce75fb6f507347ebd,1335033
autoland,4768729,12,95f51e857a45cd76f1766c14d6bed804857cd27b,windows10-64-shippable-qr,True,False,,,102210fe594ee9b33d82058545b1ed14f4c8206e,custom.jsdebugger.open.DAMP,damp,True,damp custom.jsdebugger.open.DAMP opt e10s fission stylo webrender,4768565,77,ms,firefox,,1800038530,2023-11-20T21:44:10,778.4877118523727,9763af9939468e874ac0d5f1c4ad2016e12ceafc,1335067
autoland,4768729,12,95f51e857a45cd76f1766c14d6bed804857cd27b,windows10-64-shippable-qr,True,False,,,102210fe594ee9b33d82058545b1ed14f4c8206e,custom.jsdebugger.open.DAMP,damp,True,damp custom.jsdebugger.open.DAMP opt e10s fission stylo webrender,4768565,77,ms,firefox,,1797597032,2023-11-20T23:09:27,780.6852326747212,7b567ceeead73f84de62ab77b4b6c87450b347fa,1335119
autoland,4768729,12,95f51e857a45cd76f1766c14d6bed804857cd27b,windows10-64-shippable-qr,True,False,,,102210fe594ee9b33d82058545b1ed14f4c8206e,custom.jsdebugger.open.DAMP,damp,True,damp custom.jsdebugger.open.DAMP opt e10s fission stylo webrender,4768565,77,ms,firefox,,1800039681,2023-11-20T23:21:09,772.8869549664523,a0bda3471d44d057dc7dccb9aa51e50e6f546259,1335132
autoland,4768729,12,95f51e857a45cd76f1766c14d6bed804857cd27b,windows10-64-shippable-qr,True,False,,,102210fe594ee9b33d82058545b1ed14f4c8206e,custom.jsdebugger.open.DAMP,damp,True,damp custom.jsdebugger.open.DAMP opt e10s fission stylo webrender,4768565,77,ms,firefox,,1800040388,2023-11-20T23:22:09,778.2178140092219,de440757f159ce842a15573ec23e6bced779db73,1335134
autoland,4768729,12,95f51e857a45cd76f1766c14d6bed804857cd27b,windows10-64-shippable-qr,True,False,,,102210fe594ee9b33d82058545b1ed14f4c8206e,custom.jsdebugger.open.DAMP,damp,True,damp custom.jsdebugger.open.DAMP opt e10s fission stylo webrender,4768565,77,ms,firefox,,1800040905,2023-11-20T23:22:09,783.7352590908267,de440757f159ce842a15573ec23e6bced779db73,1335134
autoland,4768729,12,95f51e857a45cd76f1766c14d6bed804857cd27b,windows10-64-shippable-qr,True,False,,,102210fe594ee9b33d82058545b1ed14f4c8206e,custom.jsdebugger.open.DAMP,damp,True,damp custom.jsdebugger.open.DAMP opt e10s fission stylo webrender,4768565,77,ms,firefox,,1800037231,2023-11-20T23:23:12,782.0336158662685,104d26937af64ce32c9dfc92c72ba8f4b0d97edd,1335135
autoland,4768729,12,95f51e857a45cd76f1766c14d6bed804857cd27b,windows10-64-shippable-qr,True,False,,,102210fe594ee9b33d82058545b1ed14f4c8206e,custom.jsdebugger.open.DAMP,damp,True,damp custom.jsdebugger.open.DAMP opt e10s fission stylo webrender,4768565,77,ms,firefox,,1800037962,2023-11-20T23:24:05,779.5579806880723,f2558d4ebe41520695c83792fa6725511d388d7e,1335138
autoland,4768729,12,95f51e857a45cd76f1766c14d6bed804857cd27b,windows10-64-shippable-qr,True,False,,,102210fe594ee9b33d82058545b1ed14f4c8206e,custom.jsdebugger.open.DAMP,damp,True,damp custom.jsdebugger.open.DAMP opt e10s fission stylo webrender,4768565,77,ms,firefox,,1800038166,2023-11-20T23:25:12,771.628519789665,dde990208a4fa2791e4fc928b9155e3499e2a10f,1335139
autoland,4768729,12,95f51e857a45cd76f1766c14d6bed804857cd27b,windows10-64-shippable-qr,True,False,,,102210fe594ee9b33d82058545b1ed14f4c8206e,custom.jsdebugger.open.DAMP,damp,True,damp custom.jsdebugger.open.DAMP opt e10s fission stylo webrender,4768565,77,ms,firefox,,1800039158,2023-11-20T23:26:11,781.9779041242246,4a6ed43174388497963a5e476b2b22e495ba088e,1335141
autoland,4768729,12,95f51e857a45cd76f1766c14d6bed804857cd27b,windows10-64-shippable-qr,True,False,,,102210fe594ee9b33d82058545b1ed14f4c8206e,custom.jsdebugger.open.DAMP,damp,True,damp custom.jsdebugger.open.DAMP opt e10s fission stylo webrender,4768565,77,ms,firefox,,1800038589,2023-11-20T23:27:06,779.1743623124275,28d400b612e541c67c7c303113ab261f6463e848,1335142
autoland,4768729,12,95f51e857a45cd76f1766c14d6bed804857cd27b,windows10-64-shippable-qr,True,False,,,102210fe594ee9b33d82058545b1ed14f4c8206e,custom.jsdebugger.open.DAMP,damp,True,damp custom.jsdebugger.open.DAMP opt e10s fission stylo webrender,4768565,77,ms,firefox,,1800039326,2023-11-20T23:28:11,778.8969894777401,8c758adbe3cbecd8c1ea1990921a78072254e6f3,1335143
autoland,4768729,12,95f51e857a45cd76f1766c14d6bed804857cd27b,windows10-64-shippable-qr,True,False,,,102210fe594ee9b33d82058545b1ed14f4c8206e,custom.jsdebugger.open.DAMP,damp,True,damp custom.jsdebugger.open.DAMP opt e10s fission stylo webrender,4768565,77,ms,firefox,,1800038827,2023-11-20T23:29:25,781.4446882325574,79c2895d1a95f614a44752324211b0b1c4aac757,1335147
autoland,4768729,12,95f51e857a45cd76f1766c14d6bed804857cd27b,windows10-64-shippable-qr,True,False,,,102210fe594ee9b33d82058545b1ed14f4c8206e,custom.jsdebugger.open.DAMP,damp,True,damp custom.jsdebugger.open.DAMP opt e10s fission stylo webrender,4768565,77,ms,firefox,,1799657182,2023-11-20T23:30:20,780.0510771287081,f729290c0a67cecd4d553075fd4eafdb5095824e,1335149
autoland,4768729,12,95f51e857a45cd76f1766c14d6bed804857cd27b,windows10-64-shippable-qr,True,False,,,102210fe594ee9b33d82058545b1ed14f4c8206e,custom.jsdebugger.open.DAMP,damp,True,damp custom.jsdebugger.open.DAMP opt e10s fission stylo webrender,4768565,77,ms,firefox,,1799656853,2023-11-20T23:31:15,781.177722679,3549cd484a331268ff79a0c631528631af2bafb1,1335150
autoland,4768729,12,95f51e857a45cd76f1766c14d6bed804857cd27b,windows10-64-shippable-qr,True,False,,,102210fe594ee9b33d82058545b1ed14f4c8206e,custom.jsdebugger.open.DAMP,damp,True,damp custom.jsdebugger.open.DAMP opt e10s fission stylo webrender,4768565,77,ms,firefox,,1799660848,2023-11-20T23:32:07,782.5343517807996,ceabf841630615d071eaa69d51a6ff59dfc4df15,1335151
autoland,4768729,12,95f51e857a45cd76f1766c14d6bed804857cd27b,windows10-64-shippable-qr,True,False,,,102210fe594ee9b33d82058545b1ed14f4c8206e,custom.jsdebugger.open.DAMP,damp,True,damp custom.jsdebugger.open.DAMP opt e10s fission stylo webrender,4768565,77,ms,firefox,,1799661152,2023-11-20T23:33:04,782.9367837121172,8272ad0d7c2d4f69a556e19ef2775e98096e795e,1335152
autoland,4768729,12,95f51e857a45cd76f1766c14d6bed804857cd27b,windows10-64-shippable-qr,True,False,,,102210fe594ee9b33d82058545b1ed14f4c8206e,custom.jsdebugger.open.DAMP,damp,True,damp custom.jsdebugger.open.DAMP opt e10s fission stylo webrender,4768565,77,ms,firefox,,1799661688,2023-11-21T00:38:38,782.3056364325312,2ebfbd12670fc8f9eef1b2de7e3426d8dc9ae0b1,1335187
autoland,4768729,12,95f51e857a45cd76f1766c14d6bed804857cd27b,windows10-64-shippable-qr,True,False,,,102210fe594ee9b33d82058545b1ed14f4c8206e,custom.jsdebugger.open.DAMP,damp,True,damp custom.jsdebugger.open.DAMP opt e10s fission stylo webrender,4768565,77,ms,firefox,,1799664567,2023-11-21T00:43:51,801.1335321255465,3e089d41cd6b4037d794ae3c62110e68e18b12fb,1335190
autoland,4768729,12,95f51e857a45cd76f1766c14d6bed804857cd27b,windows10-64-shippable-qr,True,False,,,102210fe594ee9b33d82058545b1ed14f4c8206e,custom.jsdebugger.open.DAMP,damp,True,damp custom.jsdebugger.open.DAMP opt e10s fission stylo webrender,4768565,77,ms,firefox,,1799664510,2023-11-21T01:10:27,781.6369120660529,b3de285b7406990f62fd129d6257bdb31290df49,1335196
autoland,4768729,12,95f51e857a45cd76f1766c14d6bed804857cd27b,windows10-64-shippable-qr,True,False,,,102210fe594ee9b33d82058545b1ed14f4c8206e,custom.jsdebugger.open.DAMP,damp,True,damp custom.jsdebugger.open.DAMP opt e10s fission stylo webrender,4768565,77,ms,firefox,,1799688012,2023-11-21T01:11:21,776.7094049914522,f625e0ae7d5516997a8417cfa922554159a32673,1335197
autoland,4768729,12,95f51e857a45cd76f1766c14d6bed804857cd27b,windows10-64-shippable-qr,True,False,,,102210fe594ee9b33d82058545b1ed14f4c8206e,custom.jsdebugger.open.DAMP,damp,True,damp custom.jsdebugger.open.DAMP opt e10s fission stylo webrender,4768565,77,ms,firefox,,1797670297,2023-11-21T01:49:39,779.1281116378668,b9fe9a49496aa38ca77c335f20236610ef01a582,1335206
autoland,4768729,12,95f51e857a45cd76f1766c14d6bed804857cd27b,windows10-64-shippable-qr,True,False,,,102210fe594ee9b33d82058545b1ed14f4c8206e,custom.jsdebugger.open.DAMP,damp,True,damp custom.jsdebugger.open.DAMP opt e10s fission stylo webrender,4768565,77,ms,firefox,,1799670510,2023-11-21T10:35:13,781.725615431802,9e350a723b7af86dd13c75127d7859a1530c2327,1335397
autoland,4768729,12,95f51e857a45cd76f1766c14d6bed804857cd27b,windows10-64-shippable-qr,True,False,,,102210fe594ee9b33d82058545b1ed14f4c8206e,custom.jsdebugger.open.DAMP,damp,True,damp custom.jsdebugger.open.DAMP opt e10s fission stylo webrender,4768565,77,ms,firefox,,1799672024,2023-11-21T10:48:34,783.2349610162928,c95ea45e981012bfa4e536b797eab05157f8e8f7,1335401
autoland,4768729,12,95f51e857a45cd76f1766c14d6bed804857cd27b,windows10-64-shippable-qr,True,False,,,102210fe594ee9b33d82058545b1ed14f4c8206e,custom.jsdebugger.open.DAMP,damp,True,damp custom.jsdebugger.open.DAMP opt e10s fission stylo webrender,4768565,77,ms,firefox,,1799682149,2023-11-21T10:51:03,778.1636164608335,55026b57b6b1450262fd6ec3050c8cdd8ae0e9ac,1335403
autoland,4768729,12,95f51e857a45cd76f1766c14d6bed804857cd27b,windows10-64-shippable-qr,True,False,,,102210fe594ee9b33d82058545b1ed14f4c8206e,custom.jsdebugger.open.DAMP,damp,True,damp custom.jsdebugger.open.DAMP opt e10s fission stylo webrender,4768565,77,ms,firefox,,1799675988,2023-11-21T11:13:48,783.1854450030223,9aa0b8954c6aea3a1e6723127432217c65d73426,1335427
autoland,4768729,12,95f51e857a45cd76f1766c14d6bed804857cd27b,windows10-64-shippable-qr,True,False,,,102210fe594ee9b33d82058545b1ed14f4c8206e,custom.jsdebugger.open.DAMP,damp,True,damp custom.jsdebugger.open.DAMP opt e10s fission stylo webrender,4768565,77,ms,firefox,,1799682373,2023-11-21T11:28:19,777.8519609268697,89b150d0c0ab85684103d01707ba0010edbeb7ab,1335439
autoland,4768729,12,95f51e857a45cd76f1766c14d6bed804857cd27b,windows10-64-shippable-qr,True,False,,,102210fe594ee9b33d82058545b1ed14f4c8206e,custom.jsdebugger.open.DAMP,damp,True,damp custom.jsdebugger.open.DAMP opt e10s fission stylo webrender,4768565,77,ms,firefox,,1799683190,2023-11-21T11:29:16,788.9856039081715,93f0f84e3f9ba610610291fc8a782d907be23cd5,1335443
autoland,4768729,12,95f51e857a45cd76f1766c14d6bed804857cd27b,windows10-64-shippable-qr,True,False,,,102210fe594ee9b33d82058545b1ed14f4c8206e,custom.jsdebugger.open.DAMP,damp,True,damp custom.jsdebugger.open.DAMP opt e10s fission stylo webrender,4768565,77,ms,firefox,,1799683297,2023-11-21T11:52:33,780.2195251574667,e85c337798a43410bf45dd5ae77e5a6015eb8d23,1335455
autoland,4768729,12,95f51e857a45cd76f1766c14d6bed804857cd27b,windows10-64-shippable-qr,True,False,,,102210fe594ee9b33d82058545b1ed14f4c8206e,custom.jsdebugger.open.DAMP,damp,True,damp custom.jsdebugger.open.DAMP opt e10s fission stylo webrender,4768565,77,ms,firefox,,1799684140,2023-11-21T11:55:49,785.849136784891,a35aa51e1bfcd33c9874f1075e55117597b806e1,1335457
autoland,4768729,12,95f51e857a45cd76f1766c14d6bed804857cd27b,windows10-64-shippable-qr,True,False,,,102210fe594ee9b33d82058545b1ed14f4c8206e,custom.jsdebugger.open.DAMP,damp,True,damp custom.jsdebugger.open.DAMP opt e10s fission stylo webrender,4768565,77,ms,firefox,,1799684363,2023-11-21T12:04:20,782.084080711742,64014991c79c4184a29fc9ac35586425474799c4,1335463
autoland,4768729,12,95f51e857a45cd76f1766c14d6bed804857cd27b,windows10-64-shippable-qr,True,False,,,102210fe594ee9b33d82058545b1ed14f4c8206e,custom.jsdebugger.open.DAMP,damp,True,damp custom.jsdebugger.open.DAMP opt e10s fission stylo webrender,4768565,77,ms,firefox,,1797950185,2023-11-21T12:15:20,783.1444397568121,1ff1d467cb8d49467127613245f448026cd7df9e,1335466
autoland,4768729,12,95f51e857a45cd76f1766c14d6bed804857cd27b,windows10-64-shippable-qr,True,False,,,102210fe594ee9b33d82058545b1ed14f4c8206e,custom.jsdebugger.open.DAMP,damp,True,damp custom.jsdebugger.open.DAMP opt e10s fission stylo webrender,4768565,77,ms,firefox,,1800038665,2023-11-21T15:06:28,783.236184293848,a0c492fe307073c1550956cb2c0b07e348695c1b,1335576
autoland,4768729,12,95f51e857a45cd76f1766c14d6bed804857cd27b,windows10-64-shippable-qr,True,False,,,102210fe594ee9b33d82058545b1ed14f4c8206e,custom.jsdebugger.open.DAMP,damp,True,damp custom.jsdebugger.open.DAMP opt e10s fission stylo webrender,4768565,77,ms,firefox,,1799663828,2023-11-21T15:27:35,786.1512898301517,68b2ac713b64775329741649ee104e2d6f8fc765,1335595
autoland,4768729,12,95f51e857a45cd76f1766c14d6bed804857cd27b,windows10-64-shippable-qr,True,False,,,102210fe594ee9b33d82058545b1ed14f4c8206e,custom.jsdebugger.open.DAMP,damp,True,damp custom.jsdebugger.open.DAMP opt e10s fission stylo webrender,4768565,77,ms,firefox,,1799675160,2023-11-21T15:58:23,779.816314911368,4320684afd3d2904160a1fd26bc44edb90f09947,1335622
autoland,4768729,12,95f51e857a45cd76f1766c14d6bed804857cd27b,windows10-64-shippable-qr,True,False,,,102210fe594ee9b33d82058545b1ed14f4c8206e,custom.jsdebugger.open.DAMP,damp,True,damp custom.jsdebugger.open.DAMP opt e10s fission stylo webrender,4768565,77,ms,firefox,,1799666493,2023-11-21T16:10:29,780.5124100372195,eb4ff33091f576f2edad06b515f5695b20604725,1335630
autoland,4768729,12,95f51e857a45cd76f1766c14d6bed804857cd27b,windows10-64-shippable-qr,True,False,,,102210fe594ee9b33d82058545b1ed14f4c8206e,custom.jsdebugger.open.DAMP,damp,True,damp custom.jsdebugger.open.DAMP opt e10s fission stylo webrender,4768565,77,ms,firefox,,1799665353,2023-11-21T16:21:39,781.1145972640115,aec79e5db68fe83ac7f3cbd4c1470db74b433d28,1335642
autoland,4768729,12,95f51e857a45cd76f1766c14d6bed804857cd27b,windows10-64-shippable-qr,True,False,,,102210fe594ee9b33d82058545b1ed14f4c8206e,custom.jsdebugger.open.DAMP,damp,True,damp custom.jsdebugger.open.DAMP opt e10s fission stylo webrender,4768565,77,ms,firefox,,1799667134,2023-11-21T16:23:30,782.0588964141525,0a523177ba8157d040776a50aacbd4f6e22715fe,1335644
autoland,4768729,12,95f51e857a45cd76f1766c14d6bed804857cd27b,windows10-64-shippable-qr,True,False,,,102210fe594ee9b33d82058545b1ed14f4c8206e,custom.jsdebugger.open.DAMP,damp,True,damp custom.jsdebugger.open.DAMP opt e10s fission stylo webrender,4768565,77,ms,firefox,,1799667234,2023-11-21T16:34:03,780.6085076519958,e97f959d1225c326fcb98f82285c0a0f7085631b,1335656
autoland,4768729,12,95f51e857a45cd76f1766c14d6bed804857cd27b,windows10-64-shippable-qr,True,False,,,102210fe594ee9b33d82058545b1ed14f4c8206e,custom.jsdebugger.open.DAMP,damp,True,damp custom.jsdebugger.open.DAMP opt e10s fission stylo webrender,4768565,77,ms,firefox,,1799668500,2023-11-21T16:36:47,780.9189594915078,ea804fe0a160e21bc703a5311478079eaac8f7ee,1335660
autoland,4768729,12,95f51e857a45cd76f1766c14d6bed804857cd27b,windows10-64-shippable-qr,True,False,,,102210fe594ee9b33d82058545b1ed14f4c8206e,custom.jsdebugger.open.DAMP,damp,True,damp custom.jsdebugger.open.DAMP opt e10s fission stylo webrender,4768565,77,ms,firefox,,1799669477,2023-11-21T16:38:46,780.0292317916465,ee683c3699a76e2e7159a5297800dc28b78ac22a,1335661
autoland,4768729,12,95f51e857a45cd76f1766c14d6bed804857cd27b,windows10-64-shippable-qr,True,False,,,102210fe594ee9b33d82058545b1ed14f4c8206e,custom.jsdebugger.open.DAMP,damp,True,damp custom.jsdebugger.open.DAMP opt e10s fission stylo webrender,4768565,77,ms,firefox,,1799668621,2023-11-21T16:44:13,784.8212350474496,a5a183d53f8edc045639859ff059a5220516b33e,1335665
autoland,4768729,12,95f51e857a45cd76f1766c14d6bed804857cd27b,windows10-64-shippable-qr,True,False,,,102210fe594ee9b33d82058545b1ed14f4c8206e,custom.jsdebugger.open.DAMP,damp,True,damp custom.jsdebugger.open.DAMP opt e10s fission stylo webrender,4768565,77,ms,firefox,,1798241192,2023-11-21T17:01:46,775.5112071852491,cbc5eb28277f8e6d60fede93a822ede9eb7f01a5,1335682
autoland,4768729,12,95f51e857a45cd76f1766c14d6bed804857cd27b,windows10-64-shippable-qr,True,False,,,102210fe594ee9b33d82058545b1ed14f4c8206e,custom.jsdebugger.open.DAMP,damp,True,damp custom.jsdebugger.open.DAMP opt e10s fission stylo webrender,4768565,77,ms,firefox,,1800076813,2023-11-21T17:03:38,776.5134616585856,78dd7453daf0537c6ba3087a580d8187a2d2b444,1335684
autoland,4768729,12,95f51e857a45cd76f1766c14d6bed804857cd27b,windows10-64-shippable-qr,True,False,,,102210fe594ee9b33d82058545b1ed14f4c8206e,custom.jsdebugger.open.DAMP,damp,True,damp custom.jsdebugger.open.DAMP opt e10s fission stylo webrender,4768565,77,ms,firefox,,1800077890,2023-11-21T17:15:11,777.3655793594116,238d07f2df955a10d01dd4e6197356c768bf6ba0,1335696
autoland,4768729,12,95f51e857a45cd76f1766c14d6bed804857cd27b,windows10-64-shippable-qr,True,False,,,102210fe594ee9b33d82058545b1ed14f4c8206e,custom.jsdebugger.open.DAMP,damp,True,damp custom.jsdebugger.open.DAMP opt e10s fission stylo webrender,4768565,77,ms,firefox,,1800077809,2023-11-21T17:32:05,777.9207773106755,9069ce37de4f47b565e96964e96ae2e23d60addc,1335713
autoland,4768729,12,95f51e857a45cd76f1766c14d6bed804857cd27b,windows10-64-shippable-qr,True,False,,,102210fe594ee9b33d82058545b1ed14f4c8206e,custom.jsdebugger.open.DAMP,damp,True,damp custom.jsdebugger.open.DAMP opt e10s fission stylo webrender,4768565,77,ms,firefox,,1800077603,2023-11-21T17:38:58,774.8027687637232,d27ef75e0ce79e95de2b5537aaa029105abed598,1335716
autoland,4768729,12,95f51e857a45cd76f1766c14d6bed804857cd27b,windows10-64-shippable-qr,True,False,,,102210fe594ee9b33d82058545b1ed14f4c8206e,custom.jsdebugger.open.DAMP,damp,True,damp custom.jsdebugger.open.DAMP opt e10s fission stylo webrender,4768565,77,ms,firefox,,1800077753,2023-11-21T17:46:59,777.3959767647248,33c8d7952470319b178f638b262860195ad55937,1335722
autoland,4768729,12,95f51e857a45cd76f1766c14d6bed804857cd27b,windows10-64-shippable-qr,True,False,,,102210fe594ee9b33d82058545b1ed14f4c8206e,custom.jsdebugger.open.DAMP,damp,True,damp custom.jsdebugger.open.DAMP opt e10s fission stylo webrender,4768565,77,ms,firefox,,1800076970,2023-11-21T17:52:20,776.0149395053668,f551e765557471ef14dbc27b4b31954cebfe40a1,1335727
autoland,4768729,12,95f51e857a45cd76f1766c14d6bed804857cd27b,windows10-64-shippable-qr,True,False,,,102210fe594ee9b33d82058545b1ed14f4c8206e,custom.jsdebugger.open.DAMP,damp,True,damp custom.jsdebugger.open.DAMP opt e10s fission stylo webrender,4768565,77,ms,firefox,,1800077962,2023-11-21T17:53:17,780.9528799492618,80bbf6ac99e6403e4c8910d5adf8d1554a71e446,1335728
autoland,4768729,12,95f51e857a45cd76f1766c14d6bed804857cd27b,windows10-64-shippable-qr,True,False,,,102210fe594ee9b33d82058545b1ed14f4c8206e,custom.jsdebugger.open.DAMP,damp,True,damp custom.jsdebugger.open.DAMP opt e10s fission stylo webrender,4768565,77,ms,firefox,,1800076708,2023-11-21T17:58:36,779.7767954209385,d4424163a8bf6ad9a8756e524a3574ae7a7feb42,1335732
autoland,4768729,12,95f51e857a45cd76f1766c14d6bed804857cd27b,windows10-64-shippable-qr,True,False,,,102210fe594ee9b33d82058545b1ed14f4c8206e,custom.jsdebugger.open.DAMP,damp,True,damp custom.jsdebugger.open.DAMP opt e10s fission stylo webrender,4768565,77,ms,firefox,,1800076914,2023-11-21T18:03:56,778.9083126684272,a3c698fda337a0affa5d46cbe1ff018550b62c4c,1335737
autoland,4768729,12,95f51e857a45cd76f1766c14d6bed804857cd27b,windows10-64-shippable-qr,True,False,,,102210fe594ee9b33d82058545b1ed14f4c8206e,custom.jsdebugger.open.DAMP,damp,True,damp custom.jsdebugger.open.DAMP opt e10s fission stylo webrender,4768565,77,ms,firefox,,1799669136,2023-11-21T18:19:25,780.4549702595687,13f07117425fbac3a2c76964a7553f2434073b27,1335754
autoland,4768729,12,95f51e857a45cd76f1766c14d6bed804857cd27b,windows10-64-shippable-qr,True,False,,,102210fe594ee9b33d82058545b1ed14f4c8206e,custom.jsdebugger.open.DAMP,damp,True,damp custom.jsdebugger.open.DAMP opt e10s fission stylo webrender,4768565,77,ms,firefox,,1799658618,2023-11-21T18:20:27,776.222358376428,3df03c7436cf6c25488eab7244c740b35f72f40e,1335756
autoland,4768729,12,95f51e857a45cd76f1766c14d6bed804857cd27b,windows10-64-shippable-qr,True,False,,,102210fe594ee9b33d82058545b1ed14f4c8206e,custom.jsdebugger.open.DAMP,damp,True,damp custom.jsdebugger.open.DAMP opt e10s fission stylo webrender,4768565,77,ms,firefox,,1799664159,2023-11-21T18:43:41,781.1349066077528,677a1b08631cda387b7e1d2769027308e90448d0,1335774
autoland,4768729,12,95f51e857a45cd76f1766c14d6bed804857cd27b,windows10-64-shippable-qr,True,False,,,102210fe594ee9b33d82058545b1ed14f4c8206e,custom.jsdebugger.open.DAMP,damp,True,damp custom.jsdebugger.open.DAMP opt e10s fission stylo webrender,4768565,77,ms,firefox,,1799661377,2023-11-21T18:45:50,775.9137220179546,6d2982d16908a46a3dc282f46469d894752ef3d9,1335778
autoland,4768729,12,95f51e857a45cd76f1766c14d6bed804857cd27b,windows10-64-shippable-qr,True,False,,,102210fe594ee9b33d82058545b1ed14f4c8206e,custom.jsdebugger.open.DAMP,damp,True,damp custom.jsdebugger.open.DAMP opt e10s fission stylo webrender,4768565,77,ms,firefox,,1799673019,2023-11-21T19:06:16,782.2388755105057,bd5abec7eabc10c326addf7a64d4c69f5b5f831c,1335794
autoland,4768729,12,95f51e857a45cd76f1766c14d6bed804857cd27b,windows10-64-shippable-qr,True,False,,,102210fe594ee9b33d82058545b1ed14f4c8206e,custom.jsdebugger.open.DAMP,damp,True,damp custom.jsdebugger.open.DAMP opt e10s fission stylo webrender,4768565,77,ms,firefox,,1799688215,2023-11-21T19:10:08,771.2139064922376,4fbc2295716fd526b2fcc8de2789d7bfc0389b72,1335800
autoland,4768729,12,95f51e857a45cd76f1766c14d6bed804857cd27b,windows10-64-shippable-qr,True,False,,,102210fe594ee9b33d82058545b1ed14f4c8206e,custom.jsdebugger.open.DAMP,damp,True,damp custom.jsdebugger.open.DAMP opt e10s fission stylo webrender,4768565,77,ms,firefox,,1799665950,2023-11-21T19:29:38,782.8772210556199,6e046b6edfea4d8378dd77d32d0958d622e0b577,1335821
autoland,4768729,12,95f51e857a45cd76f1766c14d6bed804857cd27b,windows10-64-shippable-qr,True,False,,,102210fe594ee9b33d82058545b1ed14f4c8206e,custom.jsdebugger.open.DAMP,damp,True,damp custom.jsdebugger.open.DAMP opt e10s fission stylo webrender,4768565,77,ms,firefox,,1799666926,2023-11-21T19:50:05,785.943807725791,564abe4d105da171a949cb7329c49c8822174544,1335841
autoland,4768729,12,95f51e857a45cd76f1766c14d6bed804857cd27b,windows10-64-shippable-qr,True,False,,,102210fe594ee9b33d82058545b1ed14f4c8206e,custom.jsdebugger.open.DAMP,damp,True,damp custom.jsdebugger.open.DAMP opt e10s fission stylo webrender,4768565,77,ms,firefox,,1799667495,2023-11-21T19:51:07,779.8205267801677,8b92137bf5c7efb21bf7461a2a161146f2e2a38c,1335842
autoland,4768729,12,95f51e857a45cd76f1766c14d6bed804857cd27b,windows10-64-shippable-qr,True,False,,,102210fe594ee9b33d82058545b1ed14f4c8206e,custom.jsdebugger.open.DAMP,damp,True,damp custom.jsdebugger.open.DAMP opt e10s fission stylo webrender,4768565,77,ms,firefox,,1798295962,2023-11-21T21:47:24,780.0028125823465,62f686461927825493253d0f82a43804b3eddf71,1335911
autoland,4768729,12,95f51e857a45cd76f1766c14d6bed804857cd27b,windows10-64-shippable-qr,True,False,,,102210fe594ee9b33d82058545b1ed14f4c8206e,custom.jsdebugger.open.DAMP,damp,True,damp custom.jsdebugger.open.DAMP opt e10s fission stylo webrender,4768565,77,ms,firefox,,1798328621,2023-11-21T21:50:11,780.0724855342996,ef0b50d89a7f6107932087c2c1adc2f6fd9ab06a,1335914
autoland,4768729,12,95f51e857a45cd76f1766c14d6bed804857cd27b,windows10-64-shippable-qr,True,False,,,102210fe594ee9b33d82058545b1ed14f4c8206e,custom.jsdebugger.open.DAMP,damp,True,damp custom.jsdebugger.open.DAMP opt e10s fission stylo webrender,4768565,77,ms,firefox,,1798369640,2023-11-22T01:56:32,777.2047554519377,7dc6122ebd68b46a9d4320c40c86f20c2b78984a,1336017
autoland,4768729,12,95f51e857a45cd76f1766c14d6bed804857cd27b,windows10-64-shippable-qr,True,False,,,102210fe594ee9b33d82058545b1ed14f4c8206e,custom.jsdebugger.open.DAMP,damp,True,damp custom.jsdebugger.open.DAMP opt e10s fission stylo webrender,4768565,77,ms,firefox,,1798474152,2023-11-22T05:59:37,778.9283004338513,ed20a8b98a8f2d8593dbbbd9b5df993e3e91433f,1336060
autoland,4768729,12,95f51e857a45cd76f1766c14d6bed804857cd27b,windows10-64-shippable-qr,True,False,,,102210fe594ee9b33d82058545b1ed14f4c8206e,custom.jsdebugger.open.DAMP,damp,True,damp custom.jsdebugger.open.DAMP opt e10s fission stylo webrender,4768565,77,ms,firefox,,1798571166,2023-11-22T07:16:13,781.4398880972003,0222787eb3244ffb2e62210f697d039bdef46036,1336076
autoland,4768729,12,95f51e857a45cd76f1766c14d6bed804857cd27b,windows10-64-shippable-qr,True,False,,,102210fe594ee9b33d82058545b1ed14f4c8206e,custom.jsdebugger.open.DAMP,damp,True,damp custom.jsdebugger.open.DAMP opt e10s fission stylo webrender,4768565,77,ms,firefox,,1800995389,2023-11-22T10:41:54,774.5539196193422,60b5154813f2af39dc4d9f0b6089a86e474bc19f,1336211
autoland,4768729,12,95f51e857a45cd76f1766c14d6bed804857cd27b,windows10-64-shippable-qr,True,False,,,102210fe594ee9b33d82058545b1ed14f4c8206e,custom.jsdebugger.open.DAMP,damp,True,damp custom.jsdebugger.open.DAMP opt e10s fission stylo webrender,4768565,77,ms,firefox,,1800995476,2023-11-22T10:45:41,769.3684056386846,ffca3d96550da268f96741751ac715b5de36d59b,1336218
autoland,4768729,12,95f51e857a45cd76f1766c14d6bed804857cd27b,windows10-64-shippable-qr,True,False,,,102210fe594ee9b33d82058545b1ed14f4c8206e,custom.jsdebugger.open.DAMP,damp,True,damp custom.jsdebugger.open.DAMP opt e10s fission stylo webrender,4768565,77,ms,firefox,,1800995632,2023-11-22T11:01:06,774.5241466315119,3d6b0444986341a058dddc721a55429a6d98a740,1336232
autoland,4768729,12,95f51e857a45cd76f1766c14d6bed804857cd27b,windows10-64-shippable-qr,True,False,,,102210fe594ee9b33d82058545b1ed14f4c8206e,custom.jsdebugger.open.DAMP,damp,True,damp custom.jsdebugger.open.DAMP opt e10s fission stylo webrender,4768565,77,ms,firefox,,1800996147,2023-11-22T11:02:31,777.929386433796,a40bba0f3d7165d9b56268a01567aa7aafeda111,1336233
autoland,4768729,12,95f51e857a45cd76f1766c14d6bed804857cd27b,windows10-64-shippable-qr,True,False,,,102210fe594ee9b33d82058545b1ed14f4c8206e,custom.jsdebugger.open.DAMP,damp,True,damp custom.jsdebugger.open.DAMP opt e10s fission stylo webrender,4768565,77,ms,firefox,,1800995932,2023-11-22T12:10:02,770.7503607897661,ed311995cd70f53ede058067626f09f9f61b9f83,1336277
autoland,4768729,12,95f51e857a45cd76f1766c14d6bed804857cd27b,windows10-64-shippable-qr,True,False,,,102210fe594ee9b33d82058545b1ed14f4c8206e,custom.jsdebugger.open.DAMP,damp,True,damp custom.jsdebugger.open.DAMP opt e10s fission stylo webrender,4768565,77,ms,firefox,,1800995944,2023-11-22T12:20:08,770.5115055031492,2b56c2b2837adfd7c49b599771cfea2d9e3d687b,1336281
autoland,4768729,12,95f51e857a45cd76f1766c14d6bed804857cd27b,windows10-64-shippable-qr,True,False,,,102210fe594ee9b33d82058545b1ed14f4c8206e,custom.jsdebugger.open.DAMP,damp,True,damp custom.jsdebugger.open.DAMP opt e10s fission stylo webrender,4768565,77,ms,firefox,,1800996276,2023-11-22T12:21:04,770.9491733926407,d26431f392086a772fcb036b4aaf8503169151ea,1336283
autoland,4768729,12,95f51e857a45cd76f1766c14d6bed804857cd27b,windows10-64-shippable-qr,True,False,,,102210fe594ee9b33d82058545b1ed14f4c8206e,custom.jsdebugger.open.DAMP,damp,True,damp custom.jsdebugger.open.DAMP opt e10s fission stylo webrender,4768565,77,ms,firefox,,1800996766,2023-11-22T12:36:00,770.3689848096474,fefa2e429bdc333efcb52eb29b0f10de18c79faf,1336288
autoland,4768729,12,95f51e857a45cd76f1766c14d6bed804857cd27b,windows10-64-shippable-qr,True,False,,,102210fe594ee9b33d82058545b1ed14f4c8206e,custom.jsdebugger.open.DAMP,damp,True,damp custom.jsdebugger.open.DAMP opt e10s fission stylo webrender,4768565,77,ms,firefox,,1798834086,2023-11-22T13:00:34,774.6902318367356,b90083f581e182455cf23aaacb125b728b3ccb32,1336296
autoland,4768729,12,95f51e857a45cd76f1766c14d6bed804857cd27b,windows10-64-shippable-qr,True,False,,,102210fe594ee9b33d82058545b1ed14f4c8206e,custom.jsdebugger.open.DAMP,damp,True,damp custom.jsdebugger.open.DAMP opt e10s fission stylo webrender,4768565,77,ms,firefox,,1800995716,2023-11-22T15:08:47,775.2753876863426,005cc9d197e7cde3990b161800c25d4f906276a4,1336358
autoland,4768729,12,95f51e857a45cd76f1766c14d6bed804857cd27b,windows10-64-shippable-qr,True,False,,,102210fe594ee9b33d82058545b1ed14f4c8206e,custom.jsdebugger.open.DAMP,damp,True,damp custom.jsdebugger.open.DAMP opt e10s fission stylo webrender,4768565,77,ms,firefox,,1800995845,2023-11-22T15:09:41,767.3104787716002,531452ed4fd46a75121a46de5f5865726a343915,1336360
autoland,4768729,12,95f51e857a45cd76f1766c14d6bed804857cd27b,windows10-64-shippable-qr,True,False,,,102210fe594ee9b33d82058545b1ed14f4c8206e,custom.jsdebugger.open.DAMP,damp,True,damp custom.jsdebugger.open.DAMP opt e10s fission stylo webrender,4768565,77,ms,firefox,,1800995777,2023-11-22T15:10:35,771.5554743940011,08990bc135c9d5b3f3bd5ade3b5af1705ca22c7d,1336362
autoland,4768729,12,95f51e857a45cd76f1766c14d6bed804857cd27b,windows10-64-shippable-qr,True,False,,,102210fe594ee9b33d82058545b1ed14f4c8206e,custom.jsdebugger.open.DAMP,damp,True,damp custom.jsdebugger.open.DAMP opt e10s fission stylo webrender,4768565,77,ms,firefox,,1800996456,2023-11-22T15:38:06,774.954875741023,18e055e99d5d1563b1e0a97dd7f366ec4c095006,1336379
autoland,4768729,12,95f51e857a45cd76f1766c14d6bed804857cd27b,windows10-64-shippable-qr,True,False,,,102210fe594ee9b33d82058545b1ed14f4c8206e,custom.jsdebugger.open.DAMP,damp,True,damp custom.jsdebugger.open.DAMP opt e10s fission stylo webrender,4768565,77,ms,firefox,,1800996591,2023-11-22T15:52:03,774.8378323395882,146ee20a5ad859e619c53579a7fc982ddd66a8ba,1336391
autoland,4768729,12,95f51e857a45cd76f1766c14d6bed804857cd27b,windows10-64-shippable-qr,True,False,,,102210fe594ee9b33d82058545b1ed14f4c8206e,custom.jsdebugger.open.DAMP,damp,True,damp custom.jsdebugger.open.DAMP opt e10s fission stylo webrender,4768565,77,ms,firefox,,1800996221,2023-11-22T16:00:58,773.968394511212,dff044a474e0d72bb50c237aea6d73bcba2f2483,1336392
autoland,4768729,12,95f51e857a45cd76f1766c14d6bed804857cd27b,windows10-64-shippable-qr,True,False,,,102210fe594ee9b33d82058545b1ed14f4c8206e,custom.jsdebugger.open.DAMP,damp,True,damp custom.jsdebugger.open.DAMP opt e10s fission stylo webrender,4768565,77,ms,firefox,,1800996520,2023-11-22T16:04:36,774.4405031802053,3d393874d4d797a664c536c3da3fef33489e9287,1336396
autoland,4768729,12,95f51e857a45cd76f1766c14d6bed804857cd27b,windows10-64-shippable-qr,True,False,,,102210fe594ee9b33d82058545b1ed14f4c8206e,custom.jsdebugger.open.DAMP,damp,True,damp custom.jsdebugger.open.DAMP opt e10s fission stylo webrender,4768565,77,ms,firefox,,1800996334,2023-11-22T16:08:48,776.0320293382902,823341e5f5121d198fed2a8fc4d2abd6e68951d8,1336398
autoland,4768729,12,95f51e857a45cd76f1766c14d6bed804857cd27b,windows10-64-shippable-qr,True,False,,,102210fe594ee9b33d82058545b1ed14f4c8206e,custom.jsdebugger.open.DAMP,damp,True,damp custom.jsdebugger.open.DAMP opt e10s fission stylo webrender,4768565,77,ms,firefox,,1800996398,2023-11-22T16:21:42,776.1455404621665,f907a44f7e3d2543b7441cefcfacebc7b862c120,1336409
autoland,4768729,12,95f51e857a45cd76f1766c14d6bed804857cd27b,windows10-64-shippable-qr,True,False,,,102210fe594ee9b33d82058545b1ed14f4c8206e,custom.jsdebugger.open.DAMP,damp,True,damp custom.jsdebugger.open.DAMP opt e10s fission stylo webrender,4768565,77,ms,firefox,,1798883721,2023-11-22T16:22:37,773.8744787412288,f4fae08660c1f3323af7bdef3ed152a3d34bc751,1336410
autoland,4768729,12,95f51e857a45cd76f1766c14d6bed804857cd27b,windows10-64-shippable-qr,True,False,,,102210fe594ee9b33d82058545b1ed14f4c8206e,custom.jsdebugger.open.DAMP,damp,True,damp custom.jsdebugger.open.DAMP opt e10s fission stylo webrender,4768565,77,ms,firefox,,1801018085,2023-11-22T18:32:16,780.7898184310507,653b11b3f7d6492b6f542c8735b46c5afd334c74,1336517
autoland,4768729,12,95f51e857a45cd76f1766c14d6bed804857cd27b,windows10-64-shippable-qr,True,False,,,102210fe594ee9b33d82058545b1ed14f4c8206e,custom.jsdebugger.open.DAMP,damp,True,damp custom.jsdebugger.open.DAMP opt e10s fission stylo webrender,4768565,77,ms,firefox,,1801016772,2023-11-22T18:33:32,774.9066369115262,4a249d62c87be1f6d3ab8c768c6ea1421a3aa999,1336519
autoland,4768729,12,95f51e857a45cd76f1766c14d6bed804857cd27b,windows10-64-shippable-qr,True,False,,,102210fe594ee9b33d82058545b1ed14f4c8206e,custom.jsdebugger.open.DAMP,damp,True,damp custom.jsdebugger.open.DAMP opt e10s fission stylo webrender,4768565,77,ms,firefox,,1801017517,2023-11-22T18:34:40,775.1490176254347,a799320fe84d6937d3156177cfa69213ebcfd0f4,1336522
autoland,4768729,12,95f51e857a45cd76f1766c14d6bed804857cd27b,windows10-64-shippable-qr,True,False,,,102210fe594ee9b33d82058545b1ed14f4c8206e,custom.jsdebugger.open.DAMP,damp,True,damp custom.jsdebugger.open.DAMP opt e10s fission stylo webrender,4768565,77,ms,firefox,,1801017052,2023-11-22T18:35:45,777.8598493834434,d3022af75b98dc310fd04575f5d5121e18bc69ee,1336523
autoland,4768729,12,95f51e857a45cd76f1766c14d6bed804857cd27b,windows10-64-shippable-qr,True,False,,,102210fe594ee9b33d82058545b1ed14f4c8206e,custom.jsdebugger.open.DAMP,damp,True,damp custom.jsdebugger.open.DAMP opt e10s fission stylo webrender,4768565,77,ms,firefox,,1801017948,2023-11-22T18:36:41,788.545158578374,fa21a1918d5e53534cf9d6d014c192d037993dd9,1336525
autoland,4768729,12,95f51e857a45cd76f1766c14d6bed804857cd27b,windows10-64-shippable-qr,True,False,,,102210fe594ee9b33d82058545b1ed14f4c8206e,custom.jsdebugger.open.DAMP,damp,True,damp custom.jsdebugger.open.DAMP opt e10s fission stylo webrender,4768565,77,ms,firefox,,1801017328,2023-11-22T19:02:28,776.1385202479578,ca567dce1feae7a9bf30f7e466471687194f6b19,1336541
autoland,4768729,12,95f51e857a45cd76f1766c14d6bed804857cd27b,windows10-64-shippable-qr,True,False,,,102210fe594ee9b33d82058545b1ed14f4c8206e,custom.jsdebugger.open.DAMP,damp,True,damp custom.jsdebugger.open.DAMP opt e10s fission stylo webrender,4768565,77,ms,firefox,,1799086272,2023-11-22T19:14:54,775.6137080668123,bcdbc1e5d9a7c0fea2fcdc91ab0eebe908b34ece,1336555
autoland,4768729,12,95f51e857a45cd76f1766c14d6bed804857cd27b,windows10-64-shippable-qr,True,False,,,102210fe594ee9b33d82058545b1ed14f4c8206e,custom.jsdebugger.open.DAMP,damp,True,damp custom.jsdebugger.open.DAMP opt e10s fission stylo webrender,4768565,77,ms,firefox,,1800996669,2023-11-22T19:56:19,787.4515008248272,28e1518994cbbad28b51800e62abeb93ad9fbb03,1336589
autoland,4768729,12,95f51e857a45cd76f1766c14d6bed804857cd27b,windows10-64-shippable-qr,True,False,,,102210fe594ee9b33d82058545b1ed14f4c8206e,custom.jsdebugger.open.DAMP,damp,True,damp custom.jsdebugger.open.DAMP opt e10s fission stylo webrender,4768565,77,ms,firefox,,1801009485,2023-11-22T20:10:49,773.0808011506888,052214d67a99b0f5385b5fc72c2f0583cc026cbc,1336599
autoland,4768729,12,95f51e857a45cd76f1766c14d6bed804857cd27b,windows10-64-shippable-qr,True,False,,,102210fe594ee9b33d82058545b1ed14f4c8206e,custom.jsdebugger.open.DAMP,damp,True,damp custom.jsdebugger.open.DAMP opt e10s fission stylo webrender,4768565,77,ms,firefox,,1801017822,2023-11-22T20:50:55,776.1902551364692,2d3f172e9411fdb06672578ecd38d5eb38ae03e6,1336615
autoland,4768729,12,95f51e857a45cd76f1766c14d6bed804857cd27b,windows10-64-shippable-qr,True,False,,,102210fe594ee9b33d82058545b1ed14f4c8206e,custom.jsdebugger.open.DAMP,damp,True,damp custom.jsdebugger.open.DAMP opt e10s fission stylo webrender,4768565,77,ms,firefox,,1801017215,2023-11-22T20:52:29,775.5528324717307,c5f673d570906635bd973b814301f41b9b50cf67,1336619
autoland,4768729,12,95f51e857a45cd76f1766c14d6bed804857cd27b,windows10-64-shippable-qr,True,False,,,102210fe594ee9b33d82058545b1ed14f4c8206e,custom.jsdebugger.open.DAMP,damp,True,damp custom.jsdebugger.open.DAMP opt e10s fission stylo webrender,4768565,77,ms,firefox,,1801017459,2023-11-22T21:02:48,777.6734246103952,a36c43d1373b6bdf596968f8a2d2b2f04629c156,1336621
autoland,4768729,12,95f51e857a45cd76f1766c14d6bed804857cd27b,windows10-64-shippable-qr,True,False,,,102210fe594ee9b33d82058545b1ed14f4c8206e,custom.jsdebugger.open.DAMP,damp,True,damp custom.jsdebugger.open.DAMP opt e10s fission stylo webrender,4768565,77,ms,firefox,,1801017152,2023-11-22T21:08:49,774.6841215460736,ebc7e4cc202f73f29d75c5cd88e56339d35e08e8,1336623
autoland,4768729,12,95f51e857a45cd76f1766c14d6bed804857cd27b,windows10-64-shippable-qr,True,False,,,102210fe594ee9b33d82058545b1ed14f4c8206e,custom.jsdebugger.open.DAMP,damp,True,damp custom.jsdebugger.open.DAMP opt e10s fission stylo webrender,4768565,77,ms,firefox,,1801016966,2023-11-22T21:30:34,778.87224284062,a1f726ef39fcc1f4f5fff9b7d5eb7e2a84202f50,1336642
autoland,4768729,12,95f51e857a45cd76f1766c14d6bed804857cd27b,windows10-64-shippable-qr,True,False,,,102210fe594ee9b33d82058545b1ed14f4c8206e,custom.jsdebugger.open.DAMP,damp,True,damp custom.jsdebugger.open.DAMP opt e10s fission stylo webrender,4768565,77,ms,firefox,,1801016886,2023-11-22T21:32:19,780.4782766748131,ce28bf4ceb89c3f5ae52d1041aced3080fff465a,1336643
autoland,4768729,12,95f51e857a45cd76f1766c14d6bed804857cd27b,windows10-64-shippable-qr,True,False,,,102210fe594ee9b33d82058545b1ed14f4c8206e,custom.jsdebugger.open.DAMP,damp,True,damp custom.jsdebugger.open.DAMP opt e10s fission stylo webrender,4768565,77,ms,firefox,,1801024994,2023-11-22T21:52:29,772.4477828355884,7b58d84e97324651bcdd277953e605ac5dfbb997,1336651
autoland,4768729,12,95f51e857a45cd76f1766c14d6bed804857cd27b,windows10-64-shippable-qr,True,False,,,102210fe594ee9b33d82058545b1ed14f4c8206e,custom.jsdebugger.open.DAMP,damp,True,damp custom.jsdebugger.open.DAMP opt e10s fission stylo webrender,4768565,77,ms,firefox,,1800967541,2023-11-22T21:59:16,774.8221140422511,662bda9458a8e14300183c92969572cc4023aa2d,1336653
autoland,4768729,12,95f51e857a45cd76f1766c14d6bed804857cd27b,windows10-64-shippable-qr,True,False,,,102210fe594ee9b33d82058545b1ed14f4c8206e,custom.jsdebugger.open.DAMP,damp,True,damp custom.jsdebugger.open.DAMP opt e10s fission stylo webrender,4768565,77,ms,firefox,,1800985194,2023-11-22T22:01:55,776.5597122699901,cb3f2d6b2154c1419b3bd06cf5da141dbd1793ca,1336654
autoland,4768729,12,95f51e857a45cd76f1766c14d6bed804857cd27b,windows10-64-shippable-qr,True,False,,,102210fe594ee9b33d82058545b1ed14f4c8206e,custom.jsdebugger.open.DAMP,damp,True,damp custom.jsdebugger.open.DAMP opt e10s fission stylo webrender,4768565,77,ms,firefox,,1799175739,2023-11-22T23:02:09,772.6428393447786,3122924cd341ff55738fd6a06d4bd708010c15e4,1336681
autoland,4768729,12,95f51e857a45cd76f1766c14d6bed804857cd27b,windows10-64-shippable-qr,True,False,,,102210fe594ee9b33d82058545b1ed14f4c8206e,custom.jsdebugger.open.DAMP,damp,True,damp custom.jsdebugger.open.DAMP opt e10s fission stylo webrender,4768565,77,ms,firefox,,1800966442,2023-11-22T23:03:10,774.191560947249,c491ec0fb8f31cd0ca1cb408947feafe19c42a77,1336682
autoland,4768729,12,95f51e857a45cd76f1766c14d6bed804857cd27b,windows10-64-shippable-qr,True,False,,,102210fe594ee9b33d82058545b1ed14f4c8206e,custom.jsdebugger.open.DAMP,damp,True,damp custom.jsdebugger.open.DAMP opt e10s fission stylo webrender,4768565,77,ms,firefox,,1800967283,2023-11-23T00:44:40,775.0645972781931,faa25023486ce8a26ec7b4ab7d3362836442c042,1336720
autoland,4768729,12,95f51e857a45cd76f1766c14d6bed804857cd27b,windows10-64-shippable-qr,True,False,,,102210fe594ee9b33d82058545b1ed14f4c8206e,custom.jsdebugger.open.DAMP,damp,True,damp custom.jsdebugger.open.DAMP opt e10s fission stylo webrender,4768565,77,ms,firefox,,1800967339,2023-11-23T00:47:00,771.4765483239607,d9d35dd0379e4b872899f8fece851d0b772b1c25,1336721
autoland,4768729,12,95f51e857a45cd76f1766c14d6bed804857cd27b,windows10-64-shippable-qr,True,False,,,102210fe594ee9b33d82058545b1ed14f4c8206e,custom.jsdebugger.open.DAMP,damp,True,damp custom.jsdebugger.open.DAMP opt e10s fission stylo webrender,4768565,77,ms,firefox,,1800966877,2023-11-23T00:55:55,770.4741015172476,62291a580d1f950f5825681289675b0ecf714e6b,1336725
autoland,4768729,12,95f51e857a45cd76f1766c14d6bed804857cd27b,windows10-64-shippable-qr,True,False,,,102210fe594ee9b33d82058545b1ed14f4c8206e,custom.jsdebugger.open.DAMP,damp,True,damp custom.jsdebugger.open.DAMP opt e10s fission stylo webrender,4768565,77,ms,firefox,,1800966723,2023-11-23T01:38:35,774.647163793561,d2babb0052b095136036dce7b63fa456bbd870a9,1336733
autoland,4768729,12,95f51e857a45cd76f1766c14d6bed804857cd27b,windows10-64-shippable-qr,True,False,,,102210fe594ee9b33d82058545b1ed14f4c8206e,custom.jsdebugger.open.DAMP,damp,True,damp custom.jsdebugger.open.DAMP opt e10s fission stylo webrender,4768565,77,ms,firefox,,1800960061,2023-11-23T02:36:04,772.7986734423594,ad28a3a25b2a199ffa143a0f35905438495a0931,1336744
autoland,4768729,12,95f51e857a45cd76f1766c14d6bed804857cd27b,windows10-64-shippable-qr,True,False,,,102210fe594ee9b33d82058545b1ed14f4c8206e,custom.jsdebugger.open.DAMP,damp,True,damp custom.jsdebugger.open.DAMP opt e10s fission stylo webrender,4768565,77,ms,firefox,,1799400475,2023-11-23T04:10:29,779.2677169950266,8366d9b1b0ca63aa3b706dd53ce23f052221c11b,1336756
autoland,4768729,12,95f51e857a45cd76f1766c14d6bed804857cd27b,windows10-64-shippable-qr,True,False,,,102210fe594ee9b33d82058545b1ed14f4c8206e,custom.jsdebugger.open.DAMP,damp,True,damp custom.jsdebugger.open.DAMP opt e10s fission stylo webrender,4768565,77,ms,firefox,,1800949811,2023-11-23T04:56:03,766.7103232223735,42c80086da4468f407648f2f57a7222aab2e9951,1336758
autoland,4768729,12,95f51e857a45cd76f1766c14d6bed804857cd27b,windows10-64-shippable-qr,True,False,,,102210fe594ee9b33d82058545b1ed14f4c8206e,custom.jsdebugger.open.DAMP,damp,True,damp custom.jsdebugger.open.DAMP opt e10s fission stylo webrender,4768565,77,ms,firefox,,1800949263,2023-11-23T05:44:59,778.5593551258789,10a245da54422332b4f1691da8855d9a29add4f9,1336760
autoland,4768729,12,95f51e857a45cd76f1766c14d6bed804857cd27b,windows10-64-shippable-qr,True,False,,,102210fe594ee9b33d82058545b1ed14f4c8206e,custom.jsdebugger.open.DAMP,damp,True,damp custom.jsdebugger.open.DAMP opt e10s fission stylo webrender,4768565,77,ms,firefox,,1800946937,2023-11-23T05:48:06,771.324220863331,f1f5f98290b348616c33083ee0bef41d8c2cc147,1336761
autoland,4768729,12,95f51e857a45cd76f1766c14d6bed804857cd27b,windows10-64-shippable-qr,True,False,,,102210fe594ee9b33d82058545b1ed14f4c8206e,custom.jsdebugger.open.DAMP,damp,True,damp custom.jsdebugger.open.DAMP opt e10s fission stylo webrender,4768565,77,ms,firefox,,1800948592,2023-11-23T06:30:58,772.5680251849408,6a44a533b289fed920d41737bdef46afae72d47d,1336767
autoland,4768729,12,95f51e857a45cd76f1766c14d6bed804857cd27b,windows10-64-shippable-qr,True,False,,,102210fe594ee9b33d82058545b1ed14f4c8206e,custom.jsdebugger.open.DAMP,damp,True,damp custom.jsdebugger.open.DAMP opt e10s fission stylo webrender,4768565,77,ms,firefox,,1800949755,2023-11-23T06:37:53,791.6882986556011,aec75eaf7a9b9aca39264d6e5f650a4f285c6cf4,1336768
autoland,4768729,12,95f51e857a45cd76f1766c14d6bed804857cd27b,windows10-64-shippable-qr,True,False,,,102210fe594ee9b33d82058545b1ed14f4c8206e,custom.jsdebugger.open.DAMP,damp,True,damp custom.jsdebugger.open.DAMP opt e10s fission stylo webrender,4768565,77,ms,firefox,,1800949318,2023-11-23T06:54:18,768.9112158624412,426a7a2b13b727a7fac895dfac481033ab845d92,1336772
autoland,4768729,12,95f51e857a45cd76f1766c14d6bed804857cd27b,windows10-64-shippable-qr,True,False,,,102210fe594ee9b33d82058545b1ed14f4c8206e,custom.jsdebugger.open.DAMP,damp,True,damp custom.jsdebugger.open.DAMP opt e10s fission stylo webrender,4768565,77,ms,firefox,,1800948528,2023-11-23T07:00:24,772.3814712073436,423291862172b1ee25747def84db6a40c3302df6,1336773
autoland,4768729,12,95f51e857a45cd76f1766c14d6bed804857cd27b,windows10-64-shippable-qr,True,False,,,102210fe594ee9b33d82058545b1ed14f4c8206e,custom.jsdebugger.open.DAMP,damp,True,damp custom.jsdebugger.open.DAMP opt e10s fission stylo webrender,4768565,77,ms,firefox,,1800948417,2023-11-23T07:07:10,769.5972300112544,6d8cf3ece335aee26a7c7abd678203ae7b3976e8,1336776
autoland,4768729,12,95f51e857a45cd76f1766c14d6bed804857cd27b,windows10-64-shippable-qr,True,False,,,102210fe594ee9b33d82058545b1ed14f4c8206e,custom.jsdebugger.open.DAMP,damp,True,damp custom.jsdebugger.open.DAMP opt e10s fission stylo webrender,4768565,77,ms,firefox,,1800948931,2023-11-23T08:00:33,771.7451482888282,7015c326ee31152c76f3da0ea6a236573765cd82,1336785
autoland,4768729,12,95f51e857a45cd76f1766c14d6bed804857cd27b,windows10-64-shippable-qr,True,False,,,102210fe594ee9b33d82058545b1ed14f4c8206e,custom.jsdebugger.open.DAMP,damp,True,damp custom.jsdebugger.open.DAMP opt e10s fission stylo webrender,4768565,77,ms,firefox,,1799521595,2023-11-23T08:19:48,782.9040606427006,023a5c518562ad97c805915ae5addfcad59d1223,1336795
autoland,4768729,12,95f51e857a45cd76f1766c14d6bed804857cd27b,windows10-64-shippable-qr,True,False,,,102210fe594ee9b33d82058545b1ed14f4c8206e,custom.jsdebugger.open.DAMP,damp,True,damp custom.jsdebugger.open.DAMP opt e10s fission stylo webrender,4768565,77,ms,firefox,,1800949922,2023-11-23T10:00:59,772.6260827536425,23dfad39643a078e839304b6ba3516bd53a3f0e2,1336833
autoland,4768729,12,95f51e857a45cd76f1766c14d6bed804857cd27b,windows10-64-shippable-qr,True,False,,,102210fe594ee9b33d82058545b1ed14f4c8206e,custom.jsdebugger.open.DAMP,damp,True,damp custom.jsdebugger.open.DAMP opt e10s fission stylo webrender,4768565,77,ms,firefox,,1800950090,2023-11-23T10:01:56,771.5400216951675,9941fa2db427e7dc5a9630fcf38daf1fe5727bee,1336834
autoland,4768729,12,95f51e857a45cd76f1766c14d6bed804857cd27b,windows10-64-shippable-qr,True,False,,,102210fe594ee9b33d82058545b1ed14f4c8206e,custom.jsdebugger.open.DAMP,damp,True,damp custom.jsdebugger.open.DAMP opt e10s fission stylo webrender,4768565,77,ms,firefox,,1799645271,2023-11-23T10:10:14,778.4142690864901,7392664630b156e348b2a77aef6fdd70004c9b47,1336839
autoland,4768729,12,95f51e857a45cd76f1766c14d6bed804857cd27b,windows10-64-shippable-qr,True,False,,,102210fe594ee9b33d82058545b1ed14f4c8206e,custom.jsdebugger.open.DAMP,damp,True,damp custom.jsdebugger.open.DAMP opt e10s fission stylo webrender,4768565,77,ms,firefox,,1800950420,2023-11-23T13:52:43,770.4553281935441,caec3f9c6d81a5f5197579613029525bc922c07b,1336979
autoland,4768729,12,95f51e857a45cd76f1766c14d6bed804857cd27b,windows10-64-shippable-qr,True,False,,,102210fe594ee9b33d82058545b1ed14f4c8206e,custom.jsdebugger.open.DAMP,damp,True,damp custom.jsdebugger.open.DAMP opt e10s fission stylo webrender,4768565,77,ms,firefox,,1800943043,2023-11-23T14:15:32,775.014233578142,ef4f4ed6516d3a46177c934be7a763ff8f2f9ac7,1336997
autoland,4768729,12,95f51e857a45cd76f1766c14d6bed804857cd27b,windows10-64-shippable-qr,True,False,,,102210fe594ee9b33d82058545b1ed14f4c8206e,custom.jsdebugger.open.DAMP,damp,True,damp custom.jsdebugger.open.DAMP opt e10s fission stylo webrender,4768565,77,ms,firefox,,1800943098,2023-11-23T14:16:51,778.3202704999785,82dbcd75918f0eb33795da023e71e8241f428bbe,1336999
autoland,4768729,12,95f51e857a45cd76f1766c14d6bed804857cd27b,windows10-64-shippable-qr,True,False,,,102210fe594ee9b33d82058545b1ed14f4c8206e,custom.jsdebugger.open.DAMP,damp,True,damp custom.jsdebugger.open.DAMP opt e10s fission stylo webrender,4768565,77,ms,firefox,,1800950625,2023-11-23T14:32:51,770.2020727811541,73422bf4a8f70d1e991496c95f04b9eb0189b4ff,1337006
autoland,4768729,12,95f51e857a45cd76f1766c14d6bed804857cd27b,windows10-64-shippable-qr,True,False,,,102210fe594ee9b33d82058545b1ed14f4c8206e,custom.jsdebugger.open.DAMP,damp,True,damp custom.jsdebugger.open.DAMP opt e10s fission stylo webrender,4768565,77,ms,firefox,,1800950365,2023-11-23T14:39:24,777.8419864251482,122493e008791b4cf6a707b19c166dacfc0caad2,1337015
autoland,4768729,12,95f51e857a45cd76f1766c14d6bed804857cd27b,windows10-64-shippable-qr,True,False,,,102210fe594ee9b33d82058545b1ed14f4c8206e,custom.jsdebugger.open.DAMP,damp,True,damp custom.jsdebugger.open.DAMP opt e10s fission stylo webrender,4768565,77,ms,firefox,,1800949097,2023-11-23T14:46:38,774.6792491214082,59f3f2a0da1447fd67f5d85336d6814bce17deb5,1337021
autoland,4768729,12,95f51e857a45cd76f1766c14d6bed804857cd27b,windows10-64-shippable-qr,True,False,,,102210fe594ee9b33d82058545b1ed14f4c8206e,custom.jsdebugger.open.DAMP,damp,True,damp custom.jsdebugger.open.DAMP opt e10s fission stylo webrender,4768565,77,ms,firefox,,1800949679,2023-11-23T14:50:54,777.5415181012686,00168384b1eb207d13efd5baa815a091fd8f8f3e,1337027
autoland,4768729,12,95f51e857a45cd76f1766c14d6bed804857cd27b,windows10-64-shippable-qr,True,False,,,102210fe594ee9b33d82058545b1ed14f4c8206e,custom.jsdebugger.open.DAMP,damp,True,damp custom.jsdebugger.open.DAMP opt e10s fission stylo webrender,4768565,77,ms,firefox,,1800948821,2023-11-23T15:35:34,777.2224084388581,fb20fcc066bfbe97391777246a9728639f5e6636,1337052
autoland,4768729,12,95f51e857a45cd76f1766c14d6bed804857cd27b,windows10-64-shippable-qr,True,False,,,102210fe594ee9b33d82058545b1ed14f4c8206e,custom.jsdebugger.open.DAMP,damp,True,damp custom.jsdebugger.open.DAMP opt e10s fission stylo webrender,4768565,77,ms,firefox,,1800950145,2023-11-23T15:52:22,769.5922940520686,22e70f081cca69e9c141791fe4aee51cb39ce174,1337063
autoland,4768729,12,95f51e857a45cd76f1766c14d6bed804857cd27b,windows10-64-shippable-qr,True,False,,,102210fe594ee9b33d82058545b1ed14f4c8206e,custom.jsdebugger.open.DAMP,damp,True,damp custom.jsdebugger.open.DAMP opt e10s fission stylo webrender,4768565,77,ms,firefox,,1800022470,2023-11-23T15:57:23,780.765200413699,872aa271adfdb73a79c09de279f0001bf419850c,1337066
autoland,4768729,12,95f51e857a45cd76f1766c14d6bed804857cd27b,windows10-64-shippable-qr,True,False,,,102210fe594ee9b33d82058545b1ed14f4c8206e,custom.jsdebugger.open.DAMP,damp,True,damp custom.jsdebugger.open.DAMP opt e10s fission stylo webrender,4768565,77,ms,firefox,,1800950255,2023-11-23T17:32:51,773.762492831971,f432b52cb081441fa73f701b16d286514fb09fac,1337142
autoland,4768729,12,95f51e857a45cd76f1766c14d6bed804857cd27b,windows10-64-shippable-qr,True,False,,,102210fe594ee9b33d82058545b1ed14f4c8206e,custom.jsdebugger.open.DAMP,damp,True,damp custom.jsdebugger.open.DAMP opt e10s fission stylo webrender,4768565,77,ms,firefox,,1800950200,2023-11-23T17:49:36,776.4110798108668,cad4a7cf7a1b6fe6722b9e43e55fd19d726e351e,1337152
autoland,4768729,12,95f51e857a45cd76f1766c14d6bed804857cd27b,windows10-64-shippable-qr,True,False,,,102210fe594ee9b33d82058545b1ed14f4c8206e,custom.jsdebugger.open.DAMP,damp,True,damp custom.jsdebugger.open.DAMP opt e10s fission stylo webrender,4768565,77,ms,firefox,,1800943154,2023-11-23T17:52:24,775.9347670928692,ce2f1ef238830fcf7268c1f6a8405eb4405fecfa,1337155
autoland,4768729,12,95f51e857a45cd76f1766c14d6bed804857cd27b,windows10-64-shippable-qr,True,False,,,102210fe594ee9b33d82058545b1ed14f4c8206e,custom.jsdebugger.open.DAMP,damp,True,damp custom.jsdebugger.open.DAMP opt e10s fission stylo webrender,4768565,77,ms,firefox,,1800949042,2023-11-23T18:31:52,788.6361960727518,fb474adbcaabb54476cefcb7b40ce1ae98c71c40,1337185
autoland,4768729,12,95f51e857a45cd76f1766c14d6bed804857cd27b,windows10-64-shippable-qr,True,False,,,102210fe594ee9b33d82058545b1ed14f4c8206e,custom.jsdebugger.open.DAMP,damp,True,damp custom.jsdebugger.open.DAMP opt e10s fission stylo webrender,4768565,77,ms,firefox,,1800950570,2023-11-23T18:59:54,778.4851324113988,2a66fc678022ab3c56b906104e282eeda18a8827,1337207
autoland,4768729,12,95f51e857a45cd76f1766c14d6bed804857cd27b,windows10-64-shippable-qr,True,False,,,102210fe594ee9b33d82058545b1ed14f4c8206e,custom.jsdebugger.open.DAMP,damp,True,damp custom.jsdebugger.open.DAMP opt e10s fission stylo webrender,4768565,77,ms,firefox,,1800943264,2023-11-23T19:02:08,776.7054431983051,40bc8612037f1efc2ea0a5ff2a12b8d8b3a86f72,1337209
autoland,4768729,12,95f51e857a45cd76f1766c14d6bed804857cd27b,windows10-64-shippable-qr,True,False,,,102210fe594ee9b33d82058545b1ed14f4c8206e,custom.jsdebugger.open.DAMP,damp,True,damp custom.jsdebugger.open.DAMP opt e10s fission stylo webrender,4768565,77,ms,firefox,,1800943209,2023-11-23T19:11:00,777.767992883877,84d22a46a333ec5fdfd6664fe37443349d696922,1337217
autoland,4768729,12,95f51e857a45cd76f1766c14d6bed804857cd27b,windows10-64-shippable-qr,True,False,,,102210fe594ee9b33d82058545b1ed14f4c8206e,custom.jsdebugger.open.DAMP,damp,True,damp custom.jsdebugger.open.DAMP opt e10s fission stylo webrender,4768565,77,ms,firefox,,1800068944,2023-11-23T19:58:47,778.4513231443125,180501fca2278e97c30e09ab097da1cb514f5ca1,1337231
autoland,4768729,12,95f51e857a45cd76f1766c14d6bed804857cd27b,windows10-64-shippable-qr,True,False,,,102210fe594ee9b33d82058545b1ed14f4c8206e,custom.jsdebugger.open.DAMP,damp,True,damp custom.jsdebugger.open.DAMP opt e10s fission stylo webrender,4768565,77,ms,firefox,,1800086074,2023-11-23T23:50:52,781.6784056989272,29d489a7e05adef3300e076dd1c46d14928ddf24,1337321
autoland,4768729,12,95f51e857a45cd76f1766c14d6bed804857cd27b,windows10-64-shippable-qr,True,False,,,102210fe594ee9b33d82058545b1ed14f4c8206e,custom.jsdebugger.open.DAMP,damp,True,damp custom.jsdebugger.open.DAMP opt e10s fission stylo webrender,4768565,77,ms,firefox,,1800298989,2023-11-24T05:36:58,773.400398609665,dbd1a6aef0a74dc60875a4904d9eddb5ca9afbb7,1337356
autoland,4768729,12,95f51e857a45cd76f1766c14d6bed804857cd27b,windows10-64-shippable-qr,True,False,,,102210fe594ee9b33d82058545b1ed14f4c8206e,custom.jsdebugger.open.DAMP,damp,True,damp custom.jsdebugger.open.DAMP opt e10s fission stylo webrender,4768565,77,ms,firefox,,1800486209,2023-11-24T09:28:03,776.9634698052978,8bec1f302a76929843c944e27b75ddcbf1f21954,1337436
autoland,4768729,12,95f51e857a45cd76f1766c14d6bed804857cd27b,windows10-64-shippable-qr,True,False,,,102210fe594ee9b33d82058545b1ed14f4c8206e,custom.jsdebugger.open.DAMP,damp,True,damp custom.jsdebugger.open.DAMP opt e10s fission stylo webrender,4768565,77,ms,firefox,,1800575555,2023-11-24T13:31:32,781.0454984223688,1e01aa4b558aff87267a6384c318e6963b66a0d8,1337559
autoland,4768729,12,95f51e857a45cd76f1766c14d6bed804857cd27b,windows10-64-shippable-qr,True,False,,,102210fe594ee9b33d82058545b1ed14f4c8206e,custom.jsdebugger.open.DAMP,damp,True,damp custom.jsdebugger.open.DAMP opt e10s fission stylo webrender,4768565,77,ms,firefox,,1800526096,2023-11-24T14:07:25,783.0074622331304,6354cfb105a6c9a46216d5c8ea95ee463892366e,1337582
autoland,4768729,12,95f51e857a45cd76f1766c14d6bed804857cd27b,windows10-64-shippable-qr,True,False,,,102210fe594ee9b33d82058545b1ed14f4c8206e,custom.jsdebugger.open.DAMP,damp,True,damp custom.jsdebugger.open.DAMP opt e10s fission stylo webrender,4768565,77,ms,firefox,,1800698582,2023-11-24T21:54:25,782.9259126645265,8875acba4f482b90d60501b953fb4530b361bd8f,1337760
autoland,4768729,12,95f51e857a45cd76f1766c14d6bed804857cd27b,windows10-64-shippable-qr,True,False,,,102210fe594ee9b33d82058545b1ed14f4c8206e,custom.jsdebugger.open.DAMP,damp,True,damp custom.jsdebugger.open.DAMP opt e10s fission stylo webrender,4768565,77,ms,firefox,,1800744338,2023-11-25T04:13:26,775.2924370837864,a137631f73ce188671f50c5225295d64d427fec2,1337799
autoland,4768729,12,95f51e857a45cd76f1766c14d6bed804857cd27b,windows10-64-shippable-qr,True,False,,,102210fe594ee9b33d82058545b1ed14f4c8206e,custom.jsdebugger.open.DAMP,damp,True,damp custom.jsdebugger.open.DAMP opt e10s fission stylo webrender,4768565,77,ms,firefox,,1800848545,2023-11-25T09:26:54,779.8102116132504,860c52f225fa7410ed4a4bf3bd0eb0846483e08d,1337840
autoland,4768729,12,95f51e857a45cd76f1766c14d6bed804857cd27b,windows10-64-shippable-qr,True,False,,,102210fe594ee9b33d82058545b1ed14f4c8206e,custom.jsdebugger.open.DAMP,damp,True,damp custom.jsdebugger.open.DAMP opt e10s fission stylo webrender,4768565,77,ms,firefox,,1800896839,2023-11-25T14:41:03,777.0203594989143,2ff68fa9f49916065f4ebb7a74c0940bf425f396,1337869
autoland,4768729,12,95f51e857a45cd76f1766c14d6bed804857cd27b,windows10-64-shippable-qr,True,False,,,102210fe594ee9b33d82058545b1ed14f4c8206e,custom.jsdebugger.open.DAMP,damp,True,damp custom.jsdebugger.open.DAMP opt e10s fission stylo webrender,4768565,77,ms,firefox,,1803247758,2023-11-25T15:28:48,781.4821489767637,0a1ffe81b6348e1a5d7e0928e8db3dff61adc0c8,1337872
autoland,4768729,12,95f51e857a45cd76f1766c14d6bed804857cd27b,windows10-64-shippable-qr,True,False,,,102210fe594ee9b33d82058545b1ed14f4c8206e,custom.jsdebugger.open.DAMP,damp,True,damp custom.jsdebugger.open.DAMP opt e10s fission stylo webrender,4768565,77,ms,firefox,,1803248913,2023-11-25T19:02:07,774.5111859843455,91fda63ec1231e44262f71285380845ad67bcf3e,1337893
autoland,4768729,12,95f51e857a45cd76f1766c14d6bed804857cd27b,windows10-64-shippable-qr,True,False,,,102210fe594ee9b33d82058545b1ed14f4c8206e,custom.jsdebugger.open.DAMP,damp,True,damp custom.jsdebugger.open.DAMP opt e10s fission stylo webrender,4768565,77,ms,firefox,,1803247200,2023-11-25T21:11:32,782.1865331735171,3e8985811d9cf8401a562508551c33aeccc1ae0a,1337899
autoland,4768729,12,95f51e857a45cd76f1766c14d6bed804857cd27b,windows10-64-shippable-qr,True,False,,,102210fe594ee9b33d82058545b1ed14f4c8206e,custom.jsdebugger.open.DAMP,damp,True,damp custom.jsdebugger.open.DAMP opt e10s fission stylo webrender,4768565,77,ms,firefox,,1803249184,2023-11-25T22:06:02,776.8053196090113,5fc27272d0b75f5d8a05ab99b9fb1f41bee2e2c2,1337901
autoland,4768729,12,95f51e857a45cd76f1766c14d6bed804857cd27b,windows10-64-shippable-qr,True,False,,,102210fe594ee9b33d82058545b1ed14f4c8206e,custom.jsdebugger.open.DAMP,damp,True,damp custom.jsdebugger.open.DAMP opt e10s fission stylo webrender,4768565,77,ms,firefox,,1803247366,2023-11-26T07:02:14,779.8881247585196,054dd9fdc6ddc89bdc902847c98cc6c2329c37f7,1337915
autoland,4768729,12,95f51e857a45cd76f1766c14d6bed804857cd27b,windows10-64-shippable-qr,True,False,,,102210fe594ee9b33d82058545b1ed14f4c8206e,custom.jsdebugger.open.DAMP,damp,True,damp custom.jsdebugger.open.DAMP opt e10s fission stylo webrender,4768565,77,ms,firefox,,1803261055,2023-11-26T07:02:14,777.1943244371432,054dd9fdc6ddc89bdc902847c98cc6c2329c37f7,1337915
autoland,4768729,12,95f51e857a45cd76f1766c14d6bed804857cd27b,windows10-64-shippable-qr,True,False,,,102210fe594ee9b33d82058545b1ed14f4c8206e,custom.jsdebugger.open.DAMP,damp,True,damp custom.jsdebugger.open.DAMP opt e10s fission stylo webrender,4768565,77,ms,firefox,,1803239804,2023-11-26T10:26:27,779.2959523334903,afb757f9fc408cfba6cd1db86d2e867c9ddba3c4,1337929
autoland,4768729,12,95f51e857a45cd76f1766c14d6bed804857cd27b,windows10-64-shippable-qr,True,False,,,102210fe594ee9b33d82058545b1ed14f4c8206e,custom.jsdebugger.open.DAMP,damp,True,damp custom.jsdebugger.open.DAMP opt e10s fission stylo webrender,4768565,77,ms,firefox,,1803240490,2023-11-26T11:46:14,775.6272082121923,ab142037731a43a3f55f23ecede429fd824568e7,1337933
autoland,4768729,12,95f51e857a45cd76f1766c14d6bed804857cd27b,windows10-64-shippable-qr,True,False,,,102210fe594ee9b33d82058545b1ed14f4c8206e,custom.jsdebugger.open.DAMP,damp,True,damp custom.jsdebugger.open.DAMP opt e10s fission stylo webrender,4768565,77,ms,firefox,,1801009828,2023-11-26T15:57:31,771.299303508742,0cd5e7d76f8ac3e26423c36c9d06f91a310dab45,1337946
autoland,4768729,12,95f51e857a45cd76f1766c14d6bed804857cd27b,windows10-64-shippable-qr,True,False,,,102210fe594ee9b33d82058545b1ed14f4c8206e,custom.jsdebugger.open.DAMP,damp,True,damp custom.jsdebugger.open.DAMP opt e10s fission stylo webrender,4768565,77,ms,firefox,,1803241996,2023-11-26T18:07:18,778.3914947969024,ad2b795a967385d142e89e6cb18ea8061afceb67,1337949
autoland,4768729,12,95f51e857a45cd76f1766c14d6bed804857cd27b,windows10-64-shippable-qr,True,False,,,102210fe594ee9b33d82058545b1ed14f4c8206e,custom.jsdebugger.open.DAMP,damp,True,damp custom.jsdebugger.open.DAMP opt e10s fission stylo webrender,4768565,77,ms,firefox,,1801094740,2023-11-26T18:39:37,780.3334219664193,ffaaa99c517223770b014031e25b54d585f95ef2,1337950
autoland,4768729,12,95f51e857a45cd76f1766c14d6bed804857cd27b,windows10-64-shippable-qr,True,False,,,102210fe594ee9b33d82058545b1ed14f4c8206e,custom.jsdebugger.open.DAMP,damp,True,damp custom.jsdebugger.open.DAMP opt e10s fission stylo webrender,4768565,77,ms,firefox,,1803243011,2023-11-26T19:04:20,781.1479732463049,18ab5a589890dad5eb59502016c71451cadf2ee5,1337951
autoland,4768729,12,95f51e857a45cd76f1766c14d6bed804857cd27b,windows10-64-shippable-qr,True,False,,,102210fe594ee9b33d82058545b1ed14f4c8206e,custom.jsdebugger.open.DAMP,damp,True,damp custom.jsdebugger.open.DAMP opt e10s fission stylo webrender,4768565,77,ms,firefox,,1803244443,2023-11-26T19:51:53,778.8583827754937,580455067ad148fb2037a66f31f530486f98fe8b,1337955
autoland,4768729,12,95f51e857a45cd76f1766c14d6bed804857cd27b,windows10-64-shippable-qr,True,False,,,102210fe594ee9b33d82058545b1ed14f4c8206e,custom.jsdebugger.open.DAMP,damp,True,damp custom.jsdebugger.open.DAMP opt e10s fission stylo webrender,4768565,77,ms,firefox,,1803245519,2023-11-26T22:20:37,780.4579465314891,ef11a45be803a754c836c4233f9f620d1d3b0676,1337970
autoland,4768729,12,95f51e857a45cd76f1766c14d6bed804857cd27b,windows10-64-shippable-qr,True,False,,,102210fe594ee9b33d82058545b1ed14f4c8206e,custom.jsdebugger.open.DAMP,damp,True,damp custom.jsdebugger.open.DAMP opt e10s fission stylo webrender,4768565,77,ms,firefox,,1801196763,2023-11-27T01:49:37,779.7142013561097,edf9292c0bc9c671afa4de12648c16622e9d418c,1337984
autoland,4768729,12,95f51e857a45cd76f1766c14d6bed804857cd27b,windows10-64-shippable-qr,True,False,,,102210fe594ee9b33d82058545b1ed14f4c8206e,custom.jsdebugger.open.DAMP,damp,True,damp custom.jsdebugger.open.DAMP opt e10s fission stylo webrender,4768565,77,ms,firefox,,1803241033,2023-11-27T08:50:52,778.3378491756739,98bcc111dc0a2d1d54993e394e421992a685bb16,1338050
autoland,4768729,12,95f51e857a45cd76f1766c14d6bed804857cd27b,windows10-64-shippable-qr,True,False,,,102210fe594ee9b33d82058545b1ed14f4c8206e,custom.jsdebugger.open.DAMP,damp,True,damp custom.jsdebugger.open.DAMP opt e10s fission stylo webrender,4768565,77,ms,firefox,,1803239985,2023-11-27T09:25:21,775.1239124698768,0eab711fe0c38b9fc906cdf00f4e2715586378e5,1338060
autoland,4768729,12,95f51e857a45cd76f1766c14d6bed804857cd27b,windows10-64-shippable-qr,True,False,,,102210fe594ee9b33d82058545b1ed14f4c8206e,custom.jsdebugger.open.DAMP,damp,True,damp custom.jsdebugger.open.DAMP opt e10s fission stylo webrender,4768565,77,ms,firefox,,1803241574,2023-11-27T09:33:22,781.552037694164,f7bcc953c6409b2fd6e511417c3bcb391f9a6ef5,1338063
autoland,4768729,12,95f51e857a45cd76f1766c14d6bed804857cd27b,windows10-64-shippable-qr,True,False,,,102210fe594ee9b33d82058545b1ed14f4c8206e,custom.jsdebugger.open.DAMP,damp,True,damp custom.jsdebugger.open.DAMP opt e10s fission stylo webrender,4768565,77,ms,firefox,,1803242697,2023-11-27T09:34:15,779.7046440146223,43574d0bffd935683cd99b40f600112441b8940c,1338064
autoland,4768729,12,95f51e857a45cd76f1766c14d6bed804857cd27b,windows10-64-shippable-qr,True,False,,,102210fe594ee9b33d82058545b1ed14f4c8206e,custom.jsdebugger.open.DAMP,damp,True,damp custom.jsdebugger.open.DAMP opt e10s fission stylo webrender,4768565,77,ms,firefox,,1803242523,2023-11-27T09:47:55,783.267535655671,d749c895e56a8dad45d6de220c5a6873e90b35fc,1338069
autoland,4768729,12,95f51e857a45cd76f1766c14d6bed804857cd27b,windows10-64-shippable-qr,True,False,,,102210fe594ee9b33d82058545b1ed14f4c8206e,custom.jsdebugger.open.DAMP,damp,True,damp custom.jsdebugger.open.DAMP opt e10s fission stylo webrender,4768565,77,ms,firefox,,1803244383,2023-11-27T09:53:21,781.208218631029,98b52e4c6ab5535687c29e0d5694b9dffc48c1bb,1338071
autoland,4768729,12,95f51e857a45cd76f1766c14d6bed804857cd27b,windows10-64-shippable-qr,True,False,,,102210fe594ee9b33d82058545b1ed14f4c8206e,custom.jsdebugger.open.DAMP,damp,True,damp custom.jsdebugger.open.DAMP opt e10s fission stylo webrender,4768565,77,ms,firefox,,1803244138,2023-11-27T09:54:13,779.7236429271579,60c35d4b7fc7e53ca892030e14d775d108f1cbf8,1338072
autoland,4768729,12,95f51e857a45cd76f1766c14d6bed804857cd27b,windows10-64-shippable-qr,True,False,,,102210fe594ee9b33d82058545b1ed14f4c8206e,custom.jsdebugger.open.DAMP,damp,True,damp custom.jsdebugger.open.DAMP opt e10s fission stylo webrender,4768565,77,ms,firefox,,1803243525,2023-11-27T10:00:29,780.7361332456358,634166177399b328d66e1e183a4ff52c92551cfe,1338074
autoland,4768729,12,95f51e857a45cd76f1766c14d6bed804857cd27b,windows10-64-shippable-qr,True,False,,,102210fe594ee9b33d82058545b1ed14f4c8206e,custom.jsdebugger.open.DAMP,damp,True,damp custom.jsdebugger.open.DAMP opt e10s fission stylo webrender,4768565,77,ms,firefox,,1803245857,2023-11-27T10:06:29,778.3626908695442,555fcdf1608b5d134dc5c6ee4a66339a567439d4,1338076
autoland,4768729,12,95f51e857a45cd76f1766c14d6bed804857cd27b,windows10-64-shippable-qr,True,False,,,102210fe594ee9b33d82058545b1ed14f4c8206e,custom.jsdebugger.open.DAMP,damp,True,damp custom.jsdebugger.open.DAMP opt e10s fission stylo webrender,4768565,77,ms,firefox,,1801412120,2023-11-27T10:22:36,773.7614363869798,c1a92ff5b44e8a296b847ed428ebeec04f7f8f72,1338085
autoland,4768729,12,95f51e857a45cd76f1766c14d6bed804857cd27b,windows10-64-shippable-qr,True,False,,,102210fe594ee9b33d82058545b1ed14f4c8206e,custom.jsdebugger.open.DAMP,damp,True,damp custom.jsdebugger.open.DAMP opt e10s fission stylo webrender,4768565,77,ms,firefox,,1803245111,2023-11-27T12:08:40,775.8913001108231,615161b60081ab04f575964a1fc0bb4a790ddfd4,1338143
autoland,4768729,12,95f51e857a45cd76f1766c14d6bed804857cd27b,windows10-64-shippable-qr,True,False,,,102210fe594ee9b33d82058545b1ed14f4c8206e,custom.jsdebugger.open.DAMP,damp,True,damp custom.jsdebugger.open.DAMP opt e10s fission stylo webrender,4768565,77,ms,firefox,,1803245412,2023-11-27T12:16:55,773.5148679603881,49b89e35b5f520e73600257f7e62f6ddd2cdafc7,1338148
autoland,4768729,12,95f51e857a45cd76f1766c14d6bed804857cd27b,windows10-64-shippable-qr,True,False,,,102210fe594ee9b33d82058545b1ed14f4c8206e,custom.jsdebugger.open.DAMP,damp,True,damp custom.jsdebugger.open.DAMP opt e10s fission stylo webrender,4768565,77,ms,firefox,,1803245763,2023-11-27T12:24:51,779.5526551309595,ed6db8d7af2ad30b5351a88d028acb5ec4059053,1338157
autoland,4768729,12,95f51e857a45cd76f1766c14d6bed804857cd27b,windows10-64-shippable-qr,True,False,,,102210fe594ee9b33d82058545b1ed14f4c8206e,custom.jsdebugger.open.DAMP,damp,True,damp custom.jsdebugger.open.DAMP opt e10s fission stylo webrender,4768565,77,ms,firefox,,1803246247,2023-11-27T12:25:46,775.9700009011285,138c7ba506e6de38ffc8c8205215ee81d6b055fb,1338159
autoland,4768729,12,95f51e857a45cd76f1766c14d6bed804857cd27b,windows10-64-shippable-qr,True,False,,,102210fe594ee9b33d82058545b1ed14f4c8206e,custom.jsdebugger.open.DAMP,damp,True,damp custom.jsdebugger.open.DAMP opt e10s fission stylo webrender,4768565,77,ms,firefox,,1803245648,2023-11-27T12:51:41,782.9020418208383,7c7a7ff170055b7a71acf914c1e6a3595742a32b,1338177
autoland,4768729,12,95f51e857a45cd76f1766c14d6bed804857cd27b,windows10-64-shippable-qr,True,False,,,102210fe594ee9b33d82058545b1ed14f4c8206e,custom.jsdebugger.open.DAMP,damp,True,damp custom.jsdebugger.open.DAMP opt e10s fission stylo webrender,4768565,77,ms,firefox,,1803246118,2023-11-27T12:53:01,779.8601010961283,5899909c406ecf810e80200c1bf46aaaa38a2939,1338178
autoland,4768729,12,95f51e857a45cd76f1766c14d6bed804857cd27b,windows10-64-shippable-qr,True,False,,,102210fe594ee9b33d82058545b1ed14f4c8206e,custom.jsdebugger.open.DAMP,damp,True,damp custom.jsdebugger.open.DAMP opt e10s fission stylo webrender,4768565,77,ms,firefox,,1803246467,2023-11-27T13:40:01,779.5540957105404,7506b71c6cc4805bb4b19dfed084284b54ec1232,1338203
autoland,4768729,12,95f51e857a45cd76f1766c14d6bed804857cd27b,windows10-64-shippable-qr,True,False,,,102210fe594ee9b33d82058545b1ed14f4c8206e,custom.jsdebugger.open.DAMP,damp,True,damp custom.jsdebugger.open.DAMP opt e10s fission stylo webrender,4768565,77,ms,firefox,,1803246589,2023-11-27T14:03:54,775.8425129228708,3a166ac6c074ba6311e10b4a679ed7951f8c7046,1338213
autoland,4768729,12,95f51e857a45cd76f1766c14d6bed804857cd27b,windows10-64-shippable-qr,True,False,,,102210fe594ee9b33d82058545b1ed14f4c8206e,custom.jsdebugger.open.DAMP,damp,True,damp custom.jsdebugger.open.DAMP opt e10s fission stylo webrender,4768565,77,ms,firefox,,1803250108,2023-11-27T14:04:48,795.4797963334704,ab3f06ef0efa62a6f988339fc477cd5c937a0f91,1338214
autoland,4768729,12,95f51e857a45cd76f1766c14d6bed804857cd27b,windows10-64-shippable-qr,True,False,,,102210fe594ee9b33d82058545b1ed14f4c8206e,custom.jsdebugger.open.DAMP,damp,True,damp custom.jsdebugger.open.DAMP opt e10s fission stylo webrender,4768565,77,ms,firefox,,1801471315,2023-11-27T14:05:43,779.6573085694108,9ca2bcf6799b1a5f71d2d58db26f6b6c16a90427,1338215
autoland,4768729,12,95f51e857a45cd76f1766c14d6bed804857cd27b,windows10-64-shippable-qr,True,False,,,102210fe594ee9b33d82058545b1ed14f4c8206e,custom.jsdebugger.open.DAMP,damp,True,damp custom.jsdebugger.open.DAMP opt e10s fission stylo webrender,4768565,77,ms,firefox,,1801631846,2023-11-27T17:34:20,775.3471195849997,6aa54d6d7cbf1a46e62c6765c489a940322b6bca,1338399
autoland,4768729,12,95f51e857a45cd76f1766c14d6bed804857cd27b,windows10-64-shippable-qr,True,False,,,102210fe594ee9b33d82058545b1ed14f4c8206e,custom.jsdebugger.open.DAMP,damp,True,damp custom.jsdebugger.open.DAMP opt e10s fission stylo webrender,4768565,77,ms,firefox,,1801976035,2023-11-28T05:10:16,776.3105571956548,fbcb2af38cdaecde2b2da1efc0fc49b82fa9749e,1338781
autoland,4768729,12,95f51e857a45cd76f1766c14d6bed804857cd27b,windows10-64-shippable-qr,True,False,,,102210fe594ee9b33d82058545b1ed14f4c8206e,custom.jsdebugger.open.DAMP,damp,True,damp custom.jsdebugger.open.DAMP opt e10s fission stylo webrender,4768565,77,ms,firefox,,1802110241,2023-11-28T08:42:21,798.2189571039899,785b3d438fe5a8cba4caf5f4a2ed7250d324096c,1338855
autoland,4768729,12,95f51e857a45cd76f1766c14d6bed804857cd27b,windows10-64-shippable-qr,True,False,,,102210fe594ee9b33d82058545b1ed14f4c8206e,custom.jsdebugger.open.DAMP,damp,True,damp custom.jsdebugger.open.DAMP opt e10s fission stylo webrender,4768565,77,ms,firefox,,1802235632,2023-11-28T13:17:34,784.1347161436424,1957c4453ab1dfba8b7820dbf2fe772220e6eedc,1339007
autoland,4768729,12,95f51e857a45cd76f1766c14d6bed804857cd27b,windows10-64-shippable-qr,True,False,,,102210fe594ee9b33d82058545b1ed14f4c8206e,custom.jsdebugger.open.DAMP,damp,True,damp custom.jsdebugger.open.DAMP opt e10s fission stylo webrender,4768565,77,ms,firefox,,1802489558,2023-11-28T14:12:32,778.7477710937092,0745c3e29ba3856c91cbae74bd41d2135137bfd0,1339043
autoland,4768729,12,95f51e857a45cd76f1766c14d6bed804857cd27b,windows10-64-shippable-qr,True,False,,,102210fe594ee9b33d82058545b1ed14f4c8206e,custom.jsdebugger.open.DAMP,damp,True,damp custom.jsdebugger.open.DAMP opt e10s fission stylo webrender,4768565,77,ms,firefox,,1802525278,2023-11-28T17:36:07,783.4852041962004,691b7e1a899214d8685841da762bd2b2415fa569,1339183
autoland,4768729,12,95f51e857a45cd76f1766c14d6bed804857cd27b,windows10-64-shippable-qr,True,False,,,102210fe594ee9b33d82058545b1ed14f4c8206e,custom.jsdebugger.open.DAMP,damp,True,damp custom.jsdebugger.open.DAMP opt e10s fission stylo webrender,4768565,77,ms,firefox,,1802541940,2023-11-28T21:29:24,777.906441723002,000fea3a9ed37b16c009c76e8af859a50c9234dc,1339366
autoland,4768729,12,95f51e857a45cd76f1766c14d6bed804857cd27b,windows10-64-shippable-qr,True,False,,,102210fe594ee9b33d82058545b1ed14f4c8206e,custom.jsdebugger.open.DAMP,damp,True,damp custom.jsdebugger.open.DAMP opt e10s fission stylo webrender,4768565,77,ms,firefox,,1802605823,2023-11-29T01:28:26,776.7366354369442,a162f6ee0eef32a68c73ddb77aa04efda3afeb7c,1339520
autoland,4768729,12,95f51e857a45cd76f1766c14d6bed804857cd27b,windows10-64-shippable-qr,True,False,,,102210fe594ee9b33d82058545b1ed14f4c8206e,custom.jsdebugger.open.DAMP,damp,True,damp custom.jsdebugger.open.DAMP opt e10s fission stylo webrender,4768565,77,ms,firefox,,1802918346,2023-11-29T06:56:45,779.0244217131549,b675f0a9e569a63bedb249150a2be6b3e15197f9,1339623
autoland,4768729,12,95f51e857a45cd76f1766c14d6bed804857cd27b,windows10-64-shippable-qr,True,False,,,102210fe594ee9b33d82058545b1ed14f4c8206e,custom.jsdebugger.open.DAMP,damp,True,damp custom.jsdebugger.open.DAMP opt e10s fission stylo webrender,4768565,77,ms,firefox,,1802937749,2023-11-29T09:02:39,780.7363039123165,66c2fb78dfe25ce9af21d0e1dd82f62dbb5da53f,1339662
autoland,4768729,12,95f51e857a45cd76f1766c14d6bed804857cd27b,windows10-64-shippable-qr,True,False,,,102210fe594ee9b33d82058545b1ed14f4c8206e,custom.jsdebugger.open.DAMP,damp,True,damp custom.jsdebugger.open.DAMP opt e10s fission stylo webrender,4768565,77,ms,firefox,,1803333888,2023-11-29T22:59:56,772.8869856151869,4bbe309179a5869e893e8f9ed2b110ef00ccec95,1340178
autoland,4768729,12,95f51e857a45cd76f1766c14d6bed804857cd27b,windows10-64-shippable-qr,True,False,,,102210fe594ee9b33d82058545b1ed14f4c8206e,custom.jsdebugger.open.DAMP,damp,True,damp custom.jsdebugger.open.DAMP opt e10s fission stylo webrender,4768565,77,ms,firefox,,1803425605,2023-11-30T04:33:01,774.3278132991691,556c8b22cbbbcc165c42b2c52ebdfd01be3cee6b,1340302
autoland,4768729,12,95f51e857a45cd76f1766c14d6bed804857cd27b,windows10-64-shippable-qr,True,False,,,102210fe594ee9b33d82058545b1ed14f4c8206e,custom.jsdebugger.open.DAMP,damp,True,damp custom.jsdebugger.open.DAMP opt e10s fission stylo webrender,4768565,77,ms,firefox,,1804030184,2023-11-30T13:07:37,780.0242824574525,120432262a8cb73f69c8d683b4ddec3a037cbd91,1340520
autoland,4768729,12,95f51e857a45cd76f1766c14d6bed804857cd27b,windows10-64-shippable-qr,True,False,,,102210fe594ee9b33d82058545b1ed14f4c8206e,custom.jsdebugger.open.DAMP,damp,True,damp custom.jsdebugger.open.DAMP opt e10s fission stylo webrender,4768565,77,ms,firefox,,1804041005,2023-11-30T13:51:04,782.0460001358588,1d1fb9d5a4974d94e8c317f226c962fd351eae27,1340541
autoland,4768729,12,95f51e857a45cd76f1766c14d6bed804857cd27b,windows10-64-shippable-qr,True,False,,,102210fe594ee9b33d82058545b1ed14f4c8206e,custom.jsdebugger.open.DAMP,damp,True,damp custom.jsdebugger.open.DAMP opt e10s fission stylo webrender,4768565,77,ms,firefox,,1804161765,2023-11-30T17:04:12,777.9631025934086,3ec1ddf45e5a6562bd1d81fe4144541880bf3a24,1340716
autoland,4768729,12,95f51e857a45cd76f1766c14d6bed804857cd27b,windows10-64-shippable-qr,True,False,,,102210fe594ee9b33d82058545b1ed14f4c8206e,custom.jsdebugger.open.DAMP,damp,True,damp custom.jsdebugger.open.DAMP opt e10s fission stylo webrender,4768565,77,ms,firefox,,1804206751,2023-11-30T20:20:14,774.2010742455459,620e49ab6438e8c933133e9b4eb7a11188514a70,1340881
autoland,4768729,12,95f51e857a45cd76f1766c14d6bed804857cd27b,windows10-64-shippable-qr,True,False,,,102210fe594ee9b33d82058545b1ed14f4c8206e,custom.jsdebugger.open.DAMP,damp,True,damp custom.jsdebugger.open.DAMP opt e10s fission stylo webrender,4768565,77,ms,firefox,,1804239597,2023-11-30T22:54:04,772.8173848041743,68378d2409bc693ef00f3f157ecaea7067df7edc,1340995
autoland,4768729,12,95f51e857a45cd76f1766c14d6bed804857cd27b,windows10-64-shippable-qr,True,False,,,102210fe594ee9b33d82058545b1ed14f4c8206e,custom.jsdebugger.open.DAMP,damp,True,damp custom.jsdebugger.open.DAMP opt e10s fission stylo webrender,4768565,77,ms,firefox,,1804254906,2023-12-01T03:29:20,770.6713779712591,a1795b069cc23fbcb93366d99b3ddfb8664f054c,1341103
autoland,4768729,12,95f51e857a45cd76f1766c14d6bed804857cd27b,windows10-64-shippable-qr,True,False,,,102210fe594ee9b33d82058545b1ed14f4c8206e,custom.jsdebugger.open.DAMP,damp,True,damp custom.jsdebugger.open.DAMP opt e10s fission stylo webrender,4768565,77,ms,firefox,,1804459045,2023-12-01T07:13:54,768.7570506726879,81869d55a8d7b3d1d573810ab4e99f63cbe11a8a,1341156
autoland,4768729,12,95f51e857a45cd76f1766c14d6bed804857cd27b,windows10-64-shippable-qr,True,False,,,102210fe594ee9b33d82058545b1ed14f4c8206e,custom.jsdebugger.open.DAMP,damp,True,damp custom.jsdebugger.open.DAMP opt e10s fission stylo webrender,4768565,77,ms,firefox,,1804490386,2023-12-01T11:47:02,773.9552812449547,7440634a33a31738fc145eeac0bb47bc73fc64a0,1341285
autoland,4768729,12,95f51e857a45cd76f1766c14d6bed804857cd27b,windows10-64-shippable-qr,True,False,,,102210fe594ee9b33d82058545b1ed14f4c8206e,custom.jsdebugger.open.DAMP,damp,True,damp custom.jsdebugger.open.DAMP opt e10s fission stylo webrender,4768565,77,ms,firefox,,1804507316,2023-12-01T14:17:01,777.4603379402979,22b9561cfef1c56a9940f5117d7ff6a754861629,1341402
autoland,4768729,12,95f51e857a45cd76f1766c14d6bed804857cd27b,windows10-64-shippable-qr,True,False,,,102210fe594ee9b33d82058545b1ed14f4c8206e,custom.jsdebugger.open.DAMP,damp,True,damp custom.jsdebugger.open.DAMP opt e10s fission stylo webrender,4768565,77,ms,firefox,,1805872174,2023-12-01T16:19:01,785.1351406702597,371b0bc9d41a54c3845d8e6e08fe4481a97cbca3,1341496
autoland,4768729,12,95f51e857a45cd76f1766c14d6bed804857cd27b,windows10-64-shippable-qr,True,False,,,102210fe594ee9b33d82058545b1ed14f4c8206e,custom.jsdebugger.open.DAMP,damp,True,damp custom.jsdebugger.open.DAMP opt e10s fission stylo webrender,4768565,77,ms,firefox,,1805873030,2023-12-01T16:20:05,768.0574205664452,ee79c48e48eabc16ef003194ce47bf6ec871e262,1341497
autoland,4768729,12,95f51e857a45cd76f1766c14d6bed804857cd27b,windows10-64-shippable-qr,True,False,,,102210fe594ee9b33d82058545b1ed14f4c8206e,custom.jsdebugger.open.DAMP,damp,True,damp custom.jsdebugger.open.DAMP opt e10s fission stylo webrender,4768565,77,ms,firefox,,1805873494,2023-12-01T16:21:07,768.8750345599547,c8974c34f991645db30a3c2232f0429417bfe94b,1341499
autoland,4768729,12,95f51e857a45cd76f1766c14d6bed804857cd27b,windows10-64-shippable-qr,True,False,,,102210fe594ee9b33d82058545b1ed14f4c8206e,custom.jsdebugger.open.DAMP,damp,True,damp custom.jsdebugger.open.DAMP opt e10s fission stylo webrender,4768565,77,ms,firefox,,1805872558,2023-12-01T16:22:06,771.3059740592726,44470c87d2b99f2d2b7ef3520b88c841b0251ee6,1341500
autoland,4768729,12,95f51e857a45cd76f1766c14d6bed804857cd27b,windows10-64-shippable-qr,True,False,,,102210fe594ee9b33d82058545b1ed14f4c8206e,custom.jsdebugger.open.DAMP,damp,True,damp custom.jsdebugger.open.DAMP opt e10s fission stylo webrender,4768565,77,ms,firefox,,1805873330,2023-12-01T17:10:30,766.5658255426824,b238679471b97efe72d5c4bfff28123b0601db9a,1341524
autoland,4768729,12,95f51e857a45cd76f1766c14d6bed804857cd27b,windows10-64-shippable-qr,True,False,,,102210fe594ee9b33d82058545b1ed14f4c8206e,custom.jsdebugger.open.DAMP,damp,True,damp custom.jsdebugger.open.DAMP opt e10s fission stylo webrender,4768565,77,ms,firefox,,1805873165,2023-12-01T17:11:23,772.1151535590179,dca6957049cc67976cc5693105f6485a461437af,1341525
autoland,4768729,12,95f51e857a45cd76f1766c14d6bed804857cd27b,windows10-64-shippable-qr,True,False,,,102210fe594ee9b33d82058545b1ed14f4c8206e,custom.jsdebugger.open.DAMP,damp,True,damp custom.jsdebugger.open.DAMP opt e10s fission stylo webrender,4768565,77,ms,firefox,,1805872731,2023-12-01T17:12:22,771.4506216032896,92321965ea1940e91662a29e402e2f66144f35fb,1341526
autoland,4768729,12,95f51e857a45cd76f1766c14d6bed804857cd27b,windows10-64-shippable-qr,True,False,,,102210fe594ee9b33d82058545b1ed14f4c8206e,custom.jsdebugger.open.DAMP,damp,True,damp custom.jsdebugger.open.DAMP opt e10s fission stylo webrender,4768565,77,ms,firefox,,1805874983,2023-12-01T17:13:24,776.5384914707829,0279020821f558ab90526236369731d3993d69bf,1341528
autoland,4768729,12,95f51e857a45cd76f1766c14d6bed804857cd27b,windows10-64-shippable-qr,True,False,,,102210fe594ee9b33d82058545b1ed14f4c8206e,custom.jsdebugger.open.DAMP,damp,True,damp custom.jsdebugger.open.DAMP opt e10s fission stylo webrender,4768565,77,ms,firefox,,1805873304,2023-12-01T17:21:12,773.2063960394662,4b067045df45408b2e998abc7ecb116950a87779,1341531
autoland,4768729,12,95f51e857a45cd76f1766c14d6bed804857cd27b,windows10-64-shippable-qr,True,False,,,102210fe594ee9b33d82058545b1ed14f4c8206e,custom.jsdebugger.open.DAMP,damp,True,damp custom.jsdebugger.open.DAMP opt e10s fission stylo webrender,4768565,77,ms,firefox,,1804571836,2023-12-01T17:28:20,774.0992138761503,efe09552a4d3540f0639e50d023f74997921fa37,1341534
autoland,4768729,12,95f51e857a45cd76f1766c14d6bed804857cd27b,windows10-64-shippable-qr,True,False,,,102210fe594ee9b33d82058545b1ed14f4c8206e,custom.jsdebugger.open.DAMP,damp,True,damp custom.jsdebugger.open.DAMP opt e10s fission stylo webrender,4768565,77,ms,firefox,,1805872268,2023-12-01T19:19:46,772.3306902778204,0651b5aa82bcb28b24cf1d92ca6b56de8b7ea529,1341606
autoland,4768729,12,95f51e857a45cd76f1766c14d6bed804857cd27b,windows10-64-shippable-qr,True,False,,,102210fe594ee9b33d82058545b1ed14f4c8206e,custom.jsdebugger.open.DAMP,damp,True,damp custom.jsdebugger.open.DAMP opt e10s fission stylo webrender,4768565,77,ms,firefox,,1805872325,2023-12-01T19:21:29,775.1727574807664,395e2da83ee8013844620d77f01730af2164eafc,1341607
autoland,4768729,12,95f51e857a45cd76f1766c14d6bed804857cd27b,windows10-64-shippable-qr,True,False,,,102210fe594ee9b33d82058545b1ed14f4c8206e,custom.jsdebugger.open.DAMP,damp,True,damp custom.jsdebugger.open.DAMP opt e10s fission stylo webrender,4768565,77,ms,firefox,,1805872621,2023-12-01T19:22:33,766.4062747999706,79ab6b2ca205df8f3aea4a749d7f81c062b9d1cb,1341609
autoland,4768729,12,95f51e857a45cd76f1766c14d6bed804857cd27b,windows10-64-shippable-qr,True,False,,,102210fe594ee9b33d82058545b1ed14f4c8206e,custom.jsdebugger.open.DAMP,damp,True,damp custom.jsdebugger.open.DAMP opt e10s fission stylo webrender,4768565,77,ms,firefox,,1805872501,2023-12-01T19:31:46,772.5532548175979,97bd03fdb1bec86b388b3393aa328608da4b388d,1341619
autoland,4768729,12,95f51e857a45cd76f1766c14d6bed804857cd27b,windows10-64-shippable-qr,True,False,,,102210fe594ee9b33d82058545b1ed14f4c8206e,custom.jsdebugger.open.DAMP,damp,True,damp custom.jsdebugger.open.DAMP opt e10s fission stylo webrender,4768565,77,ms,firefox,,1805872985,2023-12-01T20:03:19,772.284703256917,9f4e654aca48bbf21fe893213989c7eef3cac4d7,1341635
autoland,4768729,12,95f51e857a45cd76f1766c14d6bed804857cd27b,windows10-64-shippable-qr,True,False,,,102210fe594ee9b33d82058545b1ed14f4c8206e,custom.jsdebugger.open.DAMP,damp,True,damp custom.jsdebugger.open.DAMP opt e10s fission stylo webrender,4768565,77,ms,firefox,,1805872893,2023-12-01T20:24:30,778.762202242081,68d282cd2e440c68e3ee3b7212b0ec80ff165556,1341652
autoland,4768729,12,95f51e857a45cd76f1766c14d6bed804857cd27b,windows10-64-shippable-qr,True,False,,,102210fe594ee9b33d82058545b1ed14f4c8206e,custom.jsdebugger.open.DAMP,damp,True,damp custom.jsdebugger.open.DAMP opt e10s fission stylo webrender,4768565,77,ms,firefox,,1805872795,2023-12-01T20:32:10,770.7755911209679,3b40b3d69e6c66f8885b2e895598b0174cee4023,1341657
autoland,4768729,12,95f51e857a45cd76f1766c14d6bed804857cd27b,windows10-64-shippable-qr,True,False,,,102210fe594ee9b33d82058545b1ed14f4c8206e,custom.jsdebugger.open.DAMP,damp,True,damp custom.jsdebugger.open.DAMP opt e10s fission stylo webrender,4768565,77,ms,firefox,,1805872880,2023-12-01T20:33:03,774.6528895407537,d438636f36a65ffa280282b2d5f4331c394b9ecc,1341658
autoland,4768729,12,95f51e857a45cd76f1766c14d6bed804857cd27b,windows10-64-shippable-qr,True,False,,,102210fe594ee9b33d82058545b1ed14f4c8206e,custom.jsdebugger.open.DAMP,damp,True,damp custom.jsdebugger.open.DAMP opt e10s fission stylo webrender,4768565,77,ms,firefox,,1805873237,2023-12-01T20:33:58,769.3394445684607,e137b455c47994bb690ef6d933a429894853ee68,1341659
autoland,4768729,12,95f51e857a45cd76f1766c14d6bed804857cd27b,windows10-64-shippable-qr,True,False,,,102210fe594ee9b33d82058545b1ed14f4c8206e,custom.jsdebugger.open.DAMP,damp,True,damp custom.jsdebugger.open.DAMP opt e10s fission stylo webrender,4768565,77,ms,firefox,,1804643333,2023-12-01T20:34:55,766.4319657465167,a5a9381a759e44485d639727614ceb2b77851c90,1341661
autoland,4768729,12,95f51e857a45cd76f1766c14d6bed804857cd27b,windows10-64-shippable-qr,True,False,,,102210fe594ee9b33d82058545b1ed14f4c8206e,custom.jsdebugger.open.DAMP,damp,True,damp custom.jsdebugger.open.DAMP opt e10s fission stylo webrender,4768565,77,ms,firefox,,1806051350,2023-12-01T21:27:22,775.0900779742688,d81d28de3c54a67daadda7bdf5d89267fda1faab,1341706
autoland,4768729,12,95f51e857a45cd76f1766c14d6bed804857cd27b,windows10-64-shippable-qr,True,False,,,102210fe594ee9b33d82058545b1ed14f4c8206e,custom.jsdebugger.open.DAMP,damp,True,damp custom.jsdebugger.open.DAMP opt e10s fission stylo webrender,4768565,77,ms,firefox,,1805873413,2023-12-01T22:06:00,769.7120886975172,8199d5ce1bfa86e7bf2927addae394489327fdd8,1341731
autoland,4768729,12,95f51e857a45cd76f1766c14d6bed804857cd27b,windows10-64-shippable-qr,True,False,,,102210fe594ee9b33d82058545b1ed14f4c8206e,custom.jsdebugger.open.DAMP,damp,True,damp custom.jsdebugger.open.DAMP opt e10s fission stylo webrender,4768565,77,ms,firefox,,1805874414,2023-12-01T22:07:15,772.2511444888951,f5150abdafbd2d22d415f511fd58fc4e564f048e,1341734
autoland,4768729,12,95f51e857a45cd76f1766c14d6bed804857cd27b,windows10-64-shippable-qr,True,False,,,102210fe594ee9b33d82058545b1ed14f4c8206e,custom.jsdebugger.open.DAMP,damp,True,damp custom.jsdebugger.open.DAMP opt e10s fission stylo webrender,4768565,77,ms,firefox,,1805875353,2023-12-01T22:48:54,772.5140168604848,d8bdabb500fbfe7bf06cca37b0a49d1ff4b4ecbd,1341743
autoland,4768729,12,95f51e857a45cd76f1766c14d6bed804857cd27b,windows10-64-shippable-qr,True,False,,,102210fe594ee9b33d82058545b1ed14f4c8206e,custom.jsdebugger.open.DAMP,damp,True,damp custom.jsdebugger.open.DAMP opt e10s fission stylo webrender,4768565,77,ms,firefox,,1805875988,2023-12-01T22:48:54,771.2374150421674,d8bdabb500fbfe7bf06cca37b0a49d1ff4b4ecbd,1341743
autoland,4768729,12,95f51e857a45cd76f1766c14d6bed804857cd27b,windows10-64-shippable-qr,True,False,,,102210fe594ee9b33d82058545b1ed14f4c8206e,custom.jsdebugger.open.DAMP,damp,True,damp custom.jsdebugger.open.DAMP opt e10s fission stylo webrender,4768565,77,ms,firefox,,1805875658,2023-12-01T22:50:02,768.8428043141903,1d035302ec6286fa9ff1584b21cc51b084a2644b,1341744
autoland,4768729,12,95f51e857a45cd76f1766c14d6bed804857cd27b,windows10-64-shippable-qr,True,False,,,102210fe594ee9b33d82058545b1ed14f4c8206e,custom.jsdebugger.open.DAMP,damp,True,damp custom.jsdebugger.open.DAMP opt e10s fission stylo webrender,4768565,77,ms,firefox,,1805876679,2023-12-01T22:50:02,769.7626195307685,1d035302ec6286fa9ff1584b21cc51b084a2644b,1341744
autoland,4768729,12,95f51e857a45cd76f1766c14d6bed804857cd27b,windows10-64-shippable-qr,True,False,,,102210fe594ee9b33d82058545b1ed14f4c8206e,custom.jsdebugger.open.DAMP,damp,True,damp custom.jsdebugger.open.DAMP opt e10s fission stylo webrender,4768565,77,ms,firefox,,1805875486,2023-12-01T22:59:57,770.0350412261687,06a18be539c03bc377b57540c221d26a44024fa0,1341756
autoland,4768729,12,95f51e857a45cd76f1766c14d6bed804857cd27b,windows10-64-shippable-qr,True,False,,,102210fe594ee9b33d82058545b1ed14f4c8206e,custom.jsdebugger.open.DAMP,damp,True,damp custom.jsdebugger.open.DAMP opt e10s fission stylo webrender,4768565,77,ms,firefox,,1805876614,2023-12-01T22:59:57,775.4798637123604,06a18be539c03bc377b57540c221d26a44024fa0,1341756
autoland,4768729,12,95f51e857a45cd76f1766c14d6bed804857cd27b,windows10-64-shippable-qr,True,False,,,102210fe594ee9b33d82058545b1ed14f4c8206e,custom.jsdebugger.open.DAMP,damp,True,damp custom.jsdebugger.open.DAMP opt e10s fission stylo webrender,4768565,77,ms,firefox,,1805876950,2023-12-01T23:17:26,779.1216461838121,84eaf323b53ed1282e7b2d4f4e8821309ea2aa3e,1341766
autoland,4768729,12,95f51e857a45cd76f1766c14d6bed804857cd27b,windows10-64-shippable-qr,True,False,,,102210fe594ee9b33d82058545b1ed14f4c8206e,custom.jsdebugger.open.DAMP,damp,True,damp custom.jsdebugger.open.DAMP opt e10s fission stylo webrender,4768565,77,ms,firefox,,1805876482,2023-12-01T23:17:26,774.5281154416007,84eaf323b53ed1282e7b2d4f4e8821309ea2aa3e,1341766
autoland,4768729,12,95f51e857a45cd76f1766c14d6bed804857cd27b,windows10-64-shippable-qr,True,False,,,102210fe594ee9b33d82058545b1ed14f4c8206e,custom.jsdebugger.open.DAMP,damp,True,damp custom.jsdebugger.open.DAMP opt e10s fission stylo webrender,4768565,77,ms,firefox,,1805877175,2023-12-01T23:29:44,767.4024006701147,387f8657fe91f06ad2988f2381601d3f55533a9b,1341770
autoland,4768729,12,95f51e857a45cd76f1766c14d6bed804857cd27b,windows10-64-shippable-qr,True,False,,,102210fe594ee9b33d82058545b1ed14f4c8206e,custom.jsdebugger.open.DAMP,damp,True,damp custom.jsdebugger.open.DAMP opt e10s fission stylo webrender,4768565,77,ms,firefox,,1805876806,2023-12-01T23:35:18,773.435027997868,b2c7644e41eb5e082bf26a7b02cf780d20bada1c,1341772
autoland,4768729,12,95f51e857a45cd76f1766c14d6bed804857cd27b,windows10-64-shippable-qr,True,False,,,102210fe594ee9b33d82058545b1ed14f4c8206e,custom.jsdebugger.open.DAMP,damp,True,damp custom.jsdebugger.open.DAMP opt e10s fission stylo webrender,4768565,77,ms,firefox,,1805876863,2023-12-02T00:00:05,779.724892488659,69baaa4f31721fbc09b490c3cb1cdb465564e79e,1341776
autoland,4768729,12,95f51e857a45cd76f1766c14d6bed804857cd27b,windows10-64-shippable-qr,True,False,,,102210fe594ee9b33d82058545b1ed14f4c8206e,custom.jsdebugger.open.DAMP,damp,True,damp custom.jsdebugger.open.DAMP opt e10s fission stylo webrender,4768565,77,ms,firefox,,1805877012,2023-12-02T00:00:05,773.1060756040752,69baaa4f31721fbc09b490c3cb1cdb465564e79e,1341776
autoland,4768729,12,95f51e857a45cd76f1766c14d6bed804857cd27b,windows10-64-shippable-qr,True,False,,,102210fe594ee9b33d82058545b1ed14f4c8206e,custom.jsdebugger.open.DAMP,damp,True,damp custom.jsdebugger.open.DAMP opt e10s fission stylo webrender,4768565,77,ms,firefox,,1804729528,2023-12-02T01:52:53,765.8788564765637,bf4c1083cec10076ccbf07f2cfc3e18b04d0bf72,1341816
autoland,4768729,12,95f51e857a45cd76f1766c14d6bed804857cd27b,windows10-64-shippable-qr,True,False,,,102210fe594ee9b33d82058545b1ed14f4c8206e,custom.jsdebugger.open.DAMP,damp,True,damp custom.jsdebugger.open.DAMP opt e10s fission stylo webrender,4768565,77,ms,firefox,,1805877245,2023-12-02T07:02:38,773.3533240718243,687dbecd49f9fec51c7d0cfddf53484a2e0d7a75,1341827
autoland,4768729,12,95f51e857a45cd76f1766c14d6bed804857cd27b,windows10-64-shippable-qr,True,False,,,102210fe594ee9b33d82058545b1ed14f4c8206e,custom.jsdebugger.open.DAMP,damp,True,damp custom.jsdebugger.open.DAMP opt e10s fission stylo webrender,4768565,77,ms,firefox,,1804862899,2023-12-02T08:10:23,772.95590442924,965cddb8421900af69da86a586e617bf7dec3b56,1341832
autoland,4768729,12,95f51e857a45cd76f1766c14d6bed804857cd27b,windows10-64-shippable-qr,True,False,,,102210fe594ee9b33d82058545b1ed14f4c8206e,custom.jsdebugger.open.DAMP,damp,True,damp custom.jsdebugger.open.DAMP opt e10s fission stylo webrender,4768565,77,ms,firefox,,1806228299,2023-12-02T08:50:02,772.9183576920623,5c1bdf739b5628069f9cbe2ed319151e9e1741de,1341838
autoland,4768729,12,95f51e857a45cd76f1766c14d6bed804857cd27b,windows10-64-shippable-qr,True,False,,,102210fe594ee9b33d82058545b1ed14f4c8206e,custom.jsdebugger.open.DAMP,damp,True,damp custom.jsdebugger.open.DAMP opt e10s fission stylo webrender,4768565,77,ms,firefox,,1806228356,2023-12-02T08:53:04,773.5383747871383,1d674e84adc99d0cbc2444c73d133f80f2632bc8,1341839
autoland,4768729,12,95f51e857a45cd76f1766c14d6bed804857cd27b,windows10-64-shippable-qr,True,False,,,102210fe594ee9b33d82058545b1ed14f4c8206e,custom.jsdebugger.open.DAMP,damp,True,damp custom.jsdebugger.open.DAMP opt e10s fission stylo webrender,4768565,77,ms,firefox,,1806228171,2023-12-02T08:56:34,780.6303408045569,5705b91cd6c54b7febc63b2d806893422bf2eba4,1341840
autoland,4768729,12,95f51e857a45cd76f1766c14d6bed804857cd27b,windows10-64-shippable-qr,True,False,,,102210fe594ee9b33d82058545b1ed14f4c8206e,custom.jsdebugger.open.DAMP,damp,True,damp custom.jsdebugger.open.DAMP opt e10s fission stylo webrender,4768565,77,ms,firefox,,1804954876,2023-12-02T14:39:28,767.4431980120762,2d582fee4916ee442de05970cc77f7be702c22a2,1341863
autoland,4768729,12,95f51e857a45cd76f1766c14d6bed804857cd27b,windows10-64-shippable-qr,True,False,,,102210fe594ee9b33d82058545b1ed14f4c8206e,custom.jsdebugger.open.DAMP,damp,True,damp custom.jsdebugger.open.DAMP opt e10s fission stylo webrender,4768565,77,ms,firefox,,1806290914,2023-12-02T17:05:16,768.4225059912496,e901b86e5d894b8b40093d72036208cf8837e098,1341878
autoland,4768729,12,95f51e857a45cd76f1766c14d6bed804857cd27b,windows10-64-shippable-qr,True,False,,,102210fe594ee9b33d82058545b1ed14f4c8206e,custom.jsdebugger.open.DAMP,damp,True,damp custom.jsdebugger.open.DAMP opt e10s fission stylo webrender,4768565,77,ms,firefox,,1806262083,2023-12-02T18:31:55,763.6040983217608,2462e8026fd78d968362eacf10e6ae2dee025e1e,1341889
autoland,4768729,12,95f51e857a45cd76f1766c14d6bed804857cd27b,windows10-64-shippable-qr,True,False,,,102210fe594ee9b33d82058545b1ed14f4c8206e,custom.jsdebugger.open.DAMP,damp,True,damp custom.jsdebugger.open.DAMP opt e10s fission stylo webrender,4768565,77,ms,firefox,,1805025837,2023-12-02T18:55:31,764.6628341740434,d5a2cb7b9272b5c9cdfe4a0397c570ce5f9260bf,1341891
autoland,4768729,12,95f51e857a45cd76f1766c14d6bed804857cd27b,windows10-64-shippable-qr,True,False,,,102210fe594ee9b33d82058545b1ed14f4c8206e,custom.jsdebugger.open.DAMP,damp,True,damp custom.jsdebugger.open.DAMP opt e10s fission stylo webrender,4768565,77,ms,firefox,,1806270297,2023-12-02T18:59:14,768.8671050067278,c1a07c8d3566ea857457bd799fea0772c4275e71,1341893
autoland,4768729,12,95f51e857a45cd76f1766c14d6bed804857cd27b,windows10-64-shippable-qr,True,False,,,102210fe594ee9b33d82058545b1ed14f4c8206e,custom.jsdebugger.open.DAMP,damp,True,damp custom.jsdebugger.open.DAMP opt e10s fission stylo webrender,4768565,77,ms,firefox,,1806265609,2023-12-02T19:02:05,771.6894813515974,4d20b62ca3ff4d5428613cd0f4f582c969022cd6,1341894
autoland,4768729,12,95f51e857a45cd76f1766c14d6bed804857cd27b,windows10-64-shippable-qr,True,False,,,102210fe594ee9b33d82058545b1ed14f4c8206e,custom.jsdebugger.open.DAMP,damp,True,damp custom.jsdebugger.open.DAMP opt e10s fission stylo webrender,4768565,77,ms,firefox,,1806241893,2023-12-02T20:19:57,769.0077731959318,b8fbc6689b5cc50e98e0868b5e935a28f3fe7b00,1341908
autoland,4768729,12,95f51e857a45cd76f1766c14d6bed804857cd27b,windows10-64-shippable-qr,True,False,,,102210fe594ee9b33d82058545b1ed14f4c8206e,custom.jsdebugger.open.DAMP,damp,True,damp custom.jsdebugger.open.DAMP opt e10s fission stylo webrender,4768565,77,ms,firefox,,1805080473,2023-12-03T00:49:27,771.3157655803452,fe75ab906c798b6697934b3789355dceb5748966,1341930
autoland,4768729,12,95f51e857a45cd76f1766c14d6bed804857cd27b,windows10-64-shippable-qr,True,False,,,102210fe594ee9b33d82058545b1ed14f4c8206e,custom.jsdebugger.open.DAMP,damp,True,damp custom.jsdebugger.open.DAMP opt e10s fission stylo webrender,4768565,77,ms,firefox,,1805117701,2023-12-03T05:05:07,765.4141998200939,8e959a7ded5f111e711c06a6728f76d3bd660699,1341942
autoland,4768729,12,95f51e857a45cd76f1766c14d6bed804857cd27b,windows10-64-shippable-qr,True,False,,,102210fe594ee9b33d82058545b1ed14f4c8206e,custom.jsdebugger.open.DAMP,damp,True,damp custom.jsdebugger.open.DAMP opt e10s fission stylo webrender,4768565,77,ms,firefox,,1805232162,2023-12-03T10:45:57,772.0422939523269,5d84c395021682cc2af1bf5da98c205cfbc32f76,1341997
autoland,4768729,12,95f51e857a45cd76f1766c14d6bed804857cd27b,windows10-64-shippable-qr,True,False,,,102210fe594ee9b33d82058545b1ed14f4c8206e,custom.jsdebugger.open.DAMP,damp,True,damp custom.jsdebugger.open.DAMP opt e10s fission stylo webrender,4768565,77,ms,firefox,,1805247588,2023-12-03T12:21:22,767.9369721495896,3445cc3f842050a3cdfc4da74ce254df933f7e7b,1342011
autoland,4768729,12,95f51e857a45cd76f1766c14d6bed804857cd27b,windows10-64-shippable-qr,True,False,,,102210fe594ee9b33d82058545b1ed14f4c8206e,custom.jsdebugger.open.DAMP,damp,True,damp custom.jsdebugger.open.DAMP opt e10s fission stylo webrender,4768565,77,ms,firefox,,1805310221,2023-12-03T18:05:44,766.5940081653825,8038f0b90bbd46dcb74eaaddf1fd1c6871dc4426,1342033
autoland,4768729,12,95f51e857a45cd76f1766c14d6bed804857cd27b,windows10-64-shippable-qr,True,False,,,102210fe594ee9b33d82058545b1ed14f4c8206e,custom.jsdebugger.open.DAMP,damp,True,damp custom.jsdebugger.open.DAMP opt e10s fission stylo webrender,4768565,77,ms,firefox,,1805418337,2023-12-04T01:54:51,764.6468618341378,369922cc5c4efad6c87b13600325eb5a989cde81,1342108
autoland,4768729,12,95f51e857a45cd76f1766c14d6bed804857cd27b,windows10-64-shippable-qr,True,False,,,102210fe594ee9b33d82058545b1ed14f4c8206e,custom.jsdebugger.open.DAMP,damp,True,damp custom.jsdebugger.open.DAMP opt e10s fission stylo webrender,4768565,77,ms,firefox,,1805689288,2023-12-04T11:05:28,773.0899856298929,223106736a61f5cc112b0cc9d38ab1f63e034f89,1342238
autoland,4768729,12,95f51e857a45cd76f1766c14d6bed804857cd27b,windows10-64-shippable-qr,True,False,,,102210fe594ee9b33d82058545b1ed14f4c8206e,custom.jsdebugger.open.DAMP,damp,True,damp custom.jsdebugger.open.DAMP opt e10s fission stylo webrender,4768565,77,ms,firefox,,1805672358,2023-12-04T11:06:23,765.6717946267527,20b709d0fa5633c408dd900f830b09af96c0465d,1342240
autoland,4768729,12,95f51e857a45cd76f1766c14d6bed804857cd27b,windows10-64-shippable-qr,True,False,,,102210fe594ee9b33d82058545b1ed14f4c8206e,custom.jsdebugger.open.DAMP,damp,True,damp custom.jsdebugger.open.DAMP opt e10s fission stylo webrender,4768565,77,ms,firefox,,1805785063,2023-12-04T14:54:31,770.4185704542979,38094e01a744c421fe469d9a01cbfe12a1ee949b,1342377
autoland,4768729,12,95f51e857a45cd76f1766c14d6bed804857cd27b,windows10-64-shippable-qr,True,False,,,102210fe594ee9b33d82058545b1ed14f4c8206e,custom.jsdebugger.open.DAMP,damp,True,damp custom.jsdebugger.open.DAMP opt e10s fission stylo webrender,4768565,77,ms,firefox,,1805916478,2023-12-04T19:05:48,768.4945524897339,72ca57fdc9feb1e9765ce2cc4f26b6b60135122f,1342587
autoland,4768729,12,95f51e857a45cd76f1766c14d6bed804857cd27b,windows10-64-shippable-qr,True,False,,,102210fe594ee9b33d82058545b1ed14f4c8206e,custom.jsdebugger.open.DAMP,damp,True,damp custom.jsdebugger.open.DAMP opt e10s fission stylo webrender,4768565,77,ms,firefox,,1806061748,2023-12-04T22:13:56,769.5107939895533,3d0a5f6fd8b4a0537cb85ae502a4be6cafec1c23,1342750
autoland,4768729,12,95f51e857a45cd76f1766c14d6bed804857cd27b,windows10-64-shippable-qr,True,False,,,102210fe594ee9b33d82058545b1ed14f4c8206e,custom.jsdebugger.open.DAMP,damp,True,damp custom.jsdebugger.open.DAMP opt e10s fission stylo webrender,4768565,77,ms,firefox,,1806153013,2023-12-05T02:36:15,772.8318447235652,39486bb8305a2e3128c6ecd97d33378744922507,1342897
autoland,4768729,12,95f51e857a45cd76f1766c14d6bed804857cd27b,windows10-64-shippable-qr,True,False,,,102210fe594ee9b33d82058545b1ed14f4c8206e,custom.jsdebugger.open.DAMP,damp,True,damp custom.jsdebugger.open.DAMP opt e10s fission stylo webrender,4768565,77,ms,firefox,,1806180480,2023-12-05T03:50:36,767.6350629708322,775ade8b04da775ad41d5d135baae415863a874c,1342908
autoland,4768729,12,95f51e857a45cd76f1766c14d6bed804857cd27b,windows10-64-shippable-qr,True,False,,,102210fe594ee9b33d82058545b1ed14f4c8206e,custom.jsdebugger.open.DAMP,damp,True,damp custom.jsdebugger.open.DAMP opt e10s fission stylo webrender,4768565,77,ms,firefox,,1806312358,2023-12-05T08:48:01,770.7227768700177,429e8cc8473b4c76828d06e2f07abbeb9dbebd81,1342965
autoland,4768729,12,95f51e857a45cd76f1766c14d6bed804857cd27b,windows10-64-shippable-qr,True,False,,,102210fe594ee9b33d82058545b1ed14f4c8206e,custom.jsdebugger.open.DAMP,damp,True,damp custom.jsdebugger.open.DAMP opt e10s fission stylo webrender,4768565,77,ms,firefox,,1806386482,2023-12-05T11:07:31,770.0623752426909,10602eb918edd2ccf85a22fb60b3dc62c845c42a,1343031
autoland,4768729,12,95f51e857a45cd76f1766c14d6bed804857cd27b,windows10-64-shippable-qr,True,False,,,102210fe594ee9b33d82058545b1ed14f4c8206e,custom.jsdebugger.open.DAMP,damp,True,damp custom.jsdebugger.open.DAMP opt e10s fission stylo webrender,4768565,77,ms,firefox,,1806489473,2023-12-05T15:11:37,763.3925523809967,e603b8b016d76de025bea02bfdc1e0590166c2c0,1343145
autoland,4768729,12,95f51e857a45cd76f1766c14d6bed804857cd27b,windows10-64-shippable-qr,True,False,,,102210fe594ee9b33d82058545b1ed14f4c8206e,custom.jsdebugger.open.DAMP,damp,True,damp custom.jsdebugger.open.DAMP opt e10s fission stylo webrender,4768565,77,ms,firefox,,1806544483,2023-12-05T16:28:46,767.2230503332466,91bda8b5915b84ed6533a6620f955f271dc5aac3,1343203
autoland,4768729,12,95f51e857a45cd76f1766c14d6bed804857cd27b,windows10-64-shippable-qr,True,False,,,102210fe594ee9b33d82058545b1ed14f4c8206e,custom.jsdebugger.open.DAMP,damp,True,damp custom.jsdebugger.open.DAMP opt e10s fission stylo webrender,4768565,77,ms,firefox,,1806727438,2023-12-05T20:37:35,767.4631223529723,f778448a1da5f0622c4361d37810461a035f4627,1343409
autoland,4768729,12,95f51e857a45cd76f1766c14d6bed804857cd27b,windows10-64-shippable-qr,True,False,,,102210fe594ee9b33d82058545b1ed14f4c8206e,custom.jsdebugger.open.DAMP,damp,True,damp custom.jsdebugger.open.DAMP opt e10s fission stylo webrender,4768565,77,ms,firefox,,1806825245,2023-12-05T21:38:52,772.7229129674815,177375e24d1352ab203de0ac3aa53003c5d0ffd2,1343440
autoland,4768729,12,95f51e857a45cd76f1766c14d6bed804857cd27b,windows10-64-shippable-qr,True,False,,,102210fe594ee9b33d82058545b1ed14f4c8206e,custom.jsdebugger.open.DAMP,damp,True,damp custom.jsdebugger.open.DAMP opt e10s fission stylo webrender,4768565,77,ms,firefox,,1806906998,2023-12-06T02:13:38,774.7100628838525,30004166d9f2cc3399da68e8762c35b1b886c0dc,1343563
autoland,4768729,12,95f51e857a45cd76f1766c14d6bed804857cd27b,windows10-64-shippable-qr,True,False,,,102210fe594ee9b33d82058545b1ed14f4c8206e,custom.jsdebugger.open.DAMP,damp,True,damp custom.jsdebugger.open.DAMP opt e10s fission stylo webrender,4768565,77,ms,firefox,,1807034194,2023-12-06T09:09:58,774.1912691577891,63afa0f8febdc8b199d998d50bb76fc8f7945c3e,1343650
autoland,4768729,12,95f51e857a45cd76f1766c14d6bed804857cd27b,windows10-64-shippable-qr,True,False,,,102210fe594ee9b33d82058545b1ed14f4c8206e,custom.jsdebugger.open.DAMP,damp,True,damp custom.jsdebugger.open.DAMP opt e10s fission stylo webrender,4768565,77,ms,firefox,,1807133345,2023-12-06T13:42:54,759.7399649518484,52f516546de7ac66228e074000877d32ebf093af,1343745
autoland,4768729,12,95f51e857a45cd76f1766c14d6bed804857cd27b,windows10-64-shippable-qr,True,False,,,102210fe594ee9b33d82058545b1ed14f4c8206e,custom.jsdebugger.open.DAMP,damp,True,damp custom.jsdebugger.open.DAMP opt e10s fission stylo webrender,4768565,77,ms,firefox,,1807149414,2023-12-06T14:11:26,771.3707837248039,a035ddfc75fc597cd1df3c347d2cbbc50568f884,1343771
autoland,4768729,12,95f51e857a45cd76f1766c14d6bed804857cd27b,windows10-64-shippable-qr,True,False,,,102210fe594ee9b33d82058545b1ed14f4c8206e,custom.jsdebugger.open.DAMP,damp,True,damp custom.jsdebugger.open.DAMP opt e10s fission stylo webrender,4768565,77,ms,firefox,,1807316178,2023-12-06T18:17:17,773.6252119679621,ab110e2fcc6ab3c8e078fe970b109f482069386e,1343990
autoland,4768729,12,95f51e857a45cd76f1766c14d6bed804857cd27b,windows10-64-shippable-qr,True,False,,,102210fe594ee9b33d82058545b1ed14f4c8206e,custom.jsdebugger.open.DAMP,damp,True,damp custom.jsdebugger.open.DAMP opt e10s fission stylo webrender,4768565,77,ms,firefox,,1807425534,2023-12-06T22:50:02,770.6364978113561,f3fc0213f527ba806a10092bbadec34e00dbe4f6,1344189
autoland,4768729,12,95f51e857a45cd76f1766c14d6bed804857cd27b,windows10-64-shippable-qr,True,False,,,102210fe594ee9b33d82058545b1ed14f4c8206e,custom.jsdebugger.open.DAMP,damp,True,damp custom.jsdebugger.open.DAMP opt e10s fission stylo webrender,4768565,77,ms,firefox,,1807537228,2023-12-07T04:18:34,766.3205203561056,93a04e8835aaaf359b24f47f54d622f7d36fd813,1344290
autoland,4768729,12,95f51e857a45cd76f1766c14d6bed804857cd27b,windows10-64-shippable-qr,True,False,,,102210fe594ee9b33d82058545b1ed14f4c8206e,custom.jsdebugger.open.DAMP,damp,True,damp custom.jsdebugger.open.DAMP opt e10s fission stylo webrender,4768565,77,ms,firefox,,1807688585,2023-12-07T09:07:30,768.6082954908534,f5d904bee3fe6c9e79061b56c8499b6154f7d3ff,1344349
autoland,4768729,12,95f51e857a45cd76f1766c14d6bed804857cd27b,windows10-64-shippable-qr,True,False,,,102210fe594ee9b33d82058545b1ed14f4c8206e,custom.jsdebugger.open.DAMP,damp,True,damp custom.jsdebugger.open.DAMP opt e10s fission stylo webrender,4768565,77,ms,firefox,,1807751590,2023-12-07T12:51:56,778.6631959911256,bea12a00706c3b2951d467008996bf7e89d17e5b,1344456
autoland,4768729,12,95f51e857a45cd76f1766c14d6bed804857cd27b,windows10-64-shippable-qr,True,False,,,102210fe594ee9b33d82058545b1ed14f4c8206e,custom.jsdebugger.open.DAMP,damp,True,damp custom.jsdebugger.open.DAMP opt e10s fission stylo webrender,4768565,77,ms,firefox,,1808085401,2023-12-07T21:41:48,774.7352277784958,797281d7e3b5fdd5f6a033248fec7bd885227546,1344786
autoland,4768729,12,95f51e857a45cd76f1766c14d6bed804857cd27b,windows10-64-shippable-qr,True,False,,,102210fe594ee9b33d82058545b1ed14f4c8206e,custom.jsdebugger.open.DAMP,damp,True,damp custom.jsdebugger.open.DAMP opt e10s fission stylo webrender,4768565,77,ms,firefox,,1808154993,2023-12-07T22:56:27,769.9389047362492,c34126c5e2a85c81e511c7c4017e7f2694ddce13,1344823
autoland,4768729,12,95f51e857a45cd76f1766c14d6bed804857cd27b,windows10-64-shippable-qr,True,False,,,102210fe594ee9b33d82058545b1ed14f4c8206e,custom.jsdebugger.open.DAMP,damp,True,damp custom.jsdebugger.open.DAMP opt e10s fission stylo webrender,4768565,77,ms,firefox,,1808368681,2023-12-08T04:49:01,768.6506080848121,3152110c63b5c99048b0651867ecf7723aa5ddf8,1344948
autoland,4768729,12,95f51e857a45cd76f1766c14d6bed804857cd27b,windows10-64-shippable-qr,True,False,,,102210fe594ee9b33d82058545b1ed14f4c8206e,custom.jsdebugger.open.DAMP,damp,True,damp custom.jsdebugger.open.DAMP opt e10s fission stylo webrender,4768565,77,ms,firefox,,1808527903,2023-12-08T09:01:47,770.892106756939,ff785fa504232b935c33c7d8c38a1cdc2f8d2d35,1345044
autoland,4768729,12,95f51e857a45cd76f1766c14d6bed804857cd27b,windows10-64-shippable-qr,True,False,,,102210fe594ee9b33d82058545b1ed14f4c8206e,custom.jsdebugger.open.DAMP,damp,True,damp custom.jsdebugger.open.DAMP opt e10s fission stylo webrender,4768565,77,ms,firefox,,1810269184,2023-12-08T10:48:01,773.0724844360811,ac7cb012517b5d42875403aebeaebfced21b1e85,1345105
autoland,4768729,12,95f51e857a45cd76f1766c14d6bed804857cd27b,windows10-64-shippable-qr,True,False,,,102210fe594ee9b33d82058545b1ed14f4c8206e,custom.jsdebugger.open.DAMP,damp,True,damp custom.jsdebugger.open.DAMP opt e10s fission stylo webrender,4768565,77,ms,firefox,,1810270752,2023-12-08T10:54:13,772.2283984602982,c20e7ebca4df4d2c4067cc8d85f98ff544039c43,1345109
autoland,4768729,12,95f51e857a45cd76f1766c14d6bed804857cd27b,windows10-64-shippable-qr,True,False,,,102210fe594ee9b33d82058545b1ed14f4c8206e,custom.jsdebugger.open.DAMP,damp,True,damp custom.jsdebugger.open.DAMP opt e10s fission stylo webrender,4768565,77,ms,firefox,,1810270248,2023-12-08T10:59:24,773.5234173480421,ad72b273da7f7ba87977241bef1d5cd9cc90a789,1345113
autoland,4768729,12,95f51e857a45cd76f1766c14d6bed804857cd27b,windows10-64-shippable-qr,True,False,,,102210fe594ee9b33d82058545b1ed14f4c8206e,custom.jsdebugger.open.DAMP,damp,True,damp custom.jsdebugger.open.DAMP opt e10s fission stylo webrender,4768565,77,ms,firefox,,1810274741,2023-12-08T11:19:31,770.9653867342686,3cd52b71681726c3c334b3bc633198f7d68d8c28,1345115
autoland,4768729,12,95f51e857a45cd76f1766c14d6bed804857cd27b,windows10-64-shippable-qr,True,False,,,102210fe594ee9b33d82058545b1ed14f4c8206e,custom.jsdebugger.open.DAMP,damp,True,damp custom.jsdebugger.open.DAMP opt e10s fission stylo webrender,4768565,77,ms,firefox,,1810270964,2023-12-08T11:36:58,777.5443435045017,efcb1145c2cf6142b2393fa6dcacab50e940ea2a,1345117
autoland,4768729,12,95f51e857a45cd76f1766c14d6bed804857cd27b,windows10-64-shippable-qr,True,False,,,102210fe594ee9b33d82058545b1ed14f4c8206e,custom.jsdebugger.open.DAMP,damp,True,damp custom.jsdebugger.open.DAMP opt e10s fission stylo webrender,4768565,77,ms,firefox,,1808880544,2023-12-08T14:53:30,780.240571528062,84f194823b719420c22157f7e540e660397a17f2,1345173
autoland,4768729,12,95f51e857a45cd76f1766c14d6bed804857cd27b,windows10-64-shippable-qr,True,False,,,102210fe594ee9b33d82058545b1ed14f4c8206e,custom.jsdebugger.open.DAMP,damp,True,damp custom.jsdebugger.open.DAMP opt e10s fission stylo webrender,4768565,77,ms,firefox,,1810274095,2023-12-08T15:40:11,771.3447497858142,ced6cc3226e463e89aaafe79e4087a0810d3bab0,1345204
autoland,4768729,12,95f51e857a45cd76f1766c14d6bed804857cd27b,windows10-64-shippable-qr,True,False,,,102210fe594ee9b33d82058545b1ed14f4c8206e,custom.jsdebugger.open.DAMP,damp,True,damp custom.jsdebugger.open.DAMP opt e10s fission stylo webrender,4768565,77,ms,firefox,,1810269930,2023-12-08T18:31:01,778.0797627052962,63ab69dfad151fe652ddb7bbe18933664a706f22,1345292
autoland,4768729,12,95f51e857a45cd76f1766c14d6bed804857cd27b,windows10-64-shippable-qr,True,False,,,102210fe594ee9b33d82058545b1ed14f4c8206e,custom.jsdebugger.open.DAMP,damp,True,damp custom.jsdebugger.open.DAMP opt e10s fission stylo webrender,4768565,77,ms,firefox,,1810269310,2023-12-08T19:04:03,769.9282312655923,e13e17a2ce4c9af504d9b254693bd86b7a7a111b,1345315
autoland,4768729,12,95f51e857a45cd76f1766c14d6bed804857cd27b,windows10-64-shippable-qr,True,False,,,102210fe594ee9b33d82058545b1ed14f4c8206e,custom.jsdebugger.open.DAMP,damp,True,damp custom.jsdebugger.open.DAMP opt e10s fission stylo webrender,4768565,77,ms,firefox,,1809041484,2023-12-08T20:09:00,772.5761087350475,6f5601bcf5ef9fa22b46e44e1d5e34893a04fc9e,1345337
autoland,4768729,12,95f51e857a45cd76f1766c14d6bed804857cd27b,windows10-64-shippable-qr,True,False,,,102210fe594ee9b33d82058545b1ed14f4c8206e,custom.jsdebugger.open.DAMP,damp,True,damp custom.jsdebugger.open.DAMP opt e10s fission stylo webrender,4768565,77,ms,firefox,,1810209577,2023-12-08T23:40:08,773.5258679246181,7ca7d7ab66453b81c86545a277ab0fdde9f19171,1345483
autoland,4768729,12,95f51e857a45cd76f1766c14d6bed804857cd27b,windows10-64-shippable-qr,True,False,,,102210fe594ee9b33d82058545b1ed14f4c8206e,custom.jsdebugger.open.DAMP,damp,True,damp custom.jsdebugger.open.DAMP opt e10s fission stylo webrender,4768565,77,ms,firefox,,1809053195,2023-12-09T00:35:37,771.2286965515095,5e7ca7b9c60d764540bfc20b243ffaa67dfbfaa9,1345495
autoland,4768729,12,95f51e857a45cd76f1766c14d6bed804857cd27b,windows10-64-shippable-qr,True,False,,,102210fe594ee9b33d82058545b1ed14f4c8206e,custom.jsdebugger.open.DAMP,damp,True,damp custom.jsdebugger.open.DAMP opt e10s fission stylo webrender,4768565,77,ms,firefox,,1809062851,2023-12-09T00:36:34,769.6170792014873,9536c8afccb6fe6adb81c34e04ad22608a1cc454,1345496
autoland,4768729,12,95f51e857a45cd76f1766c14d6bed804857cd27b,windows10-64-shippable-qr,True,False,,,102210fe594ee9b33d82058545b1ed14f4c8206e,custom.jsdebugger.open.DAMP,damp,True,damp custom.jsdebugger.open.DAMP opt e10s fission stylo webrender,4768565,77,ms,firefox,,1810270011,2023-12-09T00:44:48,769.5620726719208,54713d044231a34e878b39b907f693fbb5a2e702,1345508
autoland,4768729,12,95f51e857a45cd76f1766c14d6bed804857cd27b,windows10-64-shippable-qr,True,False,,,102210fe594ee9b33d82058545b1ed14f4c8206e,custom.jsdebugger.open.DAMP,damp,True,damp custom.jsdebugger.open.DAMP opt e10s fission stylo webrender,4768565,77,ms,firefox,,1810271007,2023-12-09T00:45:47,767.6813136138371,da54bb1e3730b259fc2181971a2d16d559e9d416,1345510
autoland,4768729,12,95f51e857a45cd76f1766c14d6bed804857cd27b,windows10-64-shippable-qr,True,False,,,102210fe594ee9b33d82058545b1ed14f4c8206e,custom.jsdebugger.open.DAMP,damp,True,damp custom.jsdebugger.open.DAMP opt e10s fission stylo webrender,4768565,77,ms,firefox,,1810269808,2023-12-09T00:46:39,772.7455805904465,a5dc1c0c3291e853417f7263786976edc017ed8e,1345511
autoland,4768729,12,95f51e857a45cd76f1766c14d6bed804857cd27b,windows10-64-shippable-qr,True,False,,,102210fe594ee9b33d82058545b1ed14f4c8206e,custom.jsdebugger.open.DAMP,damp,True,damp custom.jsdebugger.open.DAMP opt e10s fission stylo webrender,4768565,77,ms,firefox,,1810232975,2023-12-09T02:30:29,767.5972110293151,cb01f3faa22fd50ea9fb032e8138ba3f9acb3230,1345517
autoland,4768729,12,95f51e857a45cd76f1766c14d6bed804857cd27b,windows10-64-shippable-qr,True,False,,,102210fe594ee9b33d82058545b1ed14f4c8206e,custom.jsdebugger.open.DAMP,damp,True,damp custom.jsdebugger.open.DAMP opt e10s fission stylo webrender,4768565,77,ms,firefox,,1810269241,2023-12-09T02:32:56,773.0989535066765,dd33c57ca97f9ca57a656016329ab5ad7a4ba9a9,1345518
autoland,4768729,12,95f51e857a45cd76f1766c14d6bed804857cd27b,windows10-64-shippable-qr,True,False,,,102210fe594ee9b33d82058545b1ed14f4c8206e,custom.jsdebugger.open.DAMP,damp,True,damp custom.jsdebugger.open.DAMP opt e10s fission stylo webrender,4768565,77,ms,firefox,,1810269625,2023-12-09T02:33:53,772.0327065320889,b94618206c5c6304aef01cf7217d0ae104bca24a,1345519
autoland,4768729,12,95f51e857a45cd76f1766c14d6bed804857cd27b,windows10-64-shippable-qr,True,False,,,102210fe594ee9b33d82058545b1ed14f4c8206e,custom.jsdebugger.open.DAMP,damp,True,damp custom.jsdebugger.open.DAMP opt e10s fission stylo webrender,4768565,77,ms,firefox,,1810271274,2023-12-09T02:34:45,779.1211143033361,adf77205eb727b81a71e28347334da3880ab075b,1345520
autoland,4768729,12,95f51e857a45cd76f1766c14d6bed804857cd27b,windows10-64-shippable-qr,True,False,,,102210fe594ee9b33d82058545b1ed14f4c8206e,custom.jsdebugger.open.DAMP,damp,True,damp custom.jsdebugger.open.DAMP opt e10s fission stylo webrender,4768565,77,ms,firefox,,1810271133,2023-12-09T02:35:44,770.7956089596992,2593547c5cef1cf97508addf214c7cb5c172d696,1345521
autoland,4768729,12,95f51e857a45cd76f1766c14d6bed804857cd27b,windows10-64-shippable-qr,True,False,,,102210fe594ee9b33d82058545b1ed14f4c8206e,custom.jsdebugger.open.DAMP,damp,True,damp custom.jsdebugger.open.DAMP opt e10s fission stylo webrender,4768565,77,ms,firefox,,1810270860,2023-12-09T07:02:14,769.4457699562099,3624e2a1f5aed80e3eaa5efadafd2ffc78929ca2,1345545
autoland,4768729,12,95f51e857a45cd76f1766c14d6bed804857cd27b,windows10-64-shippable-qr,True,False,,,102210fe594ee9b33d82058545b1ed14f4c8206e,custom.jsdebugger.open.DAMP,damp,True,damp custom.jsdebugger.open.DAMP opt e10s fission stylo webrender,4768565,77,ms,firefox,,1809230044,2023-12-09T11:58:04,764.4951491405009,ce53d4215ca91122e12f63ca196acefc22a8d98c,1345582
autoland,4768729,12,95f51e857a45cd76f1766c14d6bed804857cd27b,windows10-64-shippable-qr,True,False,,,102210fe594ee9b33d82058545b1ed14f4c8206e,custom.jsdebugger.open.DAMP,damp,True,damp custom.jsdebugger.open.DAMP opt e10s fission stylo webrender,4768565,77,ms,firefox,,1809279811,2023-12-09T16:44:21,767.602215662555,199c3dc51f2dd8c55a3346ac587238e6376b7236,1345611
autoland,4768729,12,95f51e857a45cd76f1766c14d6bed804857cd27b,windows10-64-shippable-qr,True,False,,,102210fe594ee9b33d82058545b1ed14f4c8206e,custom.jsdebugger.open.DAMP,damp,True,damp custom.jsdebugger.open.DAMP opt e10s fission stylo webrender,4768565,77,ms,firefox,,1809498987,2023-12-11T00:42:11,762.9344198672916,d4ee61633ce965862e2ee27be32e8a58344a7b03,1345765
autoland,4768729,12,95f51e857a45cd76f1766c14d6bed804857cd27b,windows10-64-shippable-qr,True,False,,,102210fe594ee9b33d82058545b1ed14f4c8206e,custom.jsdebugger.open.DAMP,damp,True,damp custom.jsdebugger.open.DAMP opt e10s fission stylo webrender,4768565,77,ms,firefox,,1809551289,2023-12-11T06:57:03,773.137244461177,e84648aa607a32b9e4bbd2378f5a7caf9e31264a,1345835
autoland,4768729,12,95f51e857a45cd76f1766c14d6bed804857cd27b,windows10-64-shippable-qr,True,False,,,102210fe594ee9b33d82058545b1ed14f4c8206e,custom.jsdebugger.open.DAMP,damp,True,damp custom.jsdebugger.open.DAMP opt e10s fission stylo webrender,4768565,77,ms,firefox,,1809593509,2023-12-11T09:13:41,759.4022149844095,25a3d6c779f3ef9a9220e2d972c18f2e5a039cb2,1345868
autoland,4768729,12,95f51e857a45cd76f1766c14d6bed804857cd27b,windows10-64-shippable-qr,True,False,,,102210fe594ee9b33d82058545b1ed14f4c8206e,custom.jsdebugger.open.DAMP,damp,True,damp custom.jsdebugger.open.DAMP opt e10s fission stylo webrender,4768565,77,ms,firefox,,1809746407,2023-12-11T13:39:55,774.4841437256864,46d1ac4f2e9c8c9c173c430225737701542931bb,1346049
autoland,4768729,12,95f51e857a45cd76f1766c14d6bed804857cd27b,windows10-64-shippable-qr,True,False,,,102210fe594ee9b33d82058545b1ed14f4c8206e,custom.jsdebugger.open.DAMP,damp,True,damp custom.jsdebugger.open.DAMP opt e10s fission stylo webrender,4768565,77,ms,firefox,,1809807236,2023-12-11T15:49:45,770.1859749905752,fbda7db8e39b50ebf5ed7092f81706bd1d8c91ab,1346158
autoland,4768729,12,95f51e857a45cd76f1766c14d6bed804857cd27b,windows10-64-shippable-qr,True,False,,,102210fe594ee9b33d82058545b1ed14f4c8206e,custom.jsdebugger.open.DAMP,damp,True,damp custom.jsdebugger.open.DAMP opt e10s fission stylo webrender,4768565,77,ms,firefox,,1809893212,2023-12-11T18:22:43,769.253323475612,8043d7693dbaf145c601652e0b8947d55f399fd8,1346298
autoland,4768729,12,95f51e857a45cd76f1766c14d6bed804857cd27b,windows10-64-shippable-qr,True,False,,,102210fe594ee9b33d82058545b1ed14f4c8206e,custom.jsdebugger.open.DAMP,damp,True,damp custom.jsdebugger.open.DAMP opt e10s fission stylo webrender,4768565,77,ms,firefox,,1809972756,2023-12-11T21:32:13,769.760046039044,c2126b815d283d4d848e431071fa77e023b06eb2,1346462
autoland,4768729,12,95f51e857a45cd76f1766c14d6bed804857cd27b,windows10-64-shippable-qr,True,False,,,102210fe594ee9b33d82058545b1ed14f4c8206e,custom.jsdebugger.open.DAMP,damp,True,damp custom.jsdebugger.open.DAMP opt e10s fission stylo webrender,4768565,77,ms,firefox,,1810043700,2023-12-12T01:33:17,768.127502822822,6e08bc24f0ba8814dfda465963c22d139bf6e80b,1346620
autoland,4768729,12,95f51e857a45cd76f1766c14d6bed804857cd27b,windows10-64-shippable-qr,True,False,,,102210fe594ee9b33d82058545b1ed14f4c8206e,custom.jsdebugger.open.DAMP,damp,True,damp custom.jsdebugger.open.DAMP opt e10s fission stylo webrender,4768565,77,ms,firefox,,1810143258,2023-12-12T04:01:22,771.7996058280532,55cd203304b8d5343dd941d772085dc25fd278c4,1346691
autoland,4768729,12,95f51e857a45cd76f1766c14d6bed804857cd27b,windows10-64-shippable-qr,True,False,,,102210fe594ee9b33d82058545b1ed14f4c8206e,custom.jsdebugger.open.DAMP,damp,True,damp custom.jsdebugger.open.DAMP opt e10s fission stylo webrender,4768565,77,ms,firefox,,1810253549,2023-12-12T08:08:04,781.2933813703421,64c2a5cd2e5c12acc49f695acaca7fc074be00ef,1346735
autoland,4768729,12,95f51e857a45cd76f1766c14d6bed804857cd27b,windows10-64-shippable-qr,True,False,,,102210fe594ee9b33d82058545b1ed14f4c8206e,custom.jsdebugger.open.DAMP,damp,True,damp custom.jsdebugger.open.DAMP opt e10s fission stylo webrender,4768565,77,ms,firefox,,1810430399,2023-12-12T13:20:17,772.0775441728329,661e5ee3675f09044e67f461631530ae9bc19953,1346894
autoland,4768729,12,95f51e857a45cd76f1766c14d6bed804857cd27b,windows10-64-shippable-qr,True,False,,,102210fe594ee9b33d82058545b1ed14f4c8206e,custom.jsdebugger.open.DAMP,damp,True,damp custom.jsdebugger.open.DAMP opt e10s fission stylo webrender,4768565,77,ms,firefox,,1810548846,2023-12-12T17:56:51,781.8302774323456,89856dfbbbb09660fd0b56d3d9ba6f60c823c81f,1347131
autoland,4768729,12,95f51e857a45cd76f1766c14d6bed804857cd27b,windows10-64-shippable-qr,True,False,,,102210fe594ee9b33d82058545b1ed14f4c8206e,custom.jsdebugger.open.DAMP,damp,True,damp custom.jsdebugger.open.DAMP opt e10s fission stylo webrender,4768565,77,ms,firefox,,1810582376,2023-12-12T18:39:48,770.5590151579308,b7336e3f433e4055ba8a7fcb5c2f756e0e9b59ef,1347165
autoland,4768729,12,95f51e857a45cd76f1766c14d6bed804857cd27b,windows10-64-shippable-qr,True,False,,,102210fe594ee9b33d82058545b1ed14f4c8206e,custom.jsdebugger.open.DAMP,damp,True,damp custom.jsdebugger.open.DAMP opt e10s fission stylo webrender,4768565,77,ms,firefox,,1810632197,2023-12-12T20:06:07,766.5467447865594,7272d706196d83e16ea8366481dce5127407ba4d,1347223
autoland,4768729,12,95f51e857a45cd76f1766c14d6bed804857cd27b,windows10-64-shippable-qr,True,False,,,102210fe594ee9b33d82058545b1ed14f4c8206e,custom.jsdebugger.open.DAMP,damp,True,damp custom.jsdebugger.open.DAMP opt e10s fission stylo webrender,4768565,77,ms,firefox,,1810768315,2023-12-13T00:40:28,775.5714176975089,f823ab1d9a00b627089b75899e588823b584a9c4,1347426
autoland,4768729,12,95f51e857a45cd76f1766c14d6bed804857cd27b,windows10-64-shippable-qr,True,False,,,102210fe594ee9b33d82058545b1ed14f4c8206e,custom.jsdebugger.open.DAMP,damp,True,damp custom.jsdebugger.open.DAMP opt e10s fission stylo webrender,4768565,77,ms,firefox,,1810812412,2023-12-13T01:59:28,771.3187449717252,c7169e7d15af250d7b1ffb91c072a4b2309457c1,1347482
autoland,4768729,12,95f51e857a45cd76f1766c14d6bed804857cd27b,windows10-64-shippable-qr,True,False,,,102210fe594ee9b33d82058545b1ed14f4c8206e,custom.jsdebugger.open.DAMP,damp,True,damp custom.jsdebugger.open.DAMP opt e10s fission stylo webrender,4768565,77,ms,firefox,,1810847028,2023-12-13T03:53:55,770.021336750302,de73ddb24c16e91d220095612fc21b6636e51f81,1347525
autoland,4768729,12,95f51e857a45cd76f1766c14d6bed804857cd27b,windows10-64-shippable-qr,True,False,,,102210fe594ee9b33d82058545b1ed14f4c8206e,custom.jsdebugger.open.DAMP,damp,True,damp custom.jsdebugger.open.DAMP opt e10s fission stylo webrender,4768565,77,ms,firefox,,1810896039,2023-12-13T08:08:28,761.6864059834625,de61802013d3eabd67e8f7c4382ab95c650835ba,1347584
autoland,4768729,12,95f51e857a45cd76f1766c14d6bed804857cd27b,windows10-64-shippable-qr,True,False,,,102210fe594ee9b33d82058545b1ed14f4c8206e,custom.jsdebugger.open.DAMP,damp,True,damp custom.jsdebugger.open.DAMP opt e10s fission stylo webrender,4768565,77,ms,firefox,,1810975340,2023-12-13T10:08:23,774.3254903941715,12f45306a093afef1d1ed86121d9fcd9e8c69e15,1347641
autoland,4768729,12,95f51e857a45cd76f1766c14d6bed804857cd27b,windows10-64-shippable-qr,True,False,,,102210fe594ee9b33d82058545b1ed14f4c8206e,custom.jsdebugger.open.DAMP,damp,True,damp custom.jsdebugger.open.DAMP opt e10s fission stylo webrender,4768565,77,ms,firefox,,1811143605,2023-12-13T17:42:49,770.8967786991534,951b244454e1790b94e5fa8474efc7fb8c990e28,1347961
autoland,4768729,12,95f51e857a45cd76f1766c14d6bed804857cd27b,windows10-64-shippable-qr,True,False,,,102210fe594ee9b33d82058545b1ed14f4c8206e,custom.jsdebugger.open.DAMP,damp,True,damp custom.jsdebugger.open.DAMP opt e10s fission stylo webrender,4768565,77,ms,firefox,,1811271225,2023-12-13T20:42:40,765.8099653648824,b89dc85aa7e47069b80251ce43d7d66c034a5b88,1348117
autoland,4768729,12,95f51e857a45cd76f1766c14d6bed804857cd27b,windows10-64-shippable-qr,True,False,,,102210fe594ee9b33d82058545b1ed14f4c8206e,custom.jsdebugger.open.DAMP,damp,True,damp custom.jsdebugger.open.DAMP opt e10s fission stylo webrender,4768565,77,ms,firefox,,1811389539,2023-12-14T01:23:55,769.6956643579997,12888ec6533c4e6ec49c2d7081e67ac660129ab6,1348332
autoland,4768729,12,95f51e857a45cd76f1766c14d6bed804857cd27b,windows10-64-shippable-qr,True,False,,,102210fe594ee9b33d82058545b1ed14f4c8206e,custom.jsdebugger.open.DAMP,damp,True,damp custom.jsdebugger.open.DAMP opt e10s fission stylo webrender,4768565,77,ms,firefox,,1811488752,2023-12-14T06:57:49,768.1703648989351,3af75f3310fc53f70cba7e6c5a7e7bec2d3381dc,1348404
autoland,4768729,12,95f51e857a45cd76f1766c14d6bed804857cd27b,windows10-64-shippable-qr,True,False,,,102210fe594ee9b33d82058545b1ed14f4c8206e,custom.jsdebugger.open.DAMP,damp,True,damp custom.jsdebugger.open.DAMP opt e10s fission stylo webrender,4768565,77,ms,firefox,,1811661536,2023-12-14T09:15:58,769.1421276653782,1c0fd259312d4631a0d1a7e0ea0560cff577beba,1348457
autoland,4768729,12,95f51e857a45cd76f1766c14d6bed804857cd27b,windows10-64-shippable-qr,True,False,,,102210fe594ee9b33d82058545b1ed14f4c8206e,custom.jsdebugger.open.DAMP,damp,True,damp custom.jsdebugger.open.DAMP opt e10s fission stylo webrender,4768565,77,ms,firefox,,1811749120,2023-12-14T13:22:59,768.3272741050023,31a1108bee2768e6f329db2b083b5066b2c83def,1348529
autoland,4768729,12,95f51e857a45cd76f1766c14d6bed804857cd27b,windows10-64-shippable-qr,True,False,,,102210fe594ee9b33d82058545b1ed14f4c8206e,custom.jsdebugger.open.DAMP,damp,True,damp custom.jsdebugger.open.DAMP opt e10s fission stylo webrender,4768565,77,ms,firefox,,1811867546,2023-12-14T15:25:58,777.0627032853954,44c4e62a38e1a18cd9c3cdc37be672c5b2eccb06,1348605
autoland,4768729,12,95f51e857a45cd76f1766c14d6bed804857cd27b,windows10-64-shippable-qr,True,False,,,102210fe594ee9b33d82058545b1ed14f4c8206e,custom.jsdebugger.open.DAMP,damp,True,damp custom.jsdebugger.open.DAMP opt e10s fission stylo webrender,4768565,77,ms,firefox,,1812037764,2023-12-14T19:45:40,766.1209090794218,5b5faa47b870a45949438e5959b9ef04204a9bac,1348855
autoland,4768729,12,95f51e857a45cd76f1766c14d6bed804857cd27b,windows10-64-shippable-qr,True,False,,,102210fe594ee9b33d82058545b1ed14f4c8206e,custom.jsdebugger.open.DAMP,damp,True,damp custom.jsdebugger.open.DAMP opt e10s fission stylo webrender,4768565,77,ms,firefox,,1812202783,2023-12-14T21:45:13,768.8524148109818,04ae3a53d7df39b7ef7380e872889038951a9e63,1348957
autoland,4768729,12,95f51e857a45cd76f1766c14d6bed804857cd27b,windows10-64-shippable-qr,True,False,,,102210fe594ee9b33d82058545b1ed14f4c8206e,custom.jsdebugger.open.DAMP,damp,True,damp custom.jsdebugger.open.DAMP opt e10s fission stylo webrender,4768565,77,ms,firefox,,1812309609,2023-12-15T01:58:19,781.3444639838854,efffe49c7c1c0f6b54d9f752224880e07e588f36,1349130
autoland,4768729,12,95f51e857a45cd76f1766c14d6bed804857cd27b,windows10-64-shippable-qr,True,False,,,102210fe594ee9b33d82058545b1ed14f4c8206e,custom.jsdebugger.open.DAMP,damp,True,damp custom.jsdebugger.open.DAMP opt e10s fission stylo webrender,4768565,77,ms,firefox,,1812482659,2023-12-15T11:00:39,771.248757120673,d3a29d02b3dd8d8cfbfff6fcad00d94226e102e8,1349239
autoland,4768729,12,95f51e857a45cd76f1766c14d6bed804857cd27b,windows10-64-shippable-qr,True,False,,,102210fe594ee9b33d82058545b1ed14f4c8206e,custom.jsdebugger.open.DAMP,damp,True,damp custom.jsdebugger.open.DAMP opt e10s fission stylo webrender,4768565,77,ms,firefox,,1812631405,2023-12-15T15:09:59,770.0388232467085,8fd04cb03fbd84435d9834d1de340c2f64e013bb,1349331
autoland,4768729,12,95f51e857a45cd76f1766c14d6bed804857cd27b,windows10-64-shippable-qr,True,False,,,102210fe594ee9b33d82058545b1ed14f4c8206e,custom.jsdebugger.open.DAMP,damp,True,damp custom.jsdebugger.open.DAMP opt e10s fission stylo webrender,4768565,77,ms,firefox,,1812861501,2023-12-15T20:18:56,766.6601471966569,8f1a041ed5a88918a5fe585c89ffabd9450bc0ef,1349528
autoland,4768729,12,95f51e857a45cd76f1766c14d6bed804857cd27b,windows10-64-shippable-qr,True,False,,,102210fe594ee9b33d82058545b1ed14f4c8206e,custom.jsdebugger.open.DAMP,damp,True,damp custom.jsdebugger.open.DAMP opt e10s fission stylo webrender,4768565,77,ms,firefox,,1813017110,2023-12-16T02:28:17,770.2596520450752,33b0a0fecfd912ef3f540060b5e13f54db31d5cd,1349675
autoland,4768729,12,95f51e857a45cd76f1766c14d6bed804857cd27b,windows10-64-shippable-qr,True,False,,,102210fe594ee9b33d82058545b1ed14f4c8206e,custom.jsdebugger.open.DAMP,damp,True,damp custom.jsdebugger.open.DAMP opt e10s fission stylo webrender,4768565,77,ms,firefox,,1813173277,2023-12-16T14:03:11,769.8118636685831,6d6d4867b0f48dce26d871d94c5f74f5a8ac6aaf,1349726
autoland,4768729,12,95f51e857a45cd76f1766c14d6bed804857cd27b,windows10-64-shippable-qr,True,False,,,102210fe594ee9b33d82058545b1ed14f4c8206e,custom.jsdebugger.open.DAMP,damp,True,damp custom.jsdebugger.open.DAMP opt e10s fission stylo webrender,4768565,77,ms,firefox,,1813343607,2023-12-17T06:27:55,768.7529418671911,2d19e1f44e562ba1bb3be1f4b8f95b9884d9b07d,1349827
autoland,4768729,12,95f51e857a45cd76f1766c14d6bed804857cd27b,windows10-64-shippable-qr,True,False,,,102210fe594ee9b33d82058545b1ed14f4c8206e,custom.jsdebugger.open.DAMP,damp,True,damp custom.jsdebugger.open.DAMP opt e10s fission stylo webrender,4768565,77,ms,firefox,,1813444601,2023-12-17T14:26:46,762.9410670430516,ab5e2f241728caa5dc020e829b1045df55247758,1349862
autoland,4768729,12,95f51e857a45cd76f1766c14d6bed804857cd27b,windows10-64-shippable-qr,True,False,,,102210fe594ee9b33d82058545b1ed14f4c8206e,custom.jsdebugger.open.DAMP,damp,True,damp custom.jsdebugger.open.DAMP opt e10s fission stylo webrender,4768565,77,ms,firefox,,1813537168,2023-12-18T01:43:16,769.4997660161025,b46057158b0694677a8174089de1cb8929d3116b,1349993
autoland,4768729,12,95f51e857a45cd76f1766c14d6bed804857cd27b,windows10-64-shippable-qr,True,False,,,102210fe594ee9b33d82058545b1ed14f4c8206e,custom.jsdebugger.open.DAMP,damp,True,damp custom.jsdebugger.open.DAMP opt e10s fission stylo webrender,4768565,77,ms,firefox,,1813577953,2023-12-18T05:48:57,764.2193420530384,1d2ed0b2947385e77bd609220eb0e453b44d4cb3,1350028
autoland,4768729,12,95f51e857a45cd76f1766c14d6bed804857cd27b,windows10-64-shippable-qr,True,False,,,102210fe594ee9b33d82058545b1ed14f4c8206e,custom.jsdebugger.open.DAMP,damp,True,damp custom.jsdebugger.open.DAMP opt e10s fission stylo webrender,4768565,77,ms,firefox,,1813694779,2023-12-18T10:08:52,771.1930908801814,1f7904968650806af8d68bbc64a717bac22df318,1350088
autoland,4768729,12,95f51e857a45cd76f1766c14d6bed804857cd27b,windows10-64-shippable-qr,True,False,,,102210fe594ee9b33d82058545b1ed14f4c8206e,custom.jsdebugger.open.DAMP,damp,True,damp custom.jsdebugger.open.DAMP opt e10s fission stylo webrender,4768565,77,ms,firefox,,1813705214,2023-12-18T10:23:12,772.1272082152136,ba2e5b5e061b5024cc487a16c7e553de9e5e8a2d,1350096
autoland,4768729,12,95f51e857a45cd76f1766c14d6bed804857cd27b,windows10-64-shippable-qr,True,False,,,102210fe594ee9b33d82058545b1ed14f4c8206e,custom.jsdebugger.open.DAMP,damp,True,damp custom.jsdebugger.open.DAMP opt e10s fission stylo webrender,4768565,77,ms,firefox,,1813810565,2023-12-18T14:56:17,773.7433580924744,8942476b2dcd0a89abfb3183ea577d611785e77e,1350212
autoland,4768729,12,95f51e857a45cd76f1766c14d6bed804857cd27b,windows10-64-shippable-qr,True,False,,,102210fe594ee9b33d82058545b1ed14f4c8206e,custom.jsdebugger.open.DAMP,damp,True,damp custom.jsdebugger.open.DAMP opt e10s fission stylo webrender,4768565,77,ms,firefox,,1813855263,2023-12-18T15:53:23,773.1761264436354,e409a860d27d9dbd962eb6568c1700e2aa2716aa,1350255
autoland,4768729,12,95f51e857a45cd76f1766c14d6bed804857cd27b,windows10-64-shippable-qr,True,False,,,102210fe594ee9b33d82058545b1ed14f4c8206e,custom.jsdebugger.open.DAMP,damp,True,damp custom.jsdebugger.open.DAMP opt e10s fission stylo webrender,4768565,77,ms,firefox,,1813923113,2023-12-18T18:13:05,773.4758626339317,c909d207f316bf0512f63f8262872083353a6ef5,1350369
autoland,4768729,12,95f51e857a45cd76f1766c14d6bed804857cd27b,windows10-64-shippable-qr,True,False,,,102210fe594ee9b33d82058545b1ed14f4c8206e,custom.jsdebugger.open.DAMP,damp,True,damp custom.jsdebugger.open.DAMP opt e10s fission stylo webrender,4768565,77,ms,firefox,,1814024673,2023-12-18T20:47:25,772.489084161879,593e78a41c38b062baab03b6280366f86d0d233c,1350523
autoland,4768729,12,95f51e857a45cd76f1766c14d6bed804857cd27b,windows10-64-shippable-qr,True,False,,,102210fe594ee9b33d82058545b1ed14f4c8206e,custom.jsdebugger.open.DAMP,damp,True,damp custom.jsdebugger.open.DAMP opt e10s fission stylo webrender,4768565,77,ms,firefox,,1814123075,2023-12-19T00:56:17,763.8495170303067,4bc62630a431fca569dfb1add5eee214dcdd091c,1350695
autoland,4768729,12,95f51e857a45cd76f1766c14d6bed804857cd27b,windows10-64-shippable-qr,True,False,,,102210fe594ee9b33d82058545b1ed14f4c8206e,custom.jsdebugger.open.DAMP,damp,True,damp custom.jsdebugger.open.DAMP opt e10s fission stylo webrender,4768565,77,ms,firefox,,1814131052,2023-12-19T02:00:57,773.3556519860431,7e32f178b02fef938f803492c4bfd6d897ffcb21,1350710
autoland,4768729,12,95f51e857a45cd76f1766c14d6bed804857cd27b,windows10-64-shippable-qr,True,False,,,102210fe594ee9b33d82058545b1ed14f4c8206e,custom.jsdebugger.open.DAMP,damp,True,damp custom.jsdebugger.open.DAMP opt e10s fission stylo webrender,4768565,77,ms,firefox,,1814208530,2023-12-19T06:19:40,766.6293361714052,05b607c3bbe6ca02e9133ecb969e033fd3d7959e,1350758
autoland,4768729,12,95f51e857a45cd76f1766c14d6bed804857cd27b,windows10-64-shippable-qr,True,False,,,102210fe594ee9b33d82058545b1ed14f4c8206e,custom.jsdebugger.open.DAMP,damp,True,damp custom.jsdebugger.open.DAMP opt e10s fission stylo webrender,4768565,77,ms,firefox,,1814297914,2023-12-19T10:31:52,769.2928525446041,8efb8cc3558006677c6d18fcf41c3445498e257c,1350823
autoland,4768729,12,95f51e857a45cd76f1766c14d6bed804857cd27b,windows10-64-shippable-qr,True,False,,,102210fe594ee9b33d82058545b1ed14f4c8206e,custom.jsdebugger.open.DAMP,damp,True,damp custom.jsdebugger.open.DAMP opt e10s fission stylo webrender,4768565,77,ms,firefox,,1814380507,2023-12-19T10:59:27,769.9393382089547,e382d15d709c00d2fc941c2d6e9344b826246c27,1350835
autoland,4768729,12,95f51e857a45cd76f1766c14d6bed804857cd27b,windows10-64-shippable-qr,True,False,,,102210fe594ee9b33d82058545b1ed14f4c8206e,custom.jsdebugger.open.DAMP,damp,True,damp custom.jsdebugger.open.DAMP opt e10s fission stylo webrender,4768565,77,ms,firefox,,1814548721,2023-12-19T15:05:00,771.6228730236471,58a9c7e82a58e7e951a669f0634901963c5ed696,1350969
autoland,4768729,12,95f51e857a45cd76f1766c14d6bed804857cd27b,windows10-64-shippable-qr,True,False,,,102210fe594ee9b33d82058545b1ed14f4c8206e,custom.jsdebugger.open.DAMP,damp,True,damp custom.jsdebugger.open.DAMP opt e10s fission stylo webrender,4768565,77,ms,firefox,,1814536706,2023-12-19T15:55:04,769.1925923776871,ffd610f5a3bc262042d0839f354a1cf0cc9d5dff,1351025
autoland,4768729,12,95f51e857a45cd76f1766c14d6bed804857cd27b,windows10-64-shippable-qr,True,False,,,102210fe594ee9b33d82058545b1ed14f4c8206e,custom.jsdebugger.open.DAMP,damp,True,damp custom.jsdebugger.open.DAMP opt e10s fission stylo webrender,4768565,77,ms,firefox,,1814673712,2023-12-19T20:21:31,773.9689182131842,b50326daf412a23a363c8ca18b03b1dcede121ff,1351238
autoland,4768729,12,95f51e857a45cd76f1766c14d6bed804857cd27b,windows10-64-shippable-qr,True,False,,,102210fe594ee9b33d82058545b1ed14f4c8206e,custom.jsdebugger.open.DAMP,damp,True,damp custom.jsdebugger.open.DAMP opt e10s fission stylo webrender,4768565,77,ms,firefox,,1814693802,2023-12-19T21:18:40,774.908411592618,31eaa2b1cf1b61e0b8868c53cf6bdbfc14805942,1351276
autoland,4768729,12,95f51e857a45cd76f1766c14d6bed804857cd27b,windows10-64-shippable-qr,True,False,,,102210fe594ee9b33d82058545b1ed14f4c8206e,custom.jsdebugger.open.DAMP,damp,True,damp custom.jsdebugger.open.DAMP opt e10s fission stylo webrender,4768565,77,ms,firefox,,1814855026,2023-12-20T02:06:01,763.6267163102166,9ac6d461916454c17cd8c7dfc7f73401ef3da12a,1351432
autoland,4768729,12,95f51e857a45cd76f1766c14d6bed804857cd27b,windows10-64-shippable-qr,True,False,,,102210fe594ee9b33d82058545b1ed14f4c8206e,custom.jsdebugger.open.DAMP,damp,True,damp custom.jsdebugger.open.DAMP opt e10s fission stylo webrender,4768565,77,ms,firefox,,1814942050,2023-12-20T04:26:18,771.4654549774132,e3bf6261f6fc31e78c716c97399a60f6f575ebcd,1351473
autoland,4768729,12,95f51e857a45cd76f1766c14d6bed804857cd27b,windows10-64-shippable-qr,True,False,,,102210fe594ee9b33d82058545b1ed14f4c8206e,custom.jsdebugger.open.DAMP,damp,True,damp custom.jsdebugger.open.DAMP opt e10s fission stylo webrender,4768565,77,ms,firefox,,1815091898,2023-12-20T09:15:46,766.6845297625478,4d6eabdc6228d414c7043c4fabdddfd95a3afb0e,1351517
autoland,4768729,12,95f51e857a45cd76f1766c14d6bed804857cd27b,windows10-64-shippable-qr,True,False,,,102210fe594ee9b33d82058545b1ed14f4c8206e,custom.jsdebugger.open.DAMP,damp,True,damp custom.jsdebugger.open.DAMP opt e10s fission stylo webrender,4768565,77,ms,firefox,,1815187940,2023-12-20T13:10:00,763.1182191941916,97f2e0f6b821072bc498a3bc7921831eb6d10d38,1351639
autoland,4768729,12,95f51e857a45cd76f1766c14d6bed804857cd27b,windows10-64-shippable-qr,True,False,,,102210fe594ee9b33d82058545b1ed14f4c8206e,custom.jsdebugger.open.DAMP,damp,True,damp custom.jsdebugger.open.DAMP opt e10s fission stylo webrender,4768565,77,ms,firefox,,1815377708,2023-12-20T17:43:19,768.4329418125562,c12f6936509f05b3caad77d4cb4b783a38761897,1351821
autoland,4768729,12,95f51e857a45cd76f1766c14d6bed804857cd27b,windows10-64-shippable-qr,True,False,,,102210fe594ee9b33d82058545b1ed14f4c8206e,custom.jsdebugger.open.DAMP,damp,True,damp custom.jsdebugger.open.DAMP opt e10s fission stylo webrender,4768565,77,ms,firefox,,1815489488,2023-12-20T21:55:32,767.1604626436092,aa4d4fecaf969d49a7ecf2568e3dda25cd2a7f1d,1352017
autoland,4768729,12,95f51e857a45cd76f1766c14d6bed804857cd27b,windows10-64-shippable-qr,True,False,,,102210fe594ee9b33d82058545b1ed14f4c8206e,custom.jsdebugger.open.DAMP,damp,True,damp custom.jsdebugger.open.DAMP opt e10s fission stylo webrender,4768565,77,ms,firefox,,1815511201,2023-12-20T21:58:53,773.1838522164426,dfc7e32798343d88b72708bf68fc966d1e088330,1352020
autoland,4768729,12,95f51e857a45cd76f1766c14d6bed804857cd27b,windows10-64-shippable-qr,True,False,,,102210fe594ee9b33d82058545b1ed14f4c8206e,custom.jsdebugger.open.DAMP,damp,True,damp custom.jsdebugger.open.DAMP opt e10s fission stylo webrender,4768565,77,ms,firefox,,1815598238,2023-12-21T03:06:09,762.0409620549763,37657c7691664026e54babf7d1cf608fe58a92fb,1352135
autoland,4768729,12,95f51e857a45cd76f1766c14d6bed804857cd27b,windows10-64-shippable-qr,True,False,,,102210fe594ee9b33d82058545b1ed14f4c8206e,custom.jsdebugger.open.DAMP,damp,True,damp custom.jsdebugger.open.DAMP opt e10s fission stylo webrender,4768565,77,ms,firefox,,1815675582,2023-12-21T06:56:11,757.4208489990997,2339ef37f5863c45acf6280581ec0994b40f11d5,1352164
autoland,4768729,12,95f51e857a45cd76f1766c14d6bed804857cd27b,windows10-64-shippable-qr,True,False,,,102210fe594ee9b33d82058545b1ed14f4c8206e,custom.jsdebugger.open.DAMP,damp,True,damp custom.jsdebugger.open.DAMP opt e10s fission stylo webrender,4768565,77,ms,firefox,,1815797418,2023-12-21T11:39:11,765.370568217113,5e551f2bacc3d6a8294dcb0273e8299cf7a17e2d,1352265
autoland,4768729,12,95f51e857a45cd76f1766c14d6bed804857cd27b,windows10-64-shippable-qr,True,False,,,102210fe594ee9b33d82058545b1ed14f4c8206e,custom.jsdebugger.open.DAMP,damp,True,damp custom.jsdebugger.open.DAMP opt e10s fission stylo webrender,4768565,77,ms,firefox,,1815824275,2023-12-21T13:05:54,768.2199497762049,8b474eeffbe09d0e5e30675fa595293863b0db34,1352315
autoland,4768729,12,95f51e857a45cd76f1766c14d6bed804857cd27b,windows10-64-shippable-qr,True,False,,,102210fe594ee9b33d82058545b1ed14f4c8206e,custom.jsdebugger.open.DAMP,damp,True,damp custom.jsdebugger.open.DAMP opt e10s fission stylo webrender,4768565,77,ms,firefox,,1816086176,2023-12-21T18:00:27,770.8051306521957,e685307ecb90f0e91ef9f3781b3614b7308384b9,1352454
autoland,4768729,12,95f51e857a45cd76f1766c14d6bed804857cd27b,windows10-64-shippable-qr,True,False,,,102210fe594ee9b33d82058545b1ed14f4c8206e,custom.jsdebugger.open.DAMP,damp,True,damp custom.jsdebugger.open.DAMP opt e10s fission stylo webrender,4768565,77,ms,firefox,,1816072564,2023-12-21T18:17:05,770.0145475943573,14c89fd054c7ac54bac01a4fcb619d5dff3cc6ef,1352468
autoland,4768729,12,95f51e857a45cd76f1766c14d6bed804857cd27b,windows10-64-shippable-qr,True,False,,,102210fe594ee9b33d82058545b1ed14f4c8206e,custom.jsdebugger.open.DAMP,damp,True,damp custom.jsdebugger.open.DAMP opt e10s fission stylo webrender,4768565,77,ms,firefox,,1816167961,2023-12-21T22:08:07,766.5523428921151,e20257bfa3ef6e394b6669c19aa1a165ee73fefa,1352650
autoland,4768729,12,95f51e857a45cd76f1766c14d6bed804857cd27b,windows10-64-shippable-qr,True,False,,,102210fe594ee9b33d82058545b1ed14f4c8206e,custom.jsdebugger.open.DAMP,damp,True,damp custom.jsdebugger.open.DAMP opt e10s fission stylo webrender,4768565,77,ms,firefox,,1816247369,2023-12-22T08:16:59,759.9986688011486,6814c9419790a8ee7c93cac282a82a11d93d16ba,1352807
autoland,4768729,12,95f51e857a45cd76f1766c14d6bed804857cd27b,windows10-64-shippable-qr,True,False,,,102210fe594ee9b33d82058545b1ed14f4c8206e,custom.jsdebugger.open.DAMP,damp,True,damp custom.jsdebugger.open.DAMP opt e10s fission stylo webrender,4768565,77,ms,firefox,,1816367765,2023-12-22T13:33:45,764.2500010240183,3189af86c93aef59c4fc9363b40f92eb4ef0358f,1352859
autoland,4768729,12,95f51e857a45cd76f1766c14d6bed804857cd27b,windows10-64-shippable-qr,True,False,,,102210fe594ee9b33d82058545b1ed14f4c8206e,custom.jsdebugger.open.DAMP,damp,True,damp custom.jsdebugger.open.DAMP opt e10s fission stylo webrender,4768565,77,ms,firefox,,1816377328,2023-12-22T13:41:08,767.4334382592424,8cd1fc9da2b45034679cc880c08d91e84d8e9516,1352862
autoland,4768729,12,95f51e857a45cd76f1766c14d6bed804857cd27b,windows10-64-shippable-qr,True,False,,,102210fe594ee9b33d82058545b1ed14f4c8206e,custom.jsdebugger.open.DAMP,damp,True,damp custom.jsdebugger.open.DAMP opt e10s fission stylo webrender,4768565,77,ms,firefox,,1816493450,2023-12-22T19:27:05,758.0206438223831,ac9f813bbc0f39b5e52be4229972795f2ca6309b,1353028
autoland,4768729,12,95f51e857a45cd76f1766c14d6bed804857cd27b,windows10-64-shippable-qr,True,False,,,102210fe594ee9b33d82058545b1ed14f4c8206e,custom.jsdebugger.open.DAMP,damp,True,damp custom.jsdebugger.open.DAMP opt e10s fission stylo webrender,4768565,77,ms,firefox,,1816590015,2023-12-23T00:08:27,762.309266907032,58581f618255e51b846d0792b6abc3e5c2c67d51,1353154
autoland,4768729,12,95f51e857a45cd76f1766c14d6bed804857cd27b,windows10-64-shippable-qr,True,False,,,102210fe594ee9b33d82058545b1ed14f4c8206e,custom.jsdebugger.open.DAMP,damp,True,damp custom.jsdebugger.open.DAMP opt e10s fission stylo webrender,4768565,77,ms,firefox,,1816645731,2023-12-23T05:47:03,764.0215586317281,8b92fb4e3f41d856629818bd2ecfc25bed23a643,1353193
autoland,4768729,12,95f51e857a45cd76f1766c14d6bed804857cd27b,windows10-64-shippable-qr,True,False,,,102210fe594ee9b33d82058545b1ed14f4c8206e,custom.jsdebugger.open.DAMP,damp,True,damp custom.jsdebugger.open.DAMP opt e10s fission stylo webrender,4768565,77,ms,firefox,,1816688755,2023-12-23T08:44:57,762.2034367493616,6f7de1b98becd7269380a213d3eff367b81efe72,1353213
autoland,4768729,12,95f51e857a45cd76f1766c14d6bed804857cd27b,windows10-64-shippable-qr,True,False,,,102210fe594ee9b33d82058545b1ed14f4c8206e,custom.jsdebugger.open.DAMP,damp,True,damp custom.jsdebugger.open.DAMP opt e10s fission stylo webrender,4768565,77,ms,firefox,,1816776234,2023-12-23T15:53:06,765.9090319515526,e6f85355d2f352d6bc64a11372bc8efc1ced07b8,1353251
autoland,4768729,12,95f51e857a45cd76f1766c14d6bed804857cd27b,windows10-64-shippable-qr,True,False,,,102210fe594ee9b33d82058545b1ed14f4c8206e,custom.jsdebugger.open.DAMP,damp,True,damp custom.jsdebugger.open.DAMP opt e10s fission stylo webrender,4768565,77,ms,firefox,,1816845558,2023-12-24T06:04:04,767.2770398708617,0f896a4a54629904c55cc5e18aa1f6e387c9a697,1353282
autoland,4768729,12,95f51e857a45cd76f1766c14d6bed804857cd27b,windows10-64-shippable-qr,True,False,,,102210fe594ee9b33d82058545b1ed14f4c8206e,custom.jsdebugger.open.DAMP,damp,True,damp custom.jsdebugger.open.DAMP opt e10s fission stylo webrender,4768565,77,ms,firefox,,1816937717,2023-12-24T13:46:59,777.0845301327645,a15215077df33152e936203ec411ea07343a3f36,1353302
autoland,4768729,12,95f51e857a45cd76f1766c14d6bed804857cd27b,windows10-64-shippable-qr,True,False,,,102210fe594ee9b33d82058545b1ed14f4c8206e,custom.jsdebugger.open.DAMP,damp,True,damp custom.jsdebugger.open.DAMP opt e10s fission stylo webrender,4768565,77,ms,firefox,,1816983777,2023-12-24T18:13:48,789.2510811724205,65471d13c8aaa5b3c5aa872ca12360b7f26ad6e0,1353317
autoland,4768729,12,95f51e857a45cd76f1766c14d6bed804857cd27b,windows10-64-shippable-qr,True,False,,,102210fe594ee9b33d82058545b1ed14f4c8206e,custom.jsdebugger.open.DAMP,damp,True,damp custom.jsdebugger.open.DAMP opt e10s fission stylo webrender,4768565,77,ms,firefox,,1817047806,2023-12-25T01:21:58,765.285698145497,29784c387017c900dc842f070d5cd88464dfc494,1353335
autoland,4768729,12,95f51e857a45cd76f1766c14d6bed804857cd27b,windows10-64-shippable-qr,True,False,,,102210fe594ee9b33d82058545b1ed14f4c8206e,custom.jsdebugger.open.DAMP,damp,True,damp custom.jsdebugger.open.DAMP opt e10s fission stylo webrender,4768565,77,ms,firefox,,1817089214,2023-12-25T05:53:22,768.6361014305148,f69f493b2f3cde5ef4b46b9675cfd4708287666e,1353343
autoland,4768729,12,95f51e857a45cd76f1766c14d6bed804857cd27b,windows10-64-shippable-qr,True,False,,,102210fe594ee9b33d82058545b1ed14f4c8206e,custom.jsdebugger.open.DAMP,damp,True,damp custom.jsdebugger.open.DAMP opt e10s fission stylo webrender,4768565,77,ms,firefox,,1817178358,2023-12-25T12:57:04,767.9434027697062,b9600c5aa59e300200656691d1f1997593caafbd,1353372
autoland,4768729,12,95f51e857a45cd76f1766c14d6bed804857cd27b,windows10-64-shippable-qr,True,False,,,102210fe594ee9b33d82058545b1ed14f4c8206e,custom.jsdebugger.open.DAMP,damp,True,damp custom.jsdebugger.open.DAMP opt e10s fission stylo webrender,4768565,77,ms,firefox,,1817200474,2023-12-25T17:10:06,765.6181040129377,fdd85a789550f85e20e7b7128f2b3316cbc76640,1353386
autoland,4768729,12,95f51e857a45cd76f1766c14d6bed804857cd27b,windows10-64-shippable-qr,True,False,,,102210fe594ee9b33d82058545b1ed14f4c8206e,custom.jsdebugger.open.DAMP,damp,True,damp custom.jsdebugger.open.DAMP opt e10s fission stylo webrender,4768565,77,ms,firefox,,1817240211,2023-12-25T21:32:12,767.8046141400555,ba6abbd36b496501cea141e17b61af674a18e279,1353402
autoland,4768729,12,95f51e857a45cd76f1766c14d6bed804857cd27b,windows10-64-shippable-qr,True,False,,,102210fe594ee9b33d82058545b1ed14f4c8206e,custom.jsdebugger.open.DAMP,damp,True,damp custom.jsdebugger.open.DAMP opt e10s fission stylo webrender,4768565,77,ms,firefox,441391340,1817292955,2023-12-26T03:31:03,768.3483326244896,280c0b4dd9140984e6177c89f5858ceac6ae0107,1353431
autoland,4768729,12,95f51e857a45cd76f1766c14d6bed804857cd27b,windows10-64-shippable-qr,True,False,,,102210fe594ee9b33d82058545b1ed14f4c8206e,custom.jsdebugger.open.DAMP,damp,True,damp custom.jsdebugger.open.DAMP opt e10s fission stylo webrender,4768565,77,ms,firefox,441401708,1817383929,2023-12-26T07:50:55,768.4449136647163,7503b1d6a430d23303b6ec356b3388951a1eca83,1353461
autoland,4768729,12,95f51e857a45cd76f1766c14d6bed804857cd27b,windows10-64-shippable-qr,True,False,,,102210fe594ee9b33d82058545b1ed14f4c8206e,custom.jsdebugger.open.DAMP,damp,True,damp custom.jsdebugger.open.DAMP opt e10s fission stylo webrender,4768565,77,ms,firefox,441457020,1817586074,2023-12-26T08:00:20,767.3427229598165,484bd1eca3b5f356612ce3c10a78896e31f60d07,1353466
autoland,4768729,12,95f51e857a45cd76f1766c14d6bed804857cd27b,windows10-64-shippable-qr,True,False,,,102210fe594ee9b33d82058545b1ed14f4c8206e,custom.jsdebugger.open.DAMP,damp,True,damp custom.jsdebugger.open.DAMP opt e10s fission stylo webrender,4768565,77,ms,firefox,441423538,1817462750,2023-12-26T11:52:29,766.4098588006182,807f04c86e5d02f04afa662ade3d505a80a4f660,1353488
autoland,4768729,12,95f51e857a45cd76f1766c14d6bed804857cd27b,windows10-64-shippable-qr,True,False,,,102210fe594ee9b33d82058545b1ed14f4c8206e,custom.jsdebugger.open.DAMP,damp,True,damp custom.jsdebugger.open.DAMP opt e10s fission stylo webrender,4768565,77,ms,firefox,441451987,1817556642,2023-12-27T02:56:18,765.6967333700668,6d9a0abd0a3c26f4337aff723c15795fe91fe884,1353555
autoland,4768729,12,95f51e857a45cd76f1766c14d6bed804857cd27b,windows10-64-shippable-qr,True,False,,,102210fe594ee9b33d82058545b1ed14f4c8206e,custom.jsdebugger.open.DAMP,damp,True,damp custom.jsdebugger.open.DAMP opt e10s fission stylo webrender,4768565,77,ms,firefox,441493290,1817746620,2023-12-27T14:58:54,775.3567783622275,856e86584c4c811f064f93e2b734dd374c787eaf,1353654
autoland,4768729,12,95f51e857a45cd76f1766c14d6bed804857cd27b,windows10-64-shippable-qr,True,False,,,102210fe594ee9b33d82058545b1ed14f4c8206e,custom.jsdebugger.open.DAMP,damp,True,damp custom.jsdebugger.open.DAMP opt e10s fission stylo webrender,4768565,77,ms,firefox,441511294,1817850510,2023-12-27T20:22:55,771.951250731734,97a27d8a860d5bd8ab2962d2f0e5e376287e527c,1353722
autoland,4768729,12,95f51e857a45cd76f1766c14d6bed804857cd27b,windows10-64-shippable-qr,True,False,,,102210fe594ee9b33d82058545b1ed14f4c8206e,custom.jsdebugger.open.DAMP,damp,True,damp custom.jsdebugger.open.DAMP opt e10s fission stylo webrender,4768565,77,ms,firefox,441528406,1817908729,2023-12-28T01:36:38,763.3514399504784,00fe06571a66e6773ca7801e6747493299cf4bda,1353793
autoland,4768729,12,95f51e857a45cd76f1766c14d6bed804857cd27b,windows10-64-shippable-qr,True,False,,,102210fe594ee9b33d82058545b1ed14f4c8206e,custom.jsdebugger.open.DAMP,damp,True,damp custom.jsdebugger.open.DAMP opt e10s fission stylo webrender,4768565,77,ms,firefox,441559001,1818139434,2023-12-28T13:32:35,775.7143247237836,10aa7423789835a7dbd24b0b44ad1ae2ad77b59b,1353834
autoland,4768729,12,95f51e857a45cd76f1766c14d6bed804857cd27b,windows10-64-shippable-qr,True,False,,,102210fe594ee9b33d82058545b1ed14f4c8206e,custom.jsdebugger.open.DAMP,damp,True,damp custom.jsdebugger.open.DAMP opt e10s fission stylo webrender,4768565,77,ms,firefox,441574727,1818193758,2023-12-28T17:48:27,773.978678943764,659e4e8345823ce8331b67df6c3865b76063e2c2,1353939
autoland,4768729,12,95f51e857a45cd76f1766c14d6bed804857cd27b,windows10-64-shippable-qr,True,False,,,102210fe594ee9b33d82058545b1ed14f4c8206e,custom.jsdebugger.open.DAMP,damp,True,damp custom.jsdebugger.open.DAMP opt e10s fission stylo webrender,4768565,77,ms,firefox,441601242,1818270640,2023-12-28T23:04:44,762.9094848699024,0bd8678e10b6f0eb1d7e16cfe010ca8856e2bfcc,1354003
autoland,4768729,12,95f51e857a45cd76f1766c14d6bed804857cd27b,windows10-64-shippable-qr,True,False,,,102210fe594ee9b33d82058545b1ed14f4c8206e,custom.jsdebugger.open.DAMP,damp,True,damp custom.jsdebugger.open.DAMP opt e10s fission stylo webrender,4768565,77,ms,firefox,441617989,1818373579,2023-12-29T05:51:26,769.4497872638176,25b973ec90316da3daa35b031e4a4e089d70443a,1354078
autoland,4768729,12,95f51e857a45cd76f1766c14d6bed804857cd27b,windows10-64-shippable-qr,True,False,,,102210fe594ee9b33d82058545b1ed14f4c8206e,custom.jsdebugger.open.DAMP,damp,True,damp custom.jsdebugger.open.DAMP opt e10s fission stylo webrender,4768565,77,ms,firefox,441663416,1818505980,2023-12-29T14:24:04,766.8401661335083,4d00abb11b573ff386a9f02816ff81f2030e6dfe,1354164
autoland,4768729,12,95f51e857a45cd76f1766c14d6bed804857cd27b,windows10-64-shippable-qr,True,False,,,102210fe594ee9b33d82058545b1ed14f4c8206e,custom.jsdebugger.open.DAMP,damp,True,damp custom.jsdebugger.open.DAMP opt e10s fission stylo webrender,4768565,77,ms,firefox,441670376,1818535585,2023-12-29T16:09:29,762.5045098736009,52b5c5b51719976906d668db1cd59b2b49315565,1354179
autoland,4768729,12,95f51e857a45cd76f1766c14d6bed804857cd27b,windows10-64-shippable-qr,True,False,,,102210fe594ee9b33d82058545b1ed14f4c8206e,custom.jsdebugger.open.DAMP,damp,True,damp custom.jsdebugger.open.DAMP opt e10s fission stylo webrender,4768565,77,ms,firefox,441691528,1818605827,2023-12-29T20:10:09,767.9340953037608,8d822c618985176a1d4ebc4eedcd5a388e798418,1354279
autoland,4768729,12,95f51e857a45cd76f1766c14d6bed804857cd27b,windows10-64-shippable-qr,True,False,,,102210fe594ee9b33d82058545b1ed14f4c8206e,custom.jsdebugger.open.DAMP,damp,True,damp custom.jsdebugger.open.DAMP opt e10s fission stylo webrender,4768565,77,ms,firefox,441708084,1818675658,2023-12-30T03:46:41,769.5084700116568,15c3c77f07b45a04b27a42ab403aadaaed857fff,1354316
autoland,4768729,12,95f51e857a45cd76f1766c14d6bed804857cd27b,windows10-64-shippable-qr,True,False,,,102210fe594ee9b33d82058545b1ed14f4c8206e,custom.jsdebugger.open.DAMP,damp,True,damp custom.jsdebugger.open.DAMP opt e10s fission stylo webrender,4768565,77,ms,firefox,441717828,1818737353,2023-12-30T08:00:00,769.3927190732502,9660032084db64efbe9cbbf4c47a38d0a6c36c9f,1354351
autoland,4768729,12,95f51e857a45cd76f1766c14d6bed804857cd27b,windows10-64-shippable-qr,True,False,,,102210fe594ee9b33d82058545b1ed14f4c8206e,custom.jsdebugger.open.DAMP,damp,True,damp custom.jsdebugger.open.DAMP opt e10s fission stylo webrender,4768565,77,ms,firefox,441744764,1818819421,2023-12-30T12:53:05,764.1758511074404,94ab264a143c3086d948c401c047297f01b76527,1354380
autoland,4768729,12,95f51e857a45cd76f1766c14d6bed804857cd27b,windows10-64-shippable-qr,True,False,,,102210fe594ee9b33d82058545b1ed14f4c8206e,custom.jsdebugger.open.DAMP,damp,True,damp custom.jsdebugger.open.DAMP opt e10s fission stylo webrender,4768565,77,ms,firefox,441760221,1818913180,2023-12-30T17:18:37,766.4235694400559,3e9c9290e422e1f39255953e22e3d8bfe8234425,1354396
autoland,4768729,12,95f51e857a45cd76f1766c14d6bed804857cd27b,windows10-64-shippable-qr,True,False,,,102210fe594ee9b33d82058545b1ed14f4c8206e,custom.jsdebugger.open.DAMP,damp,True,damp custom.jsdebugger.open.DAMP opt e10s fission stylo webrender,4768565,77,ms,firefox,441778188,1818979958,2023-12-31T00:47:53,763.3402293962135,be0bfc7f906523649c68f45d4b25ca752bfc701c,1354421
autoland,4768729,12,95f51e857a45cd76f1766c14d6bed804857cd27b,windows10-64-shippable-qr,True,False,,,102210fe594ee9b33d82058545b1ed14f4c8206e,custom.jsdebugger.open.DAMP,damp,True,damp custom.jsdebugger.open.DAMP opt e10s fission stylo webrender,4768565,77,ms,firefox,441810459,1819132569,2023-12-31T16:29:03,768.7652298692701,30b0d1ecdc26a3e4753bef7807739106282ed827,1354470
autoland,4768729,12,95f51e857a45cd76f1766c14d6bed804857cd27b,windows10-64-shippable-qr,True,False,,,102210fe594ee9b33d82058545b1ed14f4c8206e,custom.jsdebugger.open.DAMP,damp,True,damp custom.jsdebugger.open.DAMP opt e10s fission stylo webrender,4768565,77,ms,firefox,441831899,1819230865,2023-12-31T19:13:37,765.0733576158236,1d9bdb9eb18ed5657dcd20860b5eccf9dd34f740,1354481
autoland,4768729,12,95f51e857a45cd76f1766c14d6bed804857cd27b,windows10-64-shippable-qr,True,False,,,102210fe594ee9b33d82058545b1ed14f4c8206e,custom.jsdebugger.open.DAMP,damp,True,damp custom.jsdebugger.open.DAMP opt e10s fission stylo webrender,4768565,77,ms,firefox,441824019,1819199713,2023-12-31T21:56:05,769.5259300118005,430d1a5b377307a1050c23ae96cab333c5a33be8,1354489
autoland,4768729,12,95f51e857a45cd76f1766c14d6bed804857cd27b,windows10-64-shippable-qr,True,False,,,102210fe594ee9b33d82058545b1ed14f4c8206e,custom.jsdebugger.open.DAMP,damp,True,damp custom.jsdebugger.open.DAMP opt e10s fission stylo webrender,4768565,77,ms,firefox,441853938,1819342874,2024-01-01T15:22:20,767.9899033513939,da3b8f5f832d95192044762406363fda8d55ef19,1354571
autoland,4768729,12,95f51e857a45cd76f1766c14d6bed804857cd27b,windows10-64-shippable-qr,True,False,,,102210fe594ee9b33d82058545b1ed14f4c8206e,custom.jsdebugger.open.DAMP,damp,True,damp custom.jsdebugger.open.DAMP opt e10s fission stylo webrender,4768565,77,ms,firefox,441854683,1819355256,2024-01-01T20:27:36,772.044761095638,42461c8e1289d1829e0902914b12524c1fffa0a1,1354574
autoland,4768729,12,95f51e857a45cd76f1766c14d6bed804857cd27b,windows10-64-shippable-qr,True,False,,,102210fe594ee9b33d82058545b1ed14f4c8206e,custom.jsdebugger.open.DAMP,damp,True,damp custom.jsdebugger.open.DAMP opt e10s fission stylo webrender,4768565,77,ms,firefox,441877508,1819453294,2024-01-02T07:16:40,768.3542519359544,60c369c930dc96abae06a2e0ad6833a3574b803f,1354603
autoland,4768729,12,95f51e857a45cd76f1766c14d6bed804857cd27b,windows10-64-shippable-qr,True,False,,,102210fe594ee9b33d82058545b1ed14f4c8206e,custom.jsdebugger.open.DAMP,damp,True,damp custom.jsdebugger.open.DAMP opt e10s fission stylo webrender,4768565,77,ms,firefox,441907478,1819557693,2024-01-02T11:19:41,763.9885393783297,399d9781e72b3a4a01e67c7f902f80c9df9da386,1354672
autoland,4768729,12,95f51e857a45cd76f1766c14d6bed804857cd27b,windows10-64-shippable-qr,True,False,,,102210fe594ee9b33d82058545b1ed14f4c8206e,custom.jsdebugger.open.DAMP,damp,True,damp custom.jsdebugger.open.DAMP opt e10s fission stylo webrender,4768565,77,ms,firefox,442249626,1820987754,2024-01-02T13:15:00,764.406061125308,395cc57551ec664b965bc4b02cbbbbb68dff6286,1354724
autoland,4768729,12,95f51e857a45cd76f1766c14d6bed804857cd27b,windows10-64-shippable-qr,True,False,,,102210fe594ee9b33d82058545b1ed14f4c8206e,custom.jsdebugger.open.DAMP,damp,True,damp custom.jsdebugger.open.DAMP opt e10s fission stylo webrender,4768565,77,ms,firefox,442249687,1820988824,2024-01-02T13:34:00,772.0178585447429,eab1dc460d564b7d6a246de697b500489de7bbee,1354729
autoland,4768729,12,95f51e857a45cd76f1766c14d6bed804857cd27b,windows10-64-shippable-qr,True,False,,,102210fe594ee9b33d82058545b1ed14f4c8206e,custom.jsdebugger.open.DAMP,damp,True,damp custom.jsdebugger.open.DAMP opt e10s fission stylo webrender,4768565,77,ms,firefox,442249621,1820987201,2024-01-02T14:15:19,761.3509411060804,6f7acb12848e0ad83579e7ff9c7b3c913f5b8268,1354742
autoland,4768729,12,95f51e857a45cd76f1766c14d6bed804857cd27b,windows10-64-shippable-qr,True,False,,,102210fe594ee9b33d82058545b1ed14f4c8206e,custom.jsdebugger.open.DAMP,damp,True,damp custom.jsdebugger.open.DAMP opt e10s fission stylo webrender,4768565,77,ms,firefox,442249584,1820987271,2024-01-02T14:44:59,766.6656881775998,bc25087baba17c78246db06bcab71c299fd8f46f,1354762
autoland,4768729,12,95f51e857a45cd76f1766c14d6bed804857cd27b,windows10-64-shippable-qr,True,False,,,102210fe594ee9b33d82058545b1ed14f4c8206e,custom.jsdebugger.open.DAMP,damp,True,damp custom.jsdebugger.open.DAMP opt e10s fission stylo webrender,4768565,77,ms,firefox,442249636,1820988222,2024-01-02T14:59:25,760.6827964898621,78f88acf0cbc3f4a3ba9829fa6b1b2488f39c013,1354773
autoland,4768729,12,95f51e857a45cd76f1766c14d6bed804857cd27b,windows10-64-shippable-qr,True,False,,,102210fe594ee9b33d82058545b1ed14f4c8206e,custom.jsdebugger.open.DAMP,damp,True,damp custom.jsdebugger.open.DAMP opt e10s fission stylo webrender,4768565,77,ms,firefox,442249641,1820988135,2024-01-02T15:16:10,767.4592089391226,e247bde2e205bab5f7a40a15efb188d3ef0eadcf,1354780
autoland,4768729,12,95f51e857a45cd76f1766c14d6bed804857cd27b,windows10-64-shippable-qr,True,False,,,102210fe594ee9b33d82058545b1ed14f4c8206e,custom.jsdebugger.open.DAMP,damp,True,damp custom.jsdebugger.open.DAMP opt e10s fission stylo webrender,4768565,77,ms,firefox,441938489,1819680201,2024-01-02T15:21:54,764.6601035059866,9f15f6c0236cc27aa82549841609068645c13445,1354784
autoland,4768729,12,95f51e857a45cd76f1766c14d6bed804857cd27b,windows10-64-shippable-qr,True,False,,,102210fe594ee9b33d82058545b1ed14f4c8206e,custom.jsdebugger.open.DAMP,damp,True,damp custom.jsdebugger.open.DAMP opt e10s fission stylo webrender,4768565,77,ms,firefox,442250431,1820992651,2024-01-02T15:34:23,779.0293710456244,852a97b29ff0d925a34f6e2fa50382c0dcfe4e30,1354789
autoland,4768729,12,95f51e857a45cd76f1766c14d6bed804857cd27b,windows10-64-shippable-qr,True,False,,,102210fe594ee9b33d82058545b1ed14f4c8206e,custom.jsdebugger.open.DAMP,damp,True,damp custom.jsdebugger.open.DAMP opt e10s fission stylo webrender,4768565,77,ms,firefox,442250426,1820992059,2024-01-02T15:36:26,768.0218849242374,87a7148b1541b67410633b88f2cd78ab1eaf00d5,1354791
autoland,4768729,12,95f51e857a45cd76f1766c14d6bed804857cd27b,windows10-64-shippable-qr,True,False,,,102210fe594ee9b33d82058545b1ed14f4c8206e,custom.jsdebugger.open.DAMP,damp,True,damp custom.jsdebugger.open.DAMP opt e10s fission stylo webrender,4768565,77,ms,firefox,441931820,1819636316,2024-01-02T15:38:43,760.2717422469286,c44f0d09630a8cf36dac42c4eb31bf2a9395bf90,1354794
autoland,4768729,12,95f51e857a45cd76f1766c14d6bed804857cd27b,windows10-64-shippable-qr,True,False,,,102210fe594ee9b33d82058545b1ed14f4c8206e,custom.jsdebugger.open.DAMP,damp,True,damp custom.jsdebugger.open.DAMP opt e10s fission stylo webrender,4768565,77,ms,firefox,442250248,1820991050,2024-01-02T16:27:50,766.7053852906974,187162df94e3970fc17d5ab3497c5431ae1dbcc0,1354817
autoland,4768729,12,95f51e857a45cd76f1766c14d6bed804857cd27b,windows10-64-shippable-qr,True,False,,,102210fe594ee9b33d82058545b1ed14f4c8206e,custom.jsdebugger.open.DAMP,damp,True,damp custom.jsdebugger.open.DAMP opt e10s fission stylo webrender,4768565,77,ms,firefox,442249624,1820987813,2024-01-02T16:37:41,768.4016558793955,697b731b550cc99bf7c7ddf060e36d4470e59299,1354828
autoland,4768729,12,95f51e857a45cd76f1766c14d6bed804857cd27b,windows10-64-shippable-qr,True,False,,,102210fe594ee9b33d82058545b1ed14f4c8206e,custom.jsdebugger.open.DAMP,damp,True,damp custom.jsdebugger.open.DAMP opt e10s fission stylo webrender,4768565,77,ms,firefox,442249649,1820988452,2024-01-02T16:54:59,764.1719869146536,4c051bde5ad2d5c80b759fae65c5ef8a8d17390b,1354842
autoland,4768729,12,95f51e857a45cd76f1766c14d6bed804857cd27b,windows10-64-shippable-qr,True,False,,,102210fe594ee9b33d82058545b1ed14f4c8206e,custom.jsdebugger.open.DAMP,damp,True,damp custom.jsdebugger.open.DAMP opt e10s fission stylo webrender,4768565,77,ms,firefox,442249659,1820988633,2024-01-02T17:37:39,767.4312751754333,faeeb14cb7c5339d33ee95930408fd672f104f92,1354857
autoland,4768729,12,95f51e857a45cd76f1766c14d6bed804857cd27b,windows10-64-shippable-qr,True,False,,,102210fe594ee9b33d82058545b1ed14f4c8206e,custom.jsdebugger.open.DAMP,damp,True,damp custom.jsdebugger.open.DAMP opt e10s fission stylo webrender,4768565,77,ms,firefox,442249660,1820988688,2024-01-02T17:41:48,766.0158003334827,962ef2c3b48376446425956b02a0aa60432b27dd,1354859
autoland,4768729,12,95f51e857a45cd76f1766c14d6bed804857cd27b,windows10-64-shippable-qr,True,False,,,102210fe594ee9b33d82058545b1ed14f4c8206e,custom.jsdebugger.open.DAMP,damp,True,damp custom.jsdebugger.open.DAMP opt e10s fission stylo webrender,4768565,77,ms,firefox,442249978,1820989703,2024-01-02T18:03:54,761.4430273803882,7641a328a91ce0e32ea06246f7d0e55a6687de02,1354865
autoland,4768729,12,95f51e857a45cd76f1766c14d6bed804857cd27b,windows10-64-shippable-qr,True,False,,,102210fe594ee9b33d82058545b1ed14f4c8206e,custom.jsdebugger.open.DAMP,damp,True,damp custom.jsdebugger.open.DAMP opt e10s fission stylo webrender,4768565,77,ms,firefox,442244189,1820979019,2024-01-02T18:07:55,767.689505609651,516ebd786803907a1175de5295c2450105b0c6f6,1354868
autoland,4768729,12,95f51e857a45cd76f1766c14d6bed804857cd27b,windows10-64-shippable-qr,True,False,,,102210fe594ee9b33d82058545b1ed14f4c8206e,custom.jsdebugger.open.DAMP,damp,True,damp custom.jsdebugger.open.DAMP opt e10s fission stylo webrender,4768565,77,ms,firefox,442242530,1820975254,2024-01-02T19:04:50,770.1607852038287,449e5b2c3e70200e2bd75ebd77c00de4381f811a,1354901
autoland,4768729,12,95f51e857a45cd76f1766c14d6bed804857cd27b,windows10-64-shippable-qr,True,False,,,102210fe594ee9b33d82058545b1ed14f4c8206e,custom.jsdebugger.open.DAMP,damp,True,damp custom.jsdebugger.open.DAMP opt e10s fission stylo webrender,4768565,77,ms,firefox,442242546,1820975184,2024-01-02T19:37:35,767.4962555688471,506b02ad09d390438bd298da24d5704b73f133fa,1354907
autoland,4768729,12,95f51e857a45cd76f1766c14d6bed804857cd27b,windows10-64-shippable-qr,True,False,,,102210fe594ee9b33d82058545b1ed14f4c8206e,custom.jsdebugger.open.DAMP,damp,True,damp custom.jsdebugger.open.DAMP opt e10s fission stylo webrender,4768565,77,ms,firefox,441958481,1819782502,2024-01-02T20:40:29,762.2500371200003,cc67c788cded515a24f96c72c8a12b87a2cd1b3a,1354935
autoland,4768729,12,95f51e857a45cd76f1766c14d6bed804857cd27b,windows10-64-shippable-qr,True,False,,,102210fe594ee9b33d82058545b1ed14f4c8206e,custom.jsdebugger.open.DAMP,damp,True,damp custom.jsdebugger.open.DAMP opt e10s fission stylo webrender,4768565,77,ms,firefox,442242579,1820976215,2024-01-02T20:52:57,763.9911089326415,3eb2ec6dfde5fff064bdcd427b4f135d79e1206a,1354940
autoland,4768729,12,95f51e857a45cd76f1766c14d6bed804857cd27b,windows10-64-shippable-qr,True,False,,,102210fe594ee9b33d82058545b1ed14f4c8206e,custom.jsdebugger.open.DAMP,damp,True,damp custom.jsdebugger.open.DAMP opt e10s fission stylo webrender,4768565,77,ms,firefox,442242587,1820976337,2024-01-02T21:13:28,774.6206335352472,ac7e380f958137715450b519330707f0b1709df3,1354943
autoland,4768729,12,95f51e857a45cd76f1766c14d6bed804857cd27b,windows10-64-shippable-qr,True,False,,,102210fe594ee9b33d82058545b1ed14f4c8206e,custom.jsdebugger.open.DAMP,damp,True,damp custom.jsdebugger.open.DAMP opt e10s fission stylo webrender,4768565,77,ms,firefox,442242588,1820976276,2024-01-02T21:31:27,767.5871296743426,b868288eb222e9d9bc797179a24d7c04862a7a55,1354949
autoland,4768729,12,95f51e857a45cd76f1766c14d6bed804857cd27b,windows10-64-shippable-qr,True,False,,,102210fe594ee9b33d82058545b1ed14f4c8206e,custom.jsdebugger.open.DAMP,damp,True,damp custom.jsdebugger.open.DAMP opt e10s fission stylo webrender,4768565,77,ms,firefox,442242592,1820976524,2024-01-02T22:08:32,770.1543508015893,bb5e7eeba83213c0d306997e6a269eb47a4d9469,1354965
autoland,4768729,12,95f51e857a45cd76f1766c14d6bed804857cd27b,windows10-64-shippable-qr,True,False,,,102210fe594ee9b33d82058545b1ed14f4c8206e,custom.jsdebugger.open.DAMP,damp,True,damp custom.jsdebugger.open.DAMP opt e10s fission stylo webrender,4768565,77,ms,firefox,442242603,1820976856,2024-01-02T22:59:28,765.5048721845378,32e97f5ff9bbb036ce2bae171834d7de20d37d24,1354976
autoland,4768729,12,95f51e857a45cd76f1766c14d6bed804857cd27b,windows10-64-shippable-qr,True,False,,,102210fe594ee9b33d82058545b1ed14f4c8206e,custom.jsdebugger.open.DAMP,damp,True,damp custom.jsdebugger.open.DAMP opt e10s fission stylo webrender,4768565,77,ms,firefox,442242563,1820976077,2024-01-03T07:04:32,765.9688560586828,caedbf8b1b5b9738d0cce0608b2d39104e8e7c0d,1355051
autoland,4768729,12,95f51e857a45cd76f1766c14d6bed804857cd27b,windows10-64-shippable-qr,True,False,,,102210fe594ee9b33d82058545b1ed14f4c8206e,custom.jsdebugger.open.DAMP,damp,True,damp custom.jsdebugger.open.DAMP opt e10s fission stylo webrender,4768565,77,ms,firefox,441995524,1819932152,2024-01-03T08:18:49,767.4868688909628,655286516798565db497786ca92d9a8f7f7744bf,1355061
autoland,4768729,12,95f51e857a45cd76f1766c14d6bed804857cd27b,windows10-64-shippable-qr,True,False,,,102210fe594ee9b33d82058545b1ed14f4c8206e,custom.jsdebugger.open.DAMP,damp,True,damp custom.jsdebugger.open.DAMP opt e10s fission stylo webrender,4768565,77,ms,firefox,442242589,1820976413,2024-01-03T08:38:49,766.1542000903282,fcc5af3762fa4f53e6ba913a73e475e624a8746a,1355068
autoland,4768729,12,95f51e857a45cd76f1766c14d6bed804857cd27b,windows10-64-shippable-qr,True,False,,,102210fe594ee9b33d82058545b1ed14f4c8206e,custom.jsdebugger.open.DAMP,damp,True,damp custom.jsdebugger.open.DAMP opt e10s fission stylo webrender,4768565,77,ms,firefox,442242602,1820976591,2024-01-03T09:35:40,766.9582557086396,1cf071f9cbfe89084664e84475318e39d0e8f69b,1355079
autoland,4768729,12,95f51e857a45cd76f1766c14d6bed804857cd27b,windows10-64-shippable-qr,True,False,,,102210fe594ee9b33d82058545b1ed14f4c8206e,custom.jsdebugger.open.DAMP,damp,True,damp custom.jsdebugger.open.DAMP opt e10s fission stylo webrender,4768565,77,ms,firefox,442242606,1820977020,2024-01-03T10:16:42,767.1419394433251,114b1b228dac7cc85ea3663ae41699ce2cac537e,1355090
autoland,4768729,12,95f51e857a45cd76f1766c14d6bed804857cd27b,windows10-64-shippable-qr,True,False,,,102210fe594ee9b33d82058545b1ed14f4c8206e,custom.jsdebugger.open.DAMP,damp,True,damp custom.jsdebugger.open.DAMP opt e10s fission stylo webrender,4768565,77,ms,firefox,442242607,1820977166,2024-01-03T10:29:15,782.2341051550902,48c2eb88aa23c25bcb45f40779abce7269c72ec9,1355092
autoland,4768729,12,95f51e857a45cd76f1766c14d6bed804857cd27b,windows10-64-shippable-qr,True,False,,,102210fe594ee9b33d82058545b1ed14f4c8206e,custom.jsdebugger.open.DAMP,damp,True,damp custom.jsdebugger.open.DAMP opt e10s fission stylo webrender,4768565,77,ms,firefox,442242608,1820977453,2024-01-03T10:56:44,766.6267761709605,d3dae1fb305d1880eac12185af72ec5dbd610879,1355100
autoland,4768729,12,95f51e857a45cd76f1766c14d6bed804857cd27b,windows10-64-shippable-qr,True,False,,,102210fe594ee9b33d82058545b1ed14f4c8206e,custom.jsdebugger.open.DAMP,damp,True,damp custom.jsdebugger.open.DAMP opt e10s fission stylo webrender,4768565,77,ms,firefox,442242609,1820977237,2024-01-03T11:55:26,767.27412674058,036489e17b6cb116028dba6c187b7a9516cfbc46,1355116
autoland,4768729,12,95f51e857a45cd76f1766c14d6bed804857cd27b,windows10-64-shippable-qr,True,False,,,102210fe594ee9b33d82058545b1ed14f4c8206e,custom.jsdebugger.open.DAMP,damp,True,damp custom.jsdebugger.open.DAMP opt e10s fission stylo webrender,4768565,77,ms,firefox,442242610,1820977629,2024-01-03T12:08:39,767.6052756434947,4bbcb0b06eff1f001a8de4b0827e5e60473a49b2,1355121
autoland,4768729,12,95f51e857a45cd76f1766c14d6bed804857cd27b,windows10-64-shippable-qr,True,False,,,102210fe594ee9b33d82058545b1ed14f4c8206e,custom.jsdebugger.open.DAMP,damp,True,damp custom.jsdebugger.open.DAMP opt e10s fission stylo webrender,4768565,77,ms,firefox,442029965,1820005506,2024-01-03T12:27:12,772.0276793884786,9ea90dc23395fc3e2d9d2bd18598cc49434eeff1,1355126
autoland,4768729,12,95f51e857a45cd76f1766c14d6bed804857cd27b,windows10-64-shippable-qr,True,False,,,102210fe594ee9b33d82058545b1ed14f4c8206e,custom.jsdebugger.open.DAMP,damp,True,damp custom.jsdebugger.open.DAMP opt e10s fission stylo webrender,4768565,77,ms,firefox,442053521,1820128787,2024-01-03T16:19:36,773.9582433778705,6aab4af4cab879cc95debd549578bc909a21cff7,1355230
autoland,4768729,12,95f51e857a45cd76f1766c14d6bed804857cd27b,windows10-64-shippable-qr,True,False,,,102210fe594ee9b33d82058545b1ed14f4c8206e,custom.jsdebugger.open.DAMP,damp,True,damp custom.jsdebugger.open.DAMP opt e10s fission stylo webrender,4768565,77,ms,firefox,442075930,1820234339,2024-01-03T20:41:01,781.7838994867307,c5a68fbf81d038a69c4e9be728d50030fd0d6271,1355381
autoland,4768729,12,95f51e857a45cd76f1766c14d6bed804857cd27b,windows10-64-shippable-qr,True,False,,,102210fe594ee9b33d82058545b1ed14f4c8206e,custom.jsdebugger.open.DAMP,damp,True,damp custom.jsdebugger.open.DAMP opt e10s fission stylo webrender,4768565,77,ms,firefox,442076058,1820260048,2024-01-03T20:57:48,769.0052002177836,d071b2f4ff07e1815cfa6650ffafb87c9b7e9fb1,1355389
autoland,4768729,12,95f51e857a45cd76f1766c14d6bed804857cd27b,windows10-64-shippable-qr,True,False,,,102210fe594ee9b33d82058545b1ed14f4c8206e,custom.jsdebugger.open.DAMP,damp,True,damp custom.jsdebugger.open.DAMP opt e10s fission stylo webrender,4768565,77,ms,firefox,442097832,1820320547,2024-01-04T01:41:43,767.8650666761387,99d5c9d12fe8a000d9b092346826d2101720ee5f,1355473
autoland,4768729,12,95f51e857a45cd76f1766c14d6bed804857cd27b,windows10-64-shippable-qr,True,False,,,102210fe594ee9b33d82058545b1ed14f4c8206e,custom.jsdebugger.open.DAMP,damp,True,damp custom.jsdebugger.open.DAMP opt e10s fission stylo webrender,4768565,77,ms,firefox,442108905,1820383343,2024-01-04T05:54:21,776.8006933154393,c285a1e59436529ca8d4acd4acf55d45e4277b1b,1355496
autoland,4768729,12,95f51e857a45cd76f1766c14d6bed804857cd27b,windows10-64-shippable-qr,True,False,,,102210fe594ee9b33d82058545b1ed14f4c8206e,custom.jsdebugger.open.DAMP,damp,True,damp custom.jsdebugger.open.DAMP opt e10s fission stylo webrender,4768565,77,ms,firefox,442141202,1820497190,2024-01-04T11:10:14,763.2670315975702,740351987a4ee46ea2c571e5824e859680bda968,1355581
autoland,4768729,12,95f51e857a45cd76f1766c14d6bed804857cd27b,windows10-64-shippable-qr,True,False,,,102210fe594ee9b33d82058545b1ed14f4c8206e,custom.jsdebugger.open.DAMP,damp,True,damp custom.jsdebugger.open.DAMP opt e10s fission stylo webrender,4768565,77,ms,firefox,442179066,1820705186,2024-01-04T15:17:03,771.73552788097,45533d2448ef281f6e604ca7626c0a6ecce3e188,1355683
autoland,4768729,12,95f51e857a45cd76f1766c14d6bed804857cd27b,windows10-64-shippable-qr,True,False,,,102210fe594ee9b33d82058545b1ed14f4c8206e,custom.jsdebugger.open.DAMP,damp,True,damp custom.jsdebugger.open.DAMP opt e10s fission stylo webrender,4768565,77,ms,firefox,442173781,1820600399,2024-01-04T15:42:51,778.6617746748307,0a133d5fd15504b371307e44739e8f97c80096b9,1355702
autoland,4768729,12,95f51e857a45cd76f1766c14d6bed804857cd27b,windows10-64-shippable-qr,True,False,,,102210fe594ee9b33d82058545b1ed14f4c8206e,custom.jsdebugger.open.DAMP,damp,True,damp custom.jsdebugger.open.DAMP opt e10s fission stylo webrender,4768565,77,ms,firefox,442200461,1820747504,2024-01-04T19:37:18,764.4841968083383,048b65210703dec3aec972f180b52548b2664f7d,1355859
autoland,4768729,12,95f51e857a45cd76f1766c14d6bed804857cd27b,windows10-64-shippable-qr,True,False,,,102210fe594ee9b33d82058545b1ed14f4c8206e,custom.jsdebugger.open.DAMP,damp,True,damp custom.jsdebugger.open.DAMP opt e10s fission stylo webrender,4768565,77,ms,firefox,442238516,1820941075,2024-01-05T00:18:01,772.7309653403063,84d53ee96a81d7e514d24d1fb3160e91d9cee533,1356034
autoland,4768729,12,95f51e857a45cd76f1766c14d6bed804857cd27b,windows10-64-shippable-qr,True,False,,,102210fe594ee9b33d82058545b1ed14f4c8206e,custom.jsdebugger.open.DAMP,damp,True,damp custom.jsdebugger.open.DAMP opt e10s fission stylo webrender,4768565,77,ms,firefox,442239085,1820965364,2024-01-05T00:22:57,775.2545835970377,fab155eb519c68377a585ffdc537174653ab847b,1356036
autoland,4768729,12,95f51e857a45cd76f1766c14d6bed804857cd27b,windows10-64-shippable-qr,True,False,,,102210fe594ee9b33d82058545b1ed14f4c8206e,custom.jsdebugger.open.DAMP,damp,True,damp custom.jsdebugger.open.DAMP opt e10s fission stylo webrender,4768565,77,ms,firefox,442253735,1821043831,2024-01-05T04:43:02,773.3273213145385,376266ac23d50822ae8c18d60d1577f0b89b7c03,1356081
autoland,4768729,12,95f51e857a45cd76f1766c14d6bed804857cd27b,windows10-64-shippable-qr,True,False,,,102210fe594ee9b33d82058545b1ed14f4c8206e,custom.jsdebugger.open.DAMP,damp,True,damp custom.jsdebugger.open.DAMP opt e10s fission stylo webrender,4768565,77,ms,firefox,442267321,1821103270,2024-01-05T08:43:49,766.0352454033273,fa9bfcd5f0dbd19a8aaafddc25f6f73e4bcfd484,1356147
autoland,4768729,12,95f51e857a45cd76f1766c14d6bed804857cd27b,windows10-64-shippable-qr,True,False,,,102210fe594ee9b33d82058545b1ed14f4c8206e,custom.jsdebugger.open.DAMP,damp,True,damp custom.jsdebugger.open.DAMP opt e10s fission stylo webrender,4768565,77,ms,firefox,442305983,1821204836,2024-01-05T12:49:29,768.3924021943676,30bc5759ffcd80a2febc0a054214a3c910d31aea,1356208
autoland,4768729,12,95f51e857a45cd76f1766c14d6bed804857cd27b,windows10-64-shippable-qr,True,False,,,102210fe594ee9b33d82058545b1ed14f4c8206e,custom.jsdebugger.open.DAMP,damp,True,damp custom.jsdebugger.open.DAMP opt e10s fission stylo webrender,4768565,77,ms,firefox,442336707,1821334159,2024-01-05T17:02:32,768.5389511425019,d2e417f0f208016a0a4e369e822a12e20ef4fc5f,1356351
autoland,4768729,12,95f51e857a45cd76f1766c14d6bed804857cd27b,windows10-64-shippable-qr,True,False,,,102210fe594ee9b33d82058545b1ed14f4c8206e,custom.jsdebugger.open.DAMP,damp,True,damp custom.jsdebugger.open.DAMP opt e10s fission stylo webrender,4768565,77,ms,firefox,442359718,1821474881,2024-01-05T19:52:18,766.5537992074314,567f5a81c44108f44c4e694af42be8f209da4c0a,1356444
autoland,4768729,12,95f51e857a45cd76f1766c14d6bed804857cd27b,windows10-64-shippable-qr,True,False,,,102210fe594ee9b33d82058545b1ed14f4c8206e,custom.jsdebugger.open.DAMP,damp,True,damp custom.jsdebugger.open.DAMP opt e10s fission stylo webrender,4768565,77,ms,firefox,442380491,1821503164,2024-01-06T00:04:36,766.2064351628214,2a86438878465bd10e251c52285e2455425bfeb9,1356549
autoland,4768729,12,95f51e857a45cd76f1766c14d6bed804857cd27b,windows10-64-shippable-qr,True,False,,,102210fe594ee9b33d82058545b1ed14f4c8206e,custom.jsdebugger.open.DAMP,damp,True,damp custom.jsdebugger.open.DAMP opt e10s fission stylo webrender,4768565,77,ms,firefox,442381730,1821519186,2024-01-06T00:21:54,769.4014098448824,ce6cf7dcf8b16c2a478f122f8bab575231c99881,1356554
autoland,4768729,12,95f51e857a45cd76f1766c14d6bed804857cd27b,windows10-64-shippable-qr,True,False,,,102210fe594ee9b33d82058545b1ed14f4c8206e,custom.jsdebugger.open.DAMP,damp,True,damp custom.jsdebugger.open.DAMP opt e10s fission stylo webrender,4768565,77,ms,firefox,442418010,1821702416,2024-01-06T12:48:14,771.4290444183134,b54f34f26a3a753076473795a42574f426a960ee,1356631
autoland,4768729,12,95f51e857a45cd76f1766c14d6bed804857cd27b,windows10-64-shippable-qr,True,False,,,102210fe594ee9b33d82058545b1ed14f4c8206e,custom.jsdebugger.open.DAMP,damp,True,damp custom.jsdebugger.open.DAMP opt e10s fission stylo webrender,4768565,77,ms,firefox,442426865,1821746819,2024-01-06T17:09:10,765.8936137459241,d6318b034527ed62918fa4fd893f093c084a6ccb,1356650
autoland,4768729,12,95f51e857a45cd76f1766c14d6bed804857cd27b,windows10-64-shippable-qr,True,False,,,102210fe594ee9b33d82058545b1ed14f4c8206e,custom.jsdebugger.open.DAMP,damp,True,damp custom.jsdebugger.open.DAMP opt e10s fission stylo webrender,4768565,77,ms,firefox,442442128,1821807009,2024-01-06T21:44:09,771.4721109853444,1d9422a3e1d878f2f2c54ef4e836faabebfdfc9a,1356666
autoland,4768729,12,95f51e857a45cd76f1766c14d6bed804857cd27b,windows10-64-shippable-qr,True,False,,,102210fe594ee9b33d82058545b1ed14f4c8206e,custom.jsdebugger.open.DAMP,damp,True,damp custom.jsdebugger.open.DAMP opt e10s fission stylo webrender,4768565,77,ms,firefox,442482311,1822029710,2024-01-07T23:26:49,762.4836885082805,47fc814524de5c30dfd7711cf3eda088303ad905,1356765
autoland,4768729,12,95f51e857a45cd76f1766c14d6bed804857cd27b,windows10-64-shippable-qr,True,False,,,102210fe594ee9b33d82058545b1ed14f4c8206e,custom.jsdebugger.open.DAMP,damp,True,damp custom.jsdebugger.open.DAMP opt e10s fission stylo webrender,4768565,77,ms,firefox,442486782,1822059222,2024-01-08T02:39:55,772.6536844013499,750c44842f26873f40a2d09bc4ee94ecc4c39997,1356771
autoland,4768729,12,95f51e857a45cd76f1766c14d6bed804857cd27b,windows10-64-shippable-qr,True,False,,,102210fe594ee9b33d82058545b1ed14f4c8206e,custom.jsdebugger.open.DAMP,damp,True,damp custom.jsdebugger.open.DAMP opt e10s fission stylo webrender,4768565,77,ms,firefox,442532127,1822207069,2024-01-08T11:59:03,766.6063418227277,f0a524f0a0085554a1bfdfe1320ee1e87caf7a94,1356886
autoland,4768729,12,95f51e857a45cd76f1766c14d6bed804857cd27b,windows10-64-shippable-qr,True,False,,,102210fe594ee9b33d82058545b1ed14f4c8206e,custom.jsdebugger.open.DAMP,damp,True,damp custom.jsdebugger.open.DAMP opt e10s fission stylo webrender,4768565,77,ms,firefox,442564843,1822360139,2024-01-08T15:57:02,762.5328063608249,fa142c3f71b8a5f5e5781fe41471dc1528cecd75,1357053
autoland,4768729,12,95f51e857a45cd76f1766c14d6bed804857cd27b,windows10-64-shippable-qr,True,False,,,102210fe594ee9b33d82058545b1ed14f4c8206e,custom.jsdebugger.open.DAMP,damp,True,damp custom.jsdebugger.open.DAMP opt e10s fission stylo webrender,4768565,77,ms,firefox,442597667,1822476547,2024-01-08T20:04:05,769.7284592323849,41ae953b02271ceda653046c5072bfe0329c7e96,1357175
autoland,4768729,12,95f51e857a45cd76f1766c14d6bed804857cd27b,windows10-64-shippable-qr,True,False,,,102210fe594ee9b33d82058545b1ed14f4c8206e,custom.jsdebugger.open.DAMP,damp,True,damp custom.jsdebugger.open.DAMP opt e10s fission stylo webrender,4768565,77,ms,firefox,442630870,1822624244,2024-01-09T02:28:42,761.0028630995803,ea866029ce2e23f03843038e1fd8ba7ca9ea30bb,1357330
autoland,4768729,12,95f51e857a45cd76f1766c14d6bed804857cd27b,windows10-64-shippable-qr,True,False,,,102210fe594ee9b33d82058545b1ed14f4c8206e,custom.jsdebugger.open.DAMP,damp,True,damp custom.jsdebugger.open.DAMP opt e10s fission stylo webrender,4768565,77,ms,firefox,442688238,1822947724,2024-01-09T11:20:33,760.1830774529371,b29d6ace45f4ca84cd58b15ab4430194755a7056,1357465
autoland,4768729,12,95f51e857a45cd76f1766c14d6bed804857cd27b,windows10-64-shippable-qr,True,False,,,102210fe594ee9b33d82058545b1ed14f4c8206e,custom.jsdebugger.open.DAMP,damp,True,damp custom.jsdebugger.open.DAMP opt e10s fission stylo webrender,4768565,77,ms,firefox,442689530,1822960974,2024-01-09T11:56:06,768.6224608217599,051ee8b6b5420d6e2ef877ed6ff3a70306257659,1357476
autoland,4768729,12,95f51e857a45cd76f1766c14d6bed804857cd27b,windows10-64-shippable-qr,True,False,,,102210fe594ee9b33d82058545b1ed14f4c8206e,custom.jsdebugger.open.DAMP,damp,True,damp custom.jsdebugger.open.DAMP opt e10s fission stylo webrender,4768565,77,ms,firefox,442727364,1823120374,2024-01-09T16:23:43,766.1307169017819,39da72deac75c8026ae23df612934a7fc7c3693a,1357611
autoland,4768729,12,95f51e857a45cd76f1766c14d6bed804857cd27b,windows10-64-shippable-qr,True,False,,,102210fe594ee9b33d82058545b1ed14f4c8206e,custom.jsdebugger.open.DAMP,damp,True,damp custom.jsdebugger.open.DAMP opt e10s fission stylo webrender,4768565,77,ms,firefox,442727752,1823145447,2024-01-09T17:04:21,779.8166765994683,65446098ef641575f65d67f1db14e51401e565de,1357636
autoland,4768729,12,95f51e857a45cd76f1766c14d6bed804857cd27b,windows10-64-shippable-qr,True,False,,,102210fe594ee9b33d82058545b1ed14f4c8206e,custom.jsdebugger.open.DAMP,damp,True,damp custom.jsdebugger.open.DAMP opt e10s fission stylo webrender,4768565,77,ms,firefox,442767476,1823339821,2024-01-09T23:58:45,771.739950376952,33d47d05c368a7b03c3843f70deb11c351eab0e7,1357896
autoland,4768729,12,95f51e857a45cd76f1766c14d6bed804857cd27b,windows10-64-shippable-qr,True,False,,,102210fe594ee9b33d82058545b1ed14f4c8206e,custom.jsdebugger.open.DAMP,damp,True,damp custom.jsdebugger.open.DAMP opt e10s fission stylo webrender,4768565,77,ms,firefox,442794463,1823497538,2024-01-10T06:33:00,758.2044572664345,8d93c10892064c983f5603645b9f6db6494fac24,1357998
autoland,4768729,12,95f51e857a45cd76f1766c14d6bed804857cd27b,windows10-64-shippable-qr,True,False,,,102210fe594ee9b33d82058545b1ed14f4c8206e,custom.jsdebugger.open.DAMP,damp,True,damp custom.jsdebugger.open.DAMP opt e10s fission stylo webrender,4768565,77,ms,firefox,442818632,1823611931,2024-01-10T10:37:21,763.7856258802349,c892e00c62dbbeba07a14640ce9baf3a7c27383d,1358093
autoland,4768729,12,95f51e857a45cd76f1766c14d6bed804857cd27b,windows10-64-shippable-qr,True,False,,,102210fe594ee9b33d82058545b1ed14f4c8206e,custom.jsdebugger.open.DAMP,damp,True,damp custom.jsdebugger.open.DAMP opt e10s fission stylo webrender,4768565,77,ms,firefox,442840111,1823653678,2024-01-10T11:50:05,766.904257138378,645f7ed438fb8172e3e4db34d3d7821251ae066c,1358132
autoland,4768729,12,95f51e857a45cd76f1766c14d6bed804857cd27b,windows10-64-shippable-qr,True,False,,,102210fe594ee9b33d82058545b1ed14f4c8206e,custom.jsdebugger.open.DAMP,damp,True,damp custom.jsdebugger.open.DAMP opt e10s fission stylo webrender,4768565,77,ms,firefox,442860608,1823736974,2024-01-10T15:53:53,766.887987313341,abbd6756776d8ea1ff22b8a5ee76e1417583f893,1358258
autoland,4768729,12,95f51e857a45cd76f1766c14d6bed804857cd27b,windows10-64-shippable-qr,True,False,,,102210fe594ee9b33d82058545b1ed14f4c8206e,custom.jsdebugger.open.DAMP,damp,True,damp custom.jsdebugger.open.DAMP opt e10s fission stylo webrender,4768565,77,ms,firefox,442883860,1823866503,2024-01-10T20:02:55,766.5132031214016,13107fcd50cf2795a397cd8d72ce290a0b34a909,1358406
autoland,4768729,12,95f51e857a45cd76f1766c14d6bed804857cd27b,windows10-64-shippable-qr,True,False,,,102210fe594ee9b33d82058545b1ed14f4c8206e,custom.jsdebugger.open.DAMP,damp,True,damp custom.jsdebugger.open.DAMP opt e10s fission stylo webrender,4768565,77,ms,firefox,442907848,1823965622,2024-01-11T01:22:24,766.7048732900585,1a93f0a64a7f897212da58c5753433922e0953cb,1358548
autoland,4768729,12,95f51e857a45cd76f1766c14d6bed804857cd27b,windows10-64-shippable-qr,True,False,,,102210fe594ee9b33d82058545b1ed14f4c8206e,custom.jsdebugger.open.DAMP,damp,True,damp custom.jsdebugger.open.DAMP opt e10s fission stylo webrender,4768565,77,ms,firefox,442930666,1824066461,2024-01-11T07:34:58,759.340837884165,53b379d2ca1da12d341d8c9f8e59575152c88b27,1358622
autoland,4768729,12,95f51e857a45cd76f1766c14d6bed804857cd27b,windows10-64-shippable-qr,True,False,,,102210fe594ee9b33d82058545b1ed14f4c8206e,custom.jsdebugger.open.DAMP,damp,True,damp custom.jsdebugger.open.DAMP opt e10s fission stylo webrender,4768565,77,ms,firefox,442935986,1824088998,2024-01-11T09:13:52,764.2207073856544,0bd36479d605b1a8748ee37096ff0d54383f0402,1358650
autoland,4768729,12,95f51e857a45cd76f1766c14d6bed804857cd27b,windows10-64-shippable-qr,True,False,,,102210fe594ee9b33d82058545b1ed14f4c8206e,custom.jsdebugger.open.DAMP,damp,True,damp custom.jsdebugger.open.DAMP opt e10s fission stylo webrender,4768565,77,ms,firefox,442973280,1824233212,2024-01-11T13:33:40,762.011688616667,9e9da9a3335070604e4d44a2a97d897ca73a4c16,1358737
autoland,4768729,12,95f51e857a45cd76f1766c14d6bed804857cd27b,windows10-64-shippable-qr,True,False,,,102210fe594ee9b33d82058545b1ed14f4c8206e,custom.jsdebugger.open.DAMP,damp,True,damp custom.jsdebugger.open.DAMP opt e10s fission stylo webrender,4768565,77,ms,firefox,442987036,1824282717,2024-01-11T15:31:24,769.6457511574554,0fbc415c1704aee17dbd065e8d41e057993f1797,1358816
autoland,4768729,12,95f51e857a45cd76f1766c14d6bed804857cd27b,windows10-64-shippable-qr,True,False,,,102210fe594ee9b33d82058545b1ed14f4c8206e,custom.jsdebugger.open.DAMP,damp,True,damp custom.jsdebugger.open.DAMP opt e10s fission stylo webrender,4768565,77,ms,firefox,443028182,1824442566,2024-01-11T19:45:18,767.1263736939,51d3d025e7fa3113193da45b9c1b1d792060a4c3,1358981
autoland,4768729,12,95f51e857a45cd76f1766c14d6bed804857cd27b,windows10-64-shippable-qr,True,False,,,102210fe594ee9b33d82058545b1ed14f4c8206e,custom.jsdebugger.open.DAMP,damp,True,damp custom.jsdebugger.open.DAMP opt e10s fission stylo webrender,4768565,77,ms,firefox,443022372,1824425280,2024-01-11T20:05:09,760.6759698220312,8f1e9e2c902a89cfb9f9ea20307fb3ee8a91a4af,1358995
autoland,4768729,12,95f51e857a45cd76f1766c14d6bed804857cd27b,windows10-64-shippable-qr,True,False,,,102210fe594ee9b33d82058545b1ed14f4c8206e,custom.jsdebugger.open.DAMP,damp,True,damp custom.jsdebugger.open.DAMP opt e10s fission stylo webrender,4768565,77,ms,firefox,443056757,1824597252,2024-01-12T01:35:24,766.1020449262724,1d2ccbe0bb6db4d9628b16914b33c5dc5e9406dc,1359176
autoland,4768729,12,95f51e857a45cd76f1766c14d6bed804857cd27b,windows10-64-shippable-qr,True,False,,,102210fe594ee9b33d82058545b1ed14f4c8206e,custom.jsdebugger.open.DAMP,damp,True,damp custom.jsdebugger.open.DAMP opt e10s fission stylo webrender,4768565,77,ms,firefox,443070706,1824697027,2024-01-12T05:09:20,766.7716378473851,1dc9f987063cf678f5c26e7534eadc8bfd186fa9,1359210
autoland,4768729,12,95f51e857a45cd76f1766c14d6bed804857cd27b,windows10-64-shippable-qr,True,False,,,102210fe594ee9b33d82058545b1ed14f4c8206e,custom.jsdebugger.open.DAMP,damp,True,damp custom.jsdebugger.open.DAMP opt e10s fission stylo webrender,4768565,77,ms,firefox,443100104,1824881600,2024-01-12T09:17:33,766.4011436026194,734e2e027196a9d64120ebf11a01a1b03e494d43,1359269
autoland,4768729,12,95f51e857a45cd76f1766c14d6bed804857cd27b,windows10-64-shippable-qr,True,False,,,102210fe594ee9b33d82058545b1ed14f4c8206e,custom.jsdebugger.open.DAMP,damp,True,damp custom.jsdebugger.open.DAMP opt e10s fission stylo webrender,4768565,77,ms,firefox,443099332,1824867625,2024-01-12T09:50:00,762.6458944746983,04e959fcffc3608cfdc8e3812cac822a94eb7f79,1359287
autoland,4768729,12,95f51e857a45cd76f1766c14d6bed804857cd27b,windows10-64-shippable-qr,True,False,,,102210fe594ee9b33d82058545b1ed14f4c8206e,custom.jsdebugger.open.DAMP,damp,True,damp custom.jsdebugger.open.DAMP opt e10s fission stylo webrender,4768565,77,ms,firefox,443134838,1825063004,2024-01-12T13:58:07,764.7343334853576,ce67ec7f0570e0dbbb4af59d868791341b3ae825,1359382
autoland,4768729,12,95f51e857a45cd76f1766c14d6bed804857cd27b,windows10-64-shippable-qr,True,False,,,102210fe594ee9b33d82058545b1ed14f4c8206e,custom.jsdebugger.open.DAMP,damp,True,damp custom.jsdebugger.open.DAMP opt e10s fission stylo webrender,4768565,77,ms,firefox,443140124,1825108963,2024-01-12T15:59:03,764.6798205267551,ca885660ea6d70595474b1663ce6806f7a86a6ea,1359473
autoland,4768729,12,95f51e857a45cd76f1766c14d6bed804857cd27b,windows10-64-shippable-qr,True,False,,,102210fe594ee9b33d82058545b1ed14f4c8206e,custom.jsdebugger.open.DAMP,damp,True,damp custom.jsdebugger.open.DAMP opt e10s fission stylo webrender,4768565,77,ms,firefox,443164135,1825231416,2024-01-12T19:38:29,768.231530219402,00f949eecc1be917553e235f582aeb7e1e1146fd,1359666
autoland,4768729,12,95f51e857a45cd76f1766c14d6bed804857cd27b,windows10-64-shippable-qr,True,False,,,102210fe594ee9b33d82058545b1ed14f4c8206e,custom.jsdebugger.open.DAMP,damp,True,damp custom.jsdebugger.open.DAMP opt e10s fission stylo webrender,4768565,77,ms,firefox,443184923,1825297614,2024-01-12T23:40:01,760.3736373112915,53d4d65c33f1a556689dd9de738b173142e52749,1359778
autoland,4768729,12,95f51e857a45cd76f1766c14d6bed804857cd27b,windows10-64-shippable-qr,True,False,,,102210fe594ee9b33d82058545b1ed14f4c8206e,custom.jsdebugger.open.DAMP,damp,True,damp custom.jsdebugger.open.DAMP opt e10s fission stylo webrender,4768565,77,ms,firefox,443207813,1825448696,2024-01-13T08:47:40,762.434242234337,1c1cef3dae75411dbe9bc03547274f506cade636,1359844
autoland,4768729,12,95f51e857a45cd76f1766c14d6bed804857cd27b,windows10-64-shippable-qr,True,False,,,102210fe594ee9b33d82058545b1ed14f4c8206e,custom.jsdebugger.open.DAMP,damp,True,damp custom.jsdebugger.open.DAMP opt e10s fission stylo webrender,4768565,77,ms,firefox,443229757,1825527679,2024-01-13T14:38:07,758.8119421549636,9e96d1447f6c77f15bcd1c7fa432cefae4418038,1359886
autoland,4768729,12,95f51e857a45cd76f1766c14d6bed804857cd27b,windows10-64-shippable-qr,True,False,,,102210fe594ee9b33d82058545b1ed14f4c8206e,custom.jsdebugger.open.DAMP,damp,True,damp custom.jsdebugger.open.DAMP opt e10s fission stylo webrender,4768565,77,ms,firefox,443249404,1825614452,2024-01-13T23:22:39,765.1128617703498,05b08c9f9a5822b969513dda16d5f55e322ade4f,1359908
autoland,4768729,12,95f51e857a45cd76f1766c14d6bed804857cd27b,windows10-64-shippable-qr,True,False,,,102210fe594ee9b33d82058545b1ed14f4c8206e,custom.jsdebugger.open.DAMP,damp,True,damp custom.jsdebugger.open.DAMP opt e10s fission stylo webrender,4768565,77,ms,firefox,443275538,1825767145,2024-01-14T13:25:52,757.7935799967745,b24d63d72f77a64fe5d8bce6420b88e7e0c4d9da,1359942
autoland,4768729,12,95f51e857a45cd76f1766c14d6bed804857cd27b,windows10-64-shippable-qr,True,False,,,102210fe594ee9b33d82058545b1ed14f4c8206e,custom.jsdebugger.open.DAMP,damp,True,damp custom.jsdebugger.open.DAMP opt e10s fission stylo webrender,4768565,77,ms,firefox,443302948,1825888009,2024-01-15T06:43:10,760.2674007615133,fed0bf16c40eba956c10bb3214420acaf75ee212,1360023
autoland,4768729,12,95f51e857a45cd76f1766c14d6bed804857cd27b,windows10-64-shippable-qr,True,False,,,102210fe594ee9b33d82058545b1ed14f4c8206e,custom.jsdebugger.open.DAMP,damp,True,damp custom.jsdebugger.open.DAMP opt e10s fission stylo webrender,4768565,77,ms,firefox,443334671,1826012450,2024-01-15T11:02:38,769.2713222218154,43598f45eee98e83ea2f55ce9a36e000770cf985,1360080
autoland,4768729,12,95f51e857a45cd76f1766c14d6bed804857cd27b,windows10-64-shippable-qr,True,False,,,102210fe594ee9b33d82058545b1ed14f4c8206e,custom.jsdebugger.open.DAMP,damp,True,damp custom.jsdebugger.open.DAMP opt e10s fission stylo webrender,4768565,77,ms,firefox,443343684,1826047509,2024-01-15T13:01:22,761.3198292510933,253b1ef032b4e35683449c7af5d9effaa417e813,1360125
autoland,4768729,12,95f51e857a45cd76f1766c14d6bed804857cd27b,windows10-64-shippable-qr,True,False,,,102210fe594ee9b33d82058545b1ed14f4c8206e,custom.jsdebugger.open.DAMP,damp,True,damp custom.jsdebugger.open.DAMP opt e10s fission stylo webrender,4768565,77,ms,firefox,443369555,1826160807,2024-01-15T16:45:21,764.1799985664111,a9ede7f8216422a86a2b25e0696d884c8a069b78,1360291
autoland,4768729,12,95f51e857a45cd76f1766c14d6bed804857cd27b,windows10-64-shippable-qr,True,False,,,102210fe594ee9b33d82058545b1ed14f4c8206e,custom.jsdebugger.open.DAMP,damp,True,damp custom.jsdebugger.open.DAMP opt e10s fission stylo webrender,4768565,77,ms,firefox,443727107,1827758001,2024-01-15T18:23:23,773.6005586944957,36e9f88661911b6950bfc3bbe00cba7bffd4b7c2,1360345
autoland,4768729,12,95f51e857a45cd76f1766c14d6bed804857cd27b,windows10-64-shippable-qr,True,False,,,102210fe594ee9b33d82058545b1ed14f4c8206e,custom.jsdebugger.open.DAMP,damp,True,damp custom.jsdebugger.open.DAMP opt e10s fission stylo webrender,4768565,77,ms,firefox,443727108,1827758142,2024-01-15T18:38:43,766.8899211555108,9fa106ff483eec6f67f8b702256d40a5f3336c07,1360353
autoland,4768729,12,95f51e857a45cd76f1766c14d6bed804857cd27b,windows10-64-shippable-qr,True,False,,,102210fe594ee9b33d82058545b1ed14f4c8206e,custom.jsdebugger.open.DAMP,damp,True,damp custom.jsdebugger.open.DAMP opt e10s fission stylo webrender,4768565,77,ms,firefox,443727110,1827758587,2024-01-15T19:00:09,768.8569567817322,b65b9b0a92a3c479d24de09f007ea31c5a44a962,1360368
autoland,4768729,12,95f51e857a45cd76f1766c14d6bed804857cd27b,windows10-64-shippable-qr,True,False,,,102210fe594ee9b33d82058545b1ed14f4c8206e,custom.jsdebugger.open.DAMP,damp,True,damp custom.jsdebugger.open.DAMP opt e10s fission stylo webrender,4768565,77,ms,firefox,443727109,1827758483,2024-01-15T19:33:15,774.788271258556,d84b730f202a4386446818b369ee299fa8720011,1360382
autoland,4768729,12,95f51e857a45cd76f1766c14d6bed804857cd27b,windows10-64-shippable-qr,True,False,,,102210fe594ee9b33d82058545b1ed14f4c8206e,custom.jsdebugger.open.DAMP,damp,True,damp custom.jsdebugger.open.DAMP opt e10s fission stylo webrender,4768565,77,ms,firefox,443727114,1827758925,2024-01-15T19:38:19,768.1207924259434,f23204fe8592425c9995a3a5e1c2f6b0c688a978,1360385
autoland,4768729,12,95f51e857a45cd76f1766c14d6bed804857cd27b,windows10-64-shippable-qr,True,False,,,102210fe594ee9b33d82058545b1ed14f4c8206e,custom.jsdebugger.open.DAMP,damp,True,damp custom.jsdebugger.open.DAMP opt e10s fission stylo webrender,4768565,77,ms,firefox,443727113,1827758730,2024-01-15T19:42:24,766.237201726326,62effcacb4ba20d21b564a73460f1c195e17606e,1360390
autoland,4768729,12,95f51e857a45cd76f1766c14d6bed804857cd27b,windows10-64-shippable-qr,True,False,,,102210fe594ee9b33d82058545b1ed14f4c8206e,custom.jsdebugger.open.DAMP,damp,True,damp custom.jsdebugger.open.DAMP opt e10s fission stylo webrender,4768565,77,ms,firefox,443727116,1827759090,2024-01-15T19:50:34,771.5120029764003,aab193b6c38a9153726713c48e1bd15e7255d320,1360397
autoland,4768729,12,95f51e857a45cd76f1766c14d6bed804857cd27b,windows10-64-shippable-qr,True,False,,,102210fe594ee9b33d82058545b1ed14f4c8206e,custom.jsdebugger.open.DAMP,damp,True,damp custom.jsdebugger.open.DAMP opt e10s fission stylo webrender,4768565,77,ms,firefox,443727117,1827759201,2024-01-15T19:54:49,767.0290259478061,c7e569a304262d0f68ee001a511e451f3dd4bba6,1360402
autoland,4768729,12,95f51e857a45cd76f1766c14d6bed804857cd27b,windows10-64-shippable-qr,True,False,,,102210fe594ee9b33d82058545b1ed14f4c8206e,custom.jsdebugger.open.DAMP,damp,True,damp custom.jsdebugger.open.DAMP opt e10s fission stylo webrender,4768565,77,ms,firefox,443727119,1827759419,2024-01-15T20:02:03,775.9820595046986,82efe64cc658982ae3b2c5979dcd2f77af534c5d,1360410
autoland,4768729,12,95f51e857a45cd76f1766c14d6bed804857cd27b,windows10-64-shippable-qr,True,False,,,102210fe594ee9b33d82058545b1ed14f4c8206e,custom.jsdebugger.open.DAMP,damp,True,damp custom.jsdebugger.open.DAMP opt e10s fission stylo webrender,4768565,77,ms,firefox,443406747,1826302921,2024-01-15T21:04:35,767.5204783038353,8a68c5a8cac8300a140767d36eaed293e8f2664c,1360446
autoland,4768729,12,95f51e857a45cd76f1766c14d6bed804857cd27b,windows10-64-shippable-qr,True,False,,,102210fe594ee9b33d82058545b1ed14f4c8206e,custom.jsdebugger.open.DAMP,damp,True,damp custom.jsdebugger.open.DAMP opt e10s fission stylo webrender,4768565,77,ms,firefox,443759360,1827930847,2024-01-15T22:27:32,780.2396431839807,317e624e81fc3bffff660e3af24c812d4a5fe528,1360485
autoland,4768729,12,95f51e857a45cd76f1766c14d6bed804857cd27b,windows10-64-shippable-qr,True,False,,,102210fe594ee9b33d82058545b1ed14f4c8206e,custom.jsdebugger.open.DAMP,damp,True,damp custom.jsdebugger.open.DAMP opt e10s fission stylo webrender,4768565,77,ms,firefox,443727055,1827755042,2024-01-15T22:29:26,765.0798532403351,661a07435d8332e5c07ec39b88b21abd46ea5372,1360487
autoland,4768729,12,95f51e857a45cd76f1766c14d6bed804857cd27b,windows10-64-shippable-qr,True,False,,,102210fe594ee9b33d82058545b1ed14f4c8206e,custom.jsdebugger.open.DAMP,damp,True,damp custom.jsdebugger.open.DAMP opt e10s fission stylo webrender,4768565,77,ms,firefox,443727056,1827755428,2024-01-15T22:31:04,761.5946686454836,1273e4d8d5f0c16474550cd05682e2eadbeab0d6,1360489
autoland,4768729,12,95f51e857a45cd76f1766c14d6bed804857cd27b,windows10-64-shippable-qr,True,False,,,102210fe594ee9b33d82058545b1ed14f4c8206e,custom.jsdebugger.open.DAMP,damp,True,damp custom.jsdebugger.open.DAMP opt e10s fission stylo webrender,4768565,77,ms,firefox,443727103,1827757946,2024-01-15T22:56:08,771.2551353520976,58cbfdc760aae5818d0408fce9355868b4df757d,1360498
autoland,4768729,12,95f51e857a45cd76f1766c14d6bed804857cd27b,windows10-64-shippable-qr,True,False,,,102210fe594ee9b33d82058545b1ed14f4c8206e,custom.jsdebugger.open.DAMP,damp,True,damp custom.jsdebugger.open.DAMP opt e10s fission stylo webrender,4768565,77,ms,firefox,443727105,1827758229,2024-01-15T23:44:34,765.4753680255471,974c389fc056494143b96ecc14179caaa418b817,1360518
autoland,4768729,12,95f51e857a45cd76f1766c14d6bed804857cd27b,windows10-64-shippable-qr,True,False,,,102210fe594ee9b33d82058545b1ed14f4c8206e,custom.jsdebugger.open.DAMP,damp,True,damp custom.jsdebugger.open.DAMP opt e10s fission stylo webrender,4768565,77,ms,firefox,443727058,1827756280,2024-01-15T23:53:50,763.7820042393432,4ff0931a06b4cd04193be862b56dec2d77c6b231,1360521
autoland,4768729,12,95f51e857a45cd76f1766c14d6bed804857cd27b,windows10-64-shippable-qr,True,False,,,102210fe594ee9b33d82058545b1ed14f4c8206e,custom.jsdebugger.open.DAMP,damp,True,damp custom.jsdebugger.open.DAMP opt e10s fission stylo webrender,4768565,77,ms,firefox,443727075,1827756839,2024-01-16T00:11:35,765.8686963742948,1fb49a8e88c6a057640d42ded7cef3e9316db575,1360525
autoland,4768729,12,95f51e857a45cd76f1766c14d6bed804857cd27b,windows10-64-shippable-qr,True,False,,,102210fe594ee9b33d82058545b1ed14f4c8206e,custom.jsdebugger.open.DAMP,damp,True,damp custom.jsdebugger.open.DAMP opt e10s fission stylo webrender,4768565,77,ms,firefox,443727094,1827757067,2024-01-16T00:14:17,766.192247709565,4c89dad24c432e4ef7336e047875ba3e75b73520,1360527
autoland,4768729,12,95f51e857a45cd76f1766c14d6bed804857cd27b,windows10-64-shippable-qr,True,False,,,102210fe594ee9b33d82058545b1ed14f4c8206e,custom.jsdebugger.open.DAMP,damp,True,damp custom.jsdebugger.open.DAMP opt e10s fission stylo webrender,4768565,77,ms,firefox,443727095,1827757413,2024-01-16T00:15:01,765.2475592914197,31553d8836d310ded4db1adda49f2f506c912db7,1360528
autoland,4768729,12,95f51e857a45cd76f1766c14d6bed804857cd27b,windows10-64-shippable-qr,True,False,,,102210fe594ee9b33d82058545b1ed14f4c8206e,custom.jsdebugger.open.DAMP,damp,True,damp custom.jsdebugger.open.DAMP opt e10s fission stylo webrender,4768565,77,ms,firefox,443727097,1827757756,2024-01-16T00:15:01,768.3996078755299,31553d8836d310ded4db1adda49f2f506c912db7,1360528
autoland,4768729,12,95f51e857a45cd76f1766c14d6bed804857cd27b,windows10-64-shippable-qr,True,False,,,102210fe594ee9b33d82058545b1ed14f4c8206e,custom.jsdebugger.open.DAMP,damp,True,damp custom.jsdebugger.open.DAMP opt e10s fission stylo webrender,4768565,77,ms,firefox,443727096,1827757658,2024-01-16T00:30:34,766.7877944682186,c4306475b0efecd7a0799795e1065b2803c05db5,1360531
autoland,4768729,12,95f51e857a45cd76f1766c14d6bed804857cd27b,windows10-64-shippable-qr,True,False,,,102210fe594ee9b33d82058545b1ed14f4c8206e,custom.jsdebugger.open.DAMP,damp,True,damp custom.jsdebugger.open.DAMP opt e10s fission stylo webrender,4768565,77,ms,firefox,443424826,1826374213,2024-01-16T02:30:18,763.6725450005615,02d1a62ad90af487d859bc4971a43862dceeda6e,1360561
autoland,4768729,12,95f51e857a45cd76f1766c14d6bed804857cd27b,windows10-64-shippable-qr,True,False,,,102210fe594ee9b33d82058545b1ed14f4c8206e,custom.jsdebugger.open.DAMP,damp,True,damp custom.jsdebugger.open.DAMP opt e10s fission stylo webrender,4768565,77,ms,firefox,443428749,1826399867,2024-01-16T03:41:09,761.8986097851157,70cdba288eb3585a65e68748b4aecfe615cf92e8,1360576
autoland,4768729,12,95f51e857a45cd76f1766c14d6bed804857cd27b,windows10-64-shippable-qr,True,False,,,102210fe594ee9b33d82058545b1ed14f4c8206e,custom.jsdebugger.open.DAMP,damp,True,damp custom.jsdebugger.open.DAMP opt e10s fission stylo webrender,4768565,77,ms,firefox,443727762,1827771137,2024-01-16T04:41:30,765.6984400376023,6ddec14f722f6d4b52176e9dbbf4297d7a741018,1360587
autoland,4768729,12,95f51e857a45cd76f1766c14d6bed804857cd27b,windows10-64-shippable-qr,True,False,,,102210fe594ee9b33d82058545b1ed14f4c8206e,custom.jsdebugger.open.DAMP,damp,True,damp custom.jsdebugger.open.DAMP opt e10s fission stylo webrender,4768565,77,ms,firefox,443727106,1827758330,2024-01-16T04:42:13,770.8135573434602,7a04f6521b76caecba94c2278172736b0825b221,1360588
autoland,4768729,12,95f51e857a45cd76f1766c14d6bed804857cd27b,windows10-64-shippable-qr,True,False,,,102210fe594ee9b33d82058545b1ed14f4c8206e,custom.jsdebugger.open.DAMP,damp,True,damp custom.jsdebugger.open.DAMP opt e10s fission stylo webrender,4768565,77,ms,firefox,443727123,1827759733,2024-01-16T06:10:49,780.7902883922652,8b80895bf4a3bd55d159062a8741c771555285dd,1360600
autoland,4768729,12,95f51e857a45cd76f1766c14d6bed804857cd27b,windows10-64-shippable-qr,True,False,,,102210fe594ee9b33d82058545b1ed14f4c8206e,custom.jsdebugger.open.DAMP,damp,True,damp custom.jsdebugger.open.DAMP opt e10s fission stylo webrender,4768565,77,ms,firefox,443727145,1827760519,2024-01-16T06:53:33,762.3151338982134,244e6e5092d8ec91690845b38264d332b87983c4,1360606
autoland,4768729,12,95f51e857a45cd76f1766c14d6bed804857cd27b,windows10-64-shippable-qr,True,False,,,102210fe594ee9b33d82058545b1ed14f4c8206e,custom.jsdebugger.open.DAMP,damp,True,damp custom.jsdebugger.open.DAMP opt e10s fission stylo webrender,4768565,77,ms,firefox,443727128,1827759600,2024-01-16T07:00:35,761.7295846722191,d72041117125bdafcd92ab78941ef5f89dd0572a,1360608
autoland,4768729,12,95f51e857a45cd76f1766c14d6bed804857cd27b,windows10-64-shippable-qr,True,False,,,102210fe594ee9b33d82058545b1ed14f4c8206e,custom.jsdebugger.open.DAMP,damp,True,damp custom.jsdebugger.open.DAMP opt e10s fission stylo webrender,4768565,77,ms,firefox,443449482,1826560305,2024-01-16T08:02:14,767.1450675173546,f2c924263ffece6d0b30e6a52dfd32792c5bf5ab,1360634
autoland,4768729,12,95f51e857a45cd76f1766c14d6bed804857cd27b,windows10-64-shippable-qr,True,False,,,102210fe594ee9b33d82058545b1ed14f4c8206e,custom.jsdebugger.open.DAMP,damp,True,damp custom.jsdebugger.open.DAMP opt e10s fission stylo webrender,4768565,77,ms,firefox,443486630,1826661417,2024-01-16T12:14:54,767.9970590715093,b7a792b71de6beb8e167d10494fa1c387f55f9c2,1360755
autoland,4768729,12,95f51e857a45cd76f1766c14d6bed804857cd27b,windows10-64-shippable-qr,True,False,,,102210fe594ee9b33d82058545b1ed14f4c8206e,custom.jsdebugger.open.DAMP,damp,True,damp custom.jsdebugger.open.DAMP opt e10s fission stylo webrender,4768565,77,ms,firefox,443506568,1826771086,2024-01-16T16:10:42,762.9598315451876,c57d859580d036c47f9c0140e247b012211f6475,1360921
autoland,4768729,12,95f51e857a45cd76f1766c14d6bed804857cd27b,windows10-64-shippable-qr,True,False,,,102210fe594ee9b33d82058545b1ed14f4c8206e,custom.jsdebugger.open.DAMP,damp,True,damp custom.jsdebugger.open.DAMP opt e10s fission stylo webrender,4768565,77,ms,firefox,443521556,1826836908,2024-01-16T18:47:57,756.9566210225021,70d83d705e48aa6e7e7f765142176e775044db26,1361053
autoland,4768729,12,95f51e857a45cd76f1766c14d6bed804857cd27b,windows10-64-shippable-qr,True,False,,,102210fe594ee9b33d82058545b1ed14f4c8206e,custom.jsdebugger.open.DAMP,damp,True,damp custom.jsdebugger.open.DAMP opt e10s fission stylo webrender,4768565,77,ms,firefox,443540638,1826893757,2024-01-16T21:05:47,755.7861904207675,be11cd2890f611f1552236eed7ffe53fba913a46,1361171
autoland,4768729,12,95f51e857a45cd76f1766c14d6bed804857cd27b,windows10-64-shippable-qr,True,False,,,102210fe594ee9b33d82058545b1ed14f4c8206e,custom.jsdebugger.open.DAMP,damp,True,damp custom.jsdebugger.open.DAMP opt e10s fission stylo webrender,4768565,77,ms,firefox,443556053,1826977224,2024-01-17T00:27:37,774.4076248366327,2425c93f20f61b806df955141332d7cb553c6efb,1361277
autoland,4768729,12,95f51e857a45cd76f1766c14d6bed804857cd27b,windows10-64-shippable-qr,True,False,,,102210fe594ee9b33d82058545b1ed14f4c8206e,custom.jsdebugger.open.DAMP,damp,True,damp custom.jsdebugger.open.DAMP opt e10s fission stylo webrender,4768565,77,ms,firefox,443576481,1827115017,2024-01-17T05:04:36,765.5147920188156,71000174812fc0992b6793e53ac5f11f1b87bdc0,1361364
autoland,4768729,12,95f51e857a45cd76f1766c14d6bed804857cd27b,windows10-64-shippable-qr,True,False,,,102210fe594ee9b33d82058545b1ed14f4c8206e,custom.jsdebugger.open.DAMP,damp,True,damp custom.jsdebugger.open.DAMP opt e10s fission stylo webrender,4768565,77,ms,firefox,443617912,1827272999,2024-01-17T09:39:35,763.3773813148509,504ffc20d2ebb35be48357830d614ec96765c802,1361428
autoland,4768729,12,95f51e857a45cd76f1766c14d6bed804857cd27b,windows10-64-shippable-qr,True,False,,,102210fe594ee9b33d82058545b1ed14f4c8206e,custom.jsdebugger.open.DAMP,damp,True,damp custom.jsdebugger.open.DAMP opt e10s fission stylo webrender,4768565,77,ms,firefox,443628462,1827313070,2024-01-17T11:04:44,764.511683996714,362d9aca9e101b9ee8f7efe2a7c456e245e6313c,1361499
autoland,4768729,12,95f51e857a45cd76f1766c14d6bed804857cd27b,windows10-64-shippable-qr,True,False,,,102210fe594ee9b33d82058545b1ed14f4c8206e,custom.jsdebugger.open.DAMP,damp,True,damp custom.jsdebugger.open.DAMP opt e10s fission stylo webrender,4768565,77,ms,firefox,443678022,1827473682,2024-01-17T15:07:48,760.0304264689075,848e3e2acdf34af9e6862b8a77a8d1ea39c48098,1361632
autoland,4768729,12,95f51e857a45cd76f1766c14d6bed804857cd27b,windows10-64-shippable-qr,True,False,,,102210fe594ee9b33d82058545b1ed14f4c8206e,custom.jsdebugger.open.DAMP,damp,True,damp custom.jsdebugger.open.DAMP opt e10s fission stylo webrender,4768565,77,ms,firefox,443672058,1827441322,2024-01-17T15:18:54,760.4236355543399,a11dab561c63102a4ed97f42068f448ec332c652,1361644
autoland,4768729,12,95f51e857a45cd76f1766c14d6bed804857cd27b,windows10-64-shippable-qr,True,False,,,102210fe594ee9b33d82058545b1ed14f4c8206e,custom.jsdebugger.open.DAMP,damp,True,damp custom.jsdebugger.open.DAMP opt e10s fission stylo webrender,4768565,77,ms,firefox,443715651,1827664527,2024-01-17T23:49:06,763.296880114669,fe239ad8a8aea4198d356ae3ab92415c5237b530,1361957
autoland,4768729,12,95f51e857a45cd76f1766c14d6bed804857cd27b,windows10-64-shippable-qr,True,False,,,102210fe594ee9b33d82058545b1ed14f4c8206e,custom.jsdebugger.open.DAMP,damp,True,damp custom.jsdebugger.open.DAMP opt e10s fission stylo webrender,4768565,77,ms,firefox,443716085,1827695779,2024-01-17T23:52:50,766.1590585755175,79a6322a49b2f811fe674c1802ab75b99d9c95a3,1361961
autoland,4768729,12,95f51e857a45cd76f1766c14d6bed804857cd27b,windows10-64-shippable-qr,True,False,,,102210fe594ee9b33d82058545b1ed14f4c8206e,custom.jsdebugger.open.DAMP,damp,True,damp custom.jsdebugger.open.DAMP opt e10s fission stylo webrender,4768565,77,ms,firefox,443727735,1827770728,2024-01-18T01:49:32,762.3623190038343,c38d482445a0c034ac7b8fc0219092fccdbc58b2,1362034
autoland,4768729,12,95f51e857a45cd76f1766c14d6bed804857cd27b,windows10-64-shippable-qr,True,False,,,102210fe594ee9b33d82058545b1ed14f4c8206e,custom.jsdebugger.open.DAMP,damp,True,damp custom.jsdebugger.open.DAMP opt e10s fission stylo webrender,4768565,77,ms,firefox,443757486,1827920562,2024-01-18T06:50:06,763.6619636582327,a505d6315623943fb581b7f21beece40fc6faf17,1362092
autoland,4768729,12,95f51e857a45cd76f1766c14d6bed804857cd27b,windows10-64-shippable-qr,True,False,,,102210fe594ee9b33d82058545b1ed14f4c8206e,custom.jsdebugger.open.DAMP,damp,True,damp custom.jsdebugger.open.DAMP opt e10s fission stylo webrender,4768565,77,ms,firefox,443789754,1828093718,2024-01-18T10:52:50,765.016797021919,0688ca401470034e41e10f2480620e88cac2700f,1362184
autoland,4768729,12,95f51e857a45cd76f1766c14d6bed804857cd27b,windows10-64-shippable-qr,True,False,,,102210fe594ee9b33d82058545b1ed14f4c8206e,custom.jsdebugger.open.DAMP,damp,True,damp custom.jsdebugger.open.DAMP opt e10s fission stylo webrender,4768565,77,ms,firefox,443801471,1828191104,2024-01-18T13:21:23,762.1891819197144,68ff26df33468fe750b39f175b43b8507718ece4,1362232
autoland,4768729,12,95f51e857a45cd76f1766c14d6bed804857cd27b,windows10-64-shippable-qr,True,False,,,102210fe594ee9b33d82058545b1ed14f4c8206e,custom.jsdebugger.open.DAMP,damp,True,damp custom.jsdebugger.open.DAMP opt e10s fission stylo webrender,4768565,77,ms,firefox,443829849,1828342929,2024-01-18T17:52:02,767.1193319418526,2b70f662a79773d519e78f0b8b64723a20b1e788,1362427
autoland,4768729,12,95f51e857a45cd76f1766c14d6bed804857cd27b,windows10-64-shippable-qr,True,False,,,102210fe594ee9b33d82058545b1ed14f4c8206e,custom.jsdebugger.open.DAMP,damp,True,damp custom.jsdebugger.open.DAMP opt e10s fission stylo webrender,4768565,77,ms,firefox,443872150,1828501458,2024-01-18T23:10:50,764.8436707998771,ef9ad6a28dae5d4efbe723dde5068cfdde493918,1362632
autoland,4768729,12,95f51e857a45cd76f1766c14d6bed804857cd27b,windows10-64-shippable-qr,True,False,,,102210fe594ee9b33d82058545b1ed14f4c8206e,custom.jsdebugger.open.DAMP,damp,True,damp custom.jsdebugger.open.DAMP opt e10s fission stylo webrender,4768565,77,ms,firefox,443876441,1828538646,2024-01-18T23:17:45,769.7008381447058,5624cd2e1525fd15b148c44ce2106fce74d6f297,1362637
autoland,4768729,12,95f51e857a45cd76f1766c14d6bed804857cd27b,windows10-64-shippable-qr,True,False,,,102210fe594ee9b33d82058545b1ed14f4c8206e,custom.jsdebugger.open.DAMP,damp,True,damp custom.jsdebugger.open.DAMP opt e10s fission stylo webrender,4768565,77,ms,firefox,443896619,1828654076,2024-01-19T04:17:47,767.1801570679218,b6393478fdf670fcce10fd4334c2601561eaea5d,1362724
autoland,4768729,12,95f51e857a45cd76f1766c14d6bed804857cd27b,windows10-64-shippable-qr,True,False,,,102210fe594ee9b33d82058545b1ed14f4c8206e,custom.jsdebugger.open.DAMP,damp,True,damp custom.jsdebugger.open.DAMP opt e10s fission stylo webrender,4768565,77,ms,firefox,443935217,1828776620,2024-01-19T10:07:40,765.647240011378,99bf71eaca444aa371e7c84536a1b8aa434ef205,1362807
autoland,4768729,12,95f51e857a45cd76f1766c14d6bed804857cd27b,windows10-64-shippable-qr,True,False,,,102210fe594ee9b33d82058545b1ed14f4c8206e,custom.jsdebugger.open.DAMP,damp,True,damp custom.jsdebugger.open.DAMP opt e10s fission stylo webrender,4768565,77,ms,firefox,443936259,1828808535,2024-01-19T10:28:03,764.987502094933,7459e9088955262e4430e24661d856acc7ca8929,1362814
autoland,4768729,12,95f51e857a45cd76f1766c14d6bed804857cd27b,windows10-64-shippable-qr,True,False,,,102210fe594ee9b33d82058545b1ed14f4c8206e,custom.jsdebugger.open.DAMP,damp,True,damp custom.jsdebugger.open.DAMP opt e10s fission stylo webrender,4768565,77,ms,firefox,443955677,1828898223,2024-01-19T14:55:23,764.286162895175,3aabb457a4630b878d121ef2eb9d2f0448847a6b,1362913
autoland,4768729,12,95f51e857a45cd76f1766c14d6bed804857cd27b,windows10-64-shippable-qr,True,False,,,102210fe594ee9b33d82058545b1ed14f4c8206e,custom.jsdebugger.open.DAMP,damp,True,damp custom.jsdebugger.open.DAMP opt e10s fission stylo webrender,4768565,77,ms,firefox,443979286,1829001917,2024-01-19T19:17:59,762.4640192675579,1ccd394332683308e570afe9039275d8e79be900,1363113
autoland,4768729,12,95f51e857a45cd76f1766c14d6bed804857cd27b,windows10-64-shippable-qr,True,False,,,102210fe594ee9b33d82058545b1ed14f4c8206e,custom.jsdebugger.open.DAMP,damp,True,damp custom.jsdebugger.open.DAMP opt e10s fission stylo webrender,4768565,77,ms,firefox,444005454,1829222429,2024-01-20T00:04:44,767.8797440270209,6d2ef7f226a0360135c1955b8805bd41d9af41e4,1363285
autoland,4768729,12,95f51e857a45cd76f1766c14d6bed804857cd27b,windows10-64-shippable-qr,True,False,,,102210fe594ee9b33d82058545b1ed14f4c8206e,custom.jsdebugger.open.DAMP,damp,True,damp custom.jsdebugger.open.DAMP opt e10s fission stylo webrender,4768565,77,ms,firefox,444012849,1829308796,2024-01-20T04:18:19,766.2117945665022,5471899cc9d0a7dfda174e9d7cfc986c2820eff8,1363367
autoland,4768729,12,95f51e857a45cd76f1766c14d6bed804857cd27b,windows10-64-shippable-qr,True,False,,,102210fe594ee9b33d82058545b1ed14f4c8206e,custom.jsdebugger.open.DAMP,damp,True,damp custom.jsdebugger.open.DAMP opt e10s fission stylo webrender,4768565,77,ms,firefox,444041171,1829491070,2024-01-21T00:59:25,763.688829663748,4f4fa003a90f9d818ecfa36474300a11af18be25,1363463
autoland,4768729,12,95f51e857a45cd76f1766c14d6bed804857cd27b,windows10-64-shippable-qr,True,False,,,102210fe594ee9b33d82058545b1ed14f4c8206e,custom.jsdebugger.open.DAMP,damp,True,damp custom.jsdebugger.open.DAMP opt e10s fission stylo webrender,4768565,77,ms,firefox,444068710,1829589822,2024-01-21T14:36:57,767.6000883370825,0361c1f29babcfb2f10e1646dffe72cd452a3df4,1363517
autoland,4768729,12,95f51e857a45cd76f1766c14d6bed804857cd27b,windows10-64-shippable-qr,True,False,,,102210fe594ee9b33d82058545b1ed14f4c8206e,custom.jsdebugger.open.DAMP,damp,True,damp custom.jsdebugger.open.DAMP opt e10s fission stylo webrender,4768565,77,ms,firefox,444097928,1829709687,2024-01-22T07:43:27,782.4965602127459,6b4a069fe37d2413229dda3b61ccaf7b8f3a5f5d,1363663
autoland,4768729,12,95f51e857a45cd76f1766c14d6bed804857cd27b,windows10-64-shippable-qr,True,False,,,102210fe594ee9b33d82058545b1ed14f4c8206e,custom.jsdebugger.open.DAMP,damp,True,damp custom.jsdebugger.open.DAMP opt e10s fission stylo webrender,4768565,77,ms,firefox,444125999,1829856564,2024-01-22T10:58:56,767.4275443076467,095c9da9e10fc012c2e6a7d929fdcc7c03d09373,1363731
autoland,4768729,12,95f51e857a45cd76f1766c14d6bed804857cd27b,windows10-64-shippable-qr,True,False,,,102210fe594ee9b33d82058545b1ed14f4c8206e,custom.jsdebugger.open.DAMP,damp,True,damp custom.jsdebugger.open.DAMP opt e10s fission stylo webrender,4768565,77,ms,firefox,444467487,1831390041,2024-01-22T13:33:02,764.6030005232606,44ed20f894fbc314cf7abdedbcb46bb2eefd4c5a,1363827
autoland,4768729,12,95f51e857a45cd76f1766c14d6bed804857cd27b,windows10-64-shippable-qr,True,False,,,102210fe594ee9b33d82058545b1ed14f4c8206e,custom.jsdebugger.open.DAMP,damp,True,damp custom.jsdebugger.open.DAMP opt e10s fission stylo webrender,4768565,77,ms,firefox,444467594,1831391000,2024-01-22T13:37:03,764.2176256813545,e2f90fb83fb881974e5a8f59593a3d2f7b2fe3cd,1363830
autoland,4768729,12,95f51e857a45cd76f1766c14d6bed804857cd27b,windows10-64-shippable-qr,True,False,,,102210fe594ee9b33d82058545b1ed14f4c8206e,custom.jsdebugger.open.DAMP,damp,True,damp custom.jsdebugger.open.DAMP opt e10s fission stylo webrender,4768565,77,ms,firefox,444467591,1831390680,2024-01-22T13:42:29,765.4878266900687,728afac2d3ac7c49b5ddeb91690375ca297be7da,1363837
autoland,4768729,12,95f51e857a45cd76f1766c14d6bed804857cd27b,windows10-64-shippable-qr,True,False,,,102210fe594ee9b33d82058545b1ed14f4c8206e,custom.jsdebugger.open.DAMP,damp,True,damp custom.jsdebugger.open.DAMP opt e10s fission stylo webrender,4768565,77,ms,firefox,444162858,1829968834,2024-01-22T15:24:53,765.2431916741989,58cedc1e4ff28881f9ebd1749feaa24edbded9ce,1363894
autoland,4768729,12,95f51e857a45cd76f1766c14d6bed804857cd27b,windows10-64-shippable-qr,True,False,,,102210fe594ee9b33d82058545b1ed14f4c8206e,custom.jsdebugger.open.DAMP,damp,True,damp custom.jsdebugger.open.DAMP opt e10s fission stylo webrender,4768565,77,ms,firefox,444467603,1831391436,2024-01-22T15:46:26,767.3523478593315,8c5016fab4848251295ef7241f0f1f00e080781c,1363911
autoland,4768729,12,95f51e857a45cd76f1766c14d6bed804857cd27b,windows10-64-shippable-qr,True,False,,,102210fe594ee9b33d82058545b1ed14f4c8206e,custom.jsdebugger.open.DAMP,damp,True,damp custom.jsdebugger.open.DAMP opt e10s fission stylo webrender,4768565,77,ms,firefox,444467612,1831391298,2024-01-22T15:51:50,763.226152409421,89d1266bd4fd05a012d4428d640c256816098c5d,1363913
autoland,4768729,12,95f51e857a45cd76f1766c14d6bed804857cd27b,windows10-64-shippable-qr,True,False,,,102210fe594ee9b33d82058545b1ed14f4c8206e,custom.jsdebugger.open.DAMP,damp,True,damp custom.jsdebugger.open.DAMP opt e10s fission stylo webrender,4768565,77,ms,firefox,444467618,1831391803,2024-01-22T15:52:32,763.3727459219226,3cb5e9723b0ce918d57d765f0dbc568e12330084,1363915
autoland,4768729,12,95f51e857a45cd76f1766c14d6bed804857cd27b,windows10-64-shippable-qr,True,False,,,102210fe594ee9b33d82058545b1ed14f4c8206e,custom.jsdebugger.open.DAMP,damp,True,damp custom.jsdebugger.open.DAMP opt e10s fission stylo webrender,4768565,77,ms,firefox,444467609,1831391155,2024-01-22T15:53:15,764.6000288085197,3f725072dd6df0aaef9f9d75141b9d0ae2341e70,1363917
autoland,4768729,12,95f51e857a45cd76f1766c14d6bed804857cd27b,windows10-64-shippable-qr,True,False,,,102210fe594ee9b33d82058545b1ed14f4c8206e,custom.jsdebugger.open.DAMP,damp,True,damp custom.jsdebugger.open.DAMP opt e10s fission stylo webrender,4768565,77,ms,firefox,444467615,1831391669,2024-01-22T15:53:59,762.6658797780838,43c823eef65dd64cf0a89a27da7e6316341ce11c,1363919
autoland,4768729,12,95f51e857a45cd76f1766c14d6bed804857cd27b,windows10-64-shippable-qr,True,False,,,102210fe594ee9b33d82058545b1ed14f4c8206e,custom.jsdebugger.open.DAMP,damp,True,damp custom.jsdebugger.open.DAMP opt e10s fission stylo webrender,4768565,77,ms,firefox,444170119,1830035176,2024-01-22T15:55:20,762.0679273929272,82dfbdd770bc54674f82bae256dae683772884af,1363920
autoland,4768729,12,95f51e857a45cd76f1766c14d6bed804857cd27b,windows10-64-shippable-qr,True,False,,,102210fe594ee9b33d82058545b1ed14f4c8206e,custom.jsdebugger.open.DAMP,damp,True,damp custom.jsdebugger.open.DAMP opt e10s fission stylo webrender,4768565,77,ms,firefox,444467406,1831388678,2024-01-22T18:31:56,771.476860334631,07d3face1a123106c2b6798dbf90bf8a600d19e7,1364055
autoland,4768729,12,95f51e857a45cd76f1766c14d6bed804857cd27b,windows10-64-shippable-qr,True,False,,,102210fe594ee9b33d82058545b1ed14f4c8206e,custom.jsdebugger.open.DAMP,damp,True,damp custom.jsdebugger.open.DAMP opt e10s fission stylo webrender,4768565,77,ms,firefox,444467409,1831388819,2024-01-22T18:32:44,764.2954691064369,8cb64cf70bce8384245650ea87f8e8caa24391a0,1364056
autoland,4768729,12,95f51e857a45cd76f1766c14d6bed804857cd27b,windows10-64-shippable-qr,True,False,,,102210fe594ee9b33d82058545b1ed14f4c8206e,custom.jsdebugger.open.DAMP,damp,True,damp custom.jsdebugger.open.DAMP opt e10s fission stylo webrender,4768565,77,ms,firefox,444467405,1831388497,2024-01-22T18:33:27,763.2692683816131,d63609455f759d63a69696505bf999d21e0b79ca,1364057
autoland,4768729,12,95f51e857a45cd76f1766c14d6bed804857cd27b,windows10-64-shippable-qr,True,False,,,102210fe594ee9b33d82058545b1ed14f4c8206e,custom.jsdebugger.open.DAMP,damp,True,damp custom.jsdebugger.open.DAMP opt e10s fission stylo webrender,4768565,77,ms,firefox,444467416,1831389021,2024-01-22T18:34:11,764.0381842708157,278693c1ad8192d883e523a24f36f112e22da417,1364059
autoland,4768729,12,95f51e857a45cd76f1766c14d6bed804857cd27b,windows10-64-shippable-qr,True,False,,,102210fe594ee9b33d82058545b1ed14f4c8206e,custom.jsdebugger.open.DAMP,damp,True,damp custom.jsdebugger.open.DAMP opt e10s fission stylo webrender,4768565,77,ms,firefox,444467415,1831388966,2024-01-22T18:34:56,770.8243875631742,e3d25ff1f14d101256e4b59886aed567dc83e1b6,1364061
autoland,4768729,12,95f51e857a45cd76f1766c14d6bed804857cd27b,windows10-64-shippable-qr,True,False,,,102210fe594ee9b33d82058545b1ed14f4c8206e,custom.jsdebugger.open.DAMP,damp,True,damp custom.jsdebugger.open.DAMP opt e10s fission stylo webrender,4768565,77,ms,firefox,444467404,1831388296,2024-01-22T18:35:40,770.275999143938,46929761dbd972c7ea9ac52a2ff274fe1f413e9c,1364063
autoland,4768729,12,95f51e857a45cd76f1766c14d6bed804857cd27b,windows10-64-shippable-qr,True,False,,,102210fe594ee9b33d82058545b1ed14f4c8206e,custom.jsdebugger.open.DAMP,damp,True,damp custom.jsdebugger.open.DAMP opt e10s fission stylo webrender,4768565,77,ms,firefox,444467410,1831388905,2024-01-22T18:36:51,769.9632315545005,bb96b326fd83452b72d81198a19c03ebbbfa7534,1364065
autoland,4768729,12,95f51e857a45cd76f1766c14d6bed804857cd27b,windows10-64-shippable-qr,True,False,,,102210fe594ee9b33d82058545b1ed14f4c8206e,custom.jsdebugger.open.DAMP,damp,True,damp custom.jsdebugger.open.DAMP opt e10s fission stylo webrender,4768565,77,ms,firefox,444467483,1831389102,2024-01-22T18:37:43,766.1524934233312,a3d6b7811061ffa872b3836d60165130cf40457c,1364066
autoland,4768729,12,95f51e857a45cd76f1766c14d6bed804857cd27b,windows10-64-shippable-qr,True,False,,,102210fe594ee9b33d82058545b1ed14f4c8206e,custom.jsdebugger.open.DAMP,damp,True,damp custom.jsdebugger.open.DAMP opt e10s fission stylo webrender,4768565,77,ms,firefox,444467588,1831389160,2024-01-22T18:38:24,765.2708188479955,6a058f549e8c0b81791a0112f0b47d6d784baf09,1364067
autoland,4768729,12,95f51e857a45cd76f1766c14d6bed804857cd27b,windows10-64-shippable-qr,True,False,,,102210fe594ee9b33d82058545b1ed14f4c8206e,custom.jsdebugger.open.DAMP,damp,True,damp custom.jsdebugger.open.DAMP opt e10s fission stylo webrender,4768565,77,ms,firefox,444198777,1830113464,2024-01-22T18:55:34,765.6417679971273,ef71d190cd57de7a178f312b29fc104e6e3e98d4,1364078
autoland,4768729,12,95f51e857a45cd76f1766c14d6bed804857cd27b,windows10-64-shippable-qr,True,False,,,102210fe594ee9b33d82058545b1ed14f4c8206e,custom.jsdebugger.open.DAMP,damp,True,damp custom.jsdebugger.open.DAMP opt e10s fission stylo webrender,4768565,77,ms,firefox,444473309,1831446456,2024-01-22T21:15:46,770.7782151769788,3fe8b7d8b3f7f163eafd11115c59e2f18f20cbfc,1364190
autoland,4768729,12,95f51e857a45cd76f1766c14d6bed804857cd27b,windows10-64-shippable-qr,True,False,,,102210fe594ee9b33d82058545b1ed14f4c8206e,custom.jsdebugger.open.DAMP,damp,True,damp custom.jsdebugger.open.DAMP opt e10s fission stylo webrender,4768565,77,ms,firefox,444474138,1831452817,2024-01-22T21:38:35,770.6298558958151,b503ca4566e0d3dca71d694d5ca65ee980a99ebf,1364213
autoland,4768729,12,95f51e857a45cd76f1766c14d6bed804857cd27b,windows10-64-shippable-qr,True,False,,,102210fe594ee9b33d82058545b1ed14f4c8206e,custom.jsdebugger.open.DAMP,damp,True,damp custom.jsdebugger.open.DAMP opt e10s fission stylo webrender,4768565,77,ms,firefox,444474211,1831454071,2024-01-22T21:58:14,769.2799343002553,a19aa74a757354ad59da48c549bbd2e1e0e8991d,1364233
autoland,4768729,12,95f51e857a45cd76f1766c14d6bed804857cd27b,windows10-64-shippable-qr,True,False,,,102210fe594ee9b33d82058545b1ed14f4c8206e,custom.jsdebugger.open.DAMP,damp,True,damp custom.jsdebugger.open.DAMP opt e10s fission stylo webrender,4768565,77,ms,firefox,444486110,1831510480,2024-01-22T21:59:05,767.4575578107178,820b9e6de15beb7dd989cc4bc1d052af808080a8,1364236
autoland,4768729,12,95f51e857a45cd76f1766c14d6bed804857cd27b,windows10-64-shippable-qr,True,False,,,102210fe594ee9b33d82058545b1ed14f4c8206e,custom.jsdebugger.open.DAMP,damp,True,damp custom.jsdebugger.open.DAMP opt e10s fission stylo webrender,4768565,77,ms,firefox,444475163,1831455960,2024-01-22T21:59:48,772.0771877678453,9e42a6cc01772c610bf5117d0fb3a3ae962cda69,1364238
autoland,4768729,12,95f51e857a45cd76f1766c14d6bed804857cd27b,windows10-64-shippable-qr,True,False,,,102210fe594ee9b33d82058545b1ed14f4c8206e,custom.jsdebugger.open.DAMP,damp,True,damp custom.jsdebugger.open.DAMP opt e10s fission stylo webrender,4768565,77,ms,firefox,444473596,1831448734,2024-01-22T22:00:29,767.7680243657378,26ab337a55980fd3226ec95e5676220500b40843,1364239
autoland,4768729,12,95f51e857a45cd76f1766c14d6bed804857cd27b,windows10-64-shippable-qr,True,False,,,102210fe594ee9b33d82058545b1ed14f4c8206e,custom.jsdebugger.open.DAMP,damp,True,damp custom.jsdebugger.open.DAMP opt e10s fission stylo webrender,4768565,77,ms,firefox,444477468,1831465215,2024-01-22T22:01:12,770.5935681227566,f27806eac17bc15be1f23b196f866c769b74e327,1364240
autoland,4768729,12,95f51e857a45cd76f1766c14d6bed804857cd27b,windows10-64-shippable-qr,True,False,,,102210fe594ee9b33d82058545b1ed14f4c8206e,custom.jsdebugger.open.DAMP,damp,True,damp custom.jsdebugger.open.DAMP opt e10s fission stylo webrender,4768565,77,ms,firefox,444467787,1831392168,2024-01-22T22:02:12,773.691788130197,fed5165a02c0898816f050464990067d20c3bcdf,1364241
autoland,4768729,12,95f51e857a45cd76f1766c14d6bed804857cd27b,windows10-64-shippable-qr,True,False,,,102210fe594ee9b33d82058545b1ed14f4c8206e,custom.jsdebugger.open.DAMP,damp,True,damp custom.jsdebugger.open.DAMP opt e10s fission stylo webrender,4768565,77,ms,firefox,444478071,1831467254,2024-01-22T22:03:01,767.6801982462202,ee72c01626bf10d81fcef9e7ed3e1cf8fb00322e,1364243
autoland,4768729,12,95f51e857a45cd76f1766c14d6bed804857cd27b,windows10-64-shippable-qr,True,False,,,102210fe594ee9b33d82058545b1ed14f4c8206e,custom.jsdebugger.open.DAMP,damp,True,damp custom.jsdebugger.open.DAMP opt e10s fission stylo webrender,4768565,77,ms,firefox,444234054,1830262008,2024-01-22T22:04:08,774.5568643781344,06bafd5cf7f34e757edddf2def6a98003c6b1643,1364244
autoland,4768729,12,95f51e857a45cd76f1766c14d6bed804857cd27b,windows10-64-shippable-qr,True,False,,,102210fe594ee9b33d82058545b1ed14f4c8206e,custom.jsdebugger.open.DAMP,damp,True,damp custom.jsdebugger.open.DAMP opt e10s fission stylo webrender,4768565,77,ms,firefox,444484664,1831502112,2024-01-22T23:04:45,794.2551444149867,b1c04f4cc46836ca84052c2d0e4c6f556a77a864,1364290
autoland,4768729,12,95f51e857a45cd76f1766c14d6bed804857cd27b,windows10-64-shippable-qr,True,False,,,102210fe594ee9b33d82058545b1ed14f4c8206e,custom.jsdebugger.open.DAMP,damp,True,damp custom.jsdebugger.open.DAMP opt e10s fission stylo webrender,4768565,77,ms,firefox,444474322,1831454405,2024-01-22T23:13:42,770.909208824145,31949bbed218a53db7381abc3b096ccc142b42e8,1364300
autoland,4768729,12,95f51e857a45cd76f1766c14d6bed804857cd27b,windows10-64-shippable-qr,True,False,,,102210fe594ee9b33d82058545b1ed14f4c8206e,custom.jsdebugger.open.DAMP,damp,True,damp custom.jsdebugger.open.DAMP opt e10s fission stylo webrender,4768565,77,ms,firefox,444476340,1831464122,2024-01-22T23:17:46,769.2077686114553,744415fe4845d57721f5b7bb5274bf61251bac81,1364306
autoland,4768729,12,95f51e857a45cd76f1766c14d6bed804857cd27b,windows10-64-shippable-qr,True,False,,,102210fe594ee9b33d82058545b1ed14f4c8206e,custom.jsdebugger.open.DAMP,damp,True,damp custom.jsdebugger.open.DAMP opt e10s fission stylo webrender,4768565,77,ms,firefox,444483355,1831492348,2024-01-22T23:35:05,771.630397124587,4499daa0d18ad8e103558e0a5e4498ddcd0f8c20,1364316
autoland,4768729,12,95f51e857a45cd76f1766c14d6bed804857cd27b,windows10-64-shippable-qr,True,False,,,102210fe594ee9b33d82058545b1ed14f4c8206e,custom.jsdebugger.open.DAMP,damp,True,damp custom.jsdebugger.open.DAMP opt e10s fission stylo webrender,4768565,77,ms,firefox,444475991,1831461701,2024-01-22T23:36:24,777.2233952717179,938e67ed7818cdb5cabd386af7b01ed348094492,1364317
autoland,4768729,12,95f51e857a45cd76f1766c14d6bed804857cd27b,windows10-64-shippable-qr,True,False,,,102210fe594ee9b33d82058545b1ed14f4c8206e,custom.jsdebugger.open.DAMP,damp,True,damp custom.jsdebugger.open.DAMP opt e10s fission stylo webrender,4768565,77,ms,firefox,444475958,1831457250,2024-01-23T00:04:29,768.9905358361138,b326f30c2c18078b1ccdfd4b509c79f093e7c434,1364328
autoland,4768729,12,95f51e857a45cd76f1766c14d6bed804857cd27b,windows10-64-shippable-qr,True,False,,,102210fe594ee9b33d82058545b1ed14f4c8206e,custom.jsdebugger.open.DAMP,damp,True,damp custom.jsdebugger.open.DAMP opt e10s fission stylo webrender,4768565,77,ms,firefox,444241396,1830300234,2024-01-23T00:22:14,766.9031651152027,43fa5aa71c8c00288a4fe686f0e4bf72e2f5f28d,1364332
autoland,4768729,12,95f51e857a45cd76f1766c14d6bed804857cd27b,windows10-64-shippable-qr,True,False,,,102210fe594ee9b33d82058545b1ed14f4c8206e,custom.jsdebugger.open.DAMP,damp,True,damp custom.jsdebugger.open.DAMP opt e10s fission stylo webrender,4768565,77,ms,firefox,444261205,1830425962,2024-01-23T05:54:31,770.5910502945335,fcdb6404eb0234c50bf85922bacad525da6851d5,1364408
autoland,4768729,12,95f51e857a45cd76f1766c14d6bed804857cd27b,windows10-64-shippable-qr,True,False,,,102210fe594ee9b33d82058545b1ed14f4c8206e,custom.jsdebugger.open.DAMP,damp,True,damp custom.jsdebugger.open.DAMP opt e10s fission stylo webrender,4768565,77,ms,firefox,444308714,1830660675,2024-01-23T14:14:29,775.859144093447,296f1b67a4750aa2166832b5b9d8ba0eee6fe635,1364570
autoland,4768729,12,95f51e857a45cd76f1766c14d6bed804857cd27b,windows10-64-shippable-qr,True,False,,,102210fe594ee9b33d82058545b1ed14f4c8206e,custom.jsdebugger.open.DAMP,damp,True,damp custom.jsdebugger.open.DAMP opt e10s fission stylo webrender,4768565,77,ms,firefox,444318655,1830701551,2024-01-23T14:50:16,770.3879148947017,f3efca74da0f43269bd8ac07e2a5d27e89c4d7c3,1364607
autoland,4768729,12,95f51e857a45cd76f1766c14d6bed804857cd27b,windows10-64-shippable-qr,True,False,,,102210fe594ee9b33d82058545b1ed14f4c8206e,custom.jsdebugger.open.DAMP,damp,True,damp custom.jsdebugger.open.DAMP opt e10s fission stylo webrender,4768565,77,ms,firefox,444325754,1830808554,2024-01-23T16:09:55,767.4338589753752,936300bf2ee78e086143fb3718e2c0af755385b0,1364702
autoland,4768729,12,95f51e857a45cd76f1766c14d6bed804857cd27b,windows10-64-shippable-qr,True,False,,,102210fe594ee9b33d82058545b1ed14f4c8206e,custom.jsdebugger.open.DAMP,damp,True,damp custom.jsdebugger.open.DAMP opt e10s fission stylo webrender,4768565,77,ms,firefox,444345419,1830875022,2024-01-23T19:03:54,776.8905583867454,ec71bc6778c4bdb9b4a93283fc0a3d3f302eb89e,1364834
autoland,4768729,12,95f51e857a45cd76f1766c14d6bed804857cd27b,windows10-64-shippable-qr,True,False,,,102210fe594ee9b33d82058545b1ed14f4c8206e,custom.jsdebugger.open.DAMP,damp,True,damp custom.jsdebugger.open.DAMP opt e10s fission stylo webrender,4768565,77,ms,firefox,444788164,1832986234,2024-01-23T21:29:15,770.3688925236929,138173680ff833db05078ce0eb487c6bab6d232d,1364969
autoland,4768729,12,95f51e857a45cd76f1766c14d6bed804857cd27b,windows10-64-shippable-qr,True,False,,,102210fe594ee9b33d82058545b1ed14f4c8206e,custom.jsdebugger.open.DAMP,damp,True,damp custom.jsdebugger.open.DAMP opt e10s fission stylo webrender,4768565,77,ms,firefox,444788209,1832986597,2024-01-23T21:31:09,768.584585515302,bfb56a59dd117e501977c333c1ea3264313e650b,1364972
autoland,4768729,12,95f51e857a45cd76f1766c14d6bed804857cd27b,windows10-64-shippable-qr,True,False,,,102210fe594ee9b33d82058545b1ed14f4c8206e,custom.jsdebugger.open.DAMP,damp,True,damp custom.jsdebugger.open.DAMP opt e10s fission stylo webrender,4768565,77,ms,firefox,444788223,1832988294,2024-01-23T21:31:53,773.6404012987041,24691f8ca5ec31c472a92876c2f5f9cefecad046,1364973
autoland,4768729,12,95f51e857a45cd76f1766c14d6bed804857cd27b,windows10-64-shippable-qr,True,False,,,102210fe594ee9b33d82058545b1ed14f4c8206e,custom.jsdebugger.open.DAMP,damp,True,damp custom.jsdebugger.open.DAMP opt e10s fission stylo webrender,4768565,77,ms,firefox,444788225,1832987794,2024-01-23T21:32:37,779.977649520034,2276ab3d40001aa70688b30569243b36dfb56302,1364974
autoland,4768729,12,95f51e857a45cd76f1766c14d6bed804857cd27b,windows10-64-shippable-qr,True,False,,,102210fe594ee9b33d82058545b1ed14f4c8206e,custom.jsdebugger.open.DAMP,damp,True,damp custom.jsdebugger.open.DAMP opt e10s fission stylo webrender,4768565,77,ms,firefox,444788271,1832988203,2024-01-23T21:33:21,777.2896899907737,268aff2910e4a2b0034a5eafc9e869a42d46da00,1364975
autoland,4768729,12,95f51e857a45cd76f1766c14d6bed804857cd27b,windows10-64-shippable-qr,True,False,,,102210fe594ee9b33d82058545b1ed14f4c8206e,custom.jsdebugger.open.DAMP,damp,True,damp custom.jsdebugger.open.DAMP opt e10s fission stylo webrender,4768565,77,ms,firefox,444788700,1832988638,2024-01-23T22:04:53,767.5715196587407,a9ebe6acb81933f1f04e6edf131ff096aab227fd,1365005
autoland,4768729,12,95f51e857a45cd76f1766c14d6bed804857cd27b,windows10-64-shippable-qr,True,False,,,102210fe594ee9b33d82058545b1ed14f4c8206e,custom.jsdebugger.open.DAMP,damp,True,damp custom.jsdebugger.open.DAMP opt e10s fission stylo webrender,4768565,77,ms,firefox,444788277,1832988451,2024-01-23T22:06:20,769.9615248869741,d02640a982786d1a1bdf84efff9dc136176148dd,1365007
autoland,4768729,12,95f51e857a45cd76f1766c14d6bed804857cd27b,windows10-64-shippable-qr,True,False,,,102210fe594ee9b33d82058545b1ed14f4c8206e,custom.jsdebugger.open.DAMP,damp,True,damp custom.jsdebugger.open.DAMP opt e10s fission stylo webrender,4768565,77,ms,firefox,444788735,1832989194,2024-01-23T22:19:45,762.0018793816516,11be855564e8bc305fa429a262ddc90d7bf647fa,1365020
autoland,4768729,12,95f51e857a45cd76f1766c14d6bed804857cd27b,windows10-64-shippable-qr,True,False,,,102210fe594ee9b33d82058545b1ed14f4c8206e,custom.jsdebugger.open.DAMP,damp,True,damp custom.jsdebugger.open.DAMP opt e10s fission stylo webrender,4768565,77,ms,firefox,444788704,1832988742,2024-01-23T22:20:33,766.4496926295978,321e3bf95790205b2a020854ebb4fef5dcd16050,1365022
autoland,4768729,12,95f51e857a45cd76f1766c14d6bed804857cd27b,windows10-64-shippable-qr,True,False,,,102210fe594ee9b33d82058545b1ed14f4c8206e,custom.jsdebugger.open.DAMP,damp,True,damp custom.jsdebugger.open.DAMP opt e10s fission stylo webrender,4768565,77,ms,firefox,444372670,1830994432,2024-01-23T22:21:15,771.6518863619276,25e5c4ea04b149ffa31cda5c4d75559df5369612,1365024
autoland,4768729,12,95f51e857a45cd76f1766c14d6bed804857cd27b,windows10-64-shippable-qr,True,False,,,102210fe594ee9b33d82058545b1ed14f4c8206e,custom.jsdebugger.open.DAMP,damp,True,damp custom.jsdebugger.open.DAMP opt e10s fission stylo webrender,4768565,77,ms,firefox,444801806,1833032568,2024-01-23T22:55:53,770.5022754990641,5f4330f4805a000a0246fdacbf5cb560e4b9840d,1365064
autoland,4768729,12,95f51e857a45cd76f1766c14d6bed804857cd27b,windows10-64-shippable-qr,True,False,,,102210fe594ee9b33d82058545b1ed14f4c8206e,custom.jsdebugger.open.DAMP,damp,True,damp custom.jsdebugger.open.DAMP opt e10s fission stylo webrender,4768565,77,ms,firefox,444805737,1833071579,2024-01-23T23:05:25,770.26672778801,9879c887ba0338f19e7f07fc5511a28bd225e0fc,1365074
autoland,4768729,12,95f51e857a45cd76f1766c14d6bed804857cd27b,windows10-64-shippable-qr,True,False,,,102210fe594ee9b33d82058545b1ed14f4c8206e,custom.jsdebugger.open.DAMP,damp,True,damp custom.jsdebugger.open.DAMP opt e10s fission stylo webrender,4768565,77,ms,firefox,444814440,1833119250,2024-01-23T23:05:25,787.336838372139,9879c887ba0338f19e7f07fc5511a28bd225e0fc,1365074
autoland,4768729,12,95f51e857a45cd76f1766c14d6bed804857cd27b,windows10-64-shippable-qr,True,False,,,102210fe594ee9b33d82058545b1ed14f4c8206e,custom.jsdebugger.open.DAMP,damp,True,damp custom.jsdebugger.open.DAMP opt e10s fission stylo webrender,4768565,77,ms,firefox,444806087,1833073292,2024-01-23T23:06:19,767.2658552936045,f1b357538a2072c6a2a185a84846766050340ba2,1365076
autoland,4768729,12,95f51e857a45cd76f1766c14d6bed804857cd27b,windows10-64-shippable-qr,True,False,,,102210fe594ee9b33d82058545b1ed14f4c8206e,custom.jsdebugger.open.DAMP,damp,True,damp custom.jsdebugger.open.DAMP opt e10s fission stylo webrender,4768565,77,ms,firefox,444805544,1833069681,2024-01-23T23:17:48,770.6961528654792,a8758ae8e80d9ec1ad65ff3f7abe77a3dc93dda9,1365086
autoland,4768729,12,95f51e857a45cd76f1766c14d6bed804857cd27b,windows10-64-shippable-qr,True,False,,,102210fe594ee9b33d82058545b1ed14f4c8206e,custom.jsdebugger.open.DAMP,damp,True,damp custom.jsdebugger.open.DAMP opt e10s fission stylo webrender,4768565,77,ms,firefox,444806425,1833075416,2024-01-23T23:23:41,785.1833900231577,154ea200b14eb67fba6ca0deb9d0be1f0e224866,1365094
autoland,4768729,12,95f51e857a45cd76f1766c14d6bed804857cd27b,windows10-64-shippable-qr,True,False,,,102210fe594ee9b33d82058545b1ed14f4c8206e,custom.jsdebugger.open.DAMP,damp,True,damp custom.jsdebugger.open.DAMP opt e10s fission stylo webrender,4768565,77,ms,firefox,444805483,1833067565,2024-01-23T23:32:40,771.5153383174984,003cf0a7bd0d9a7faa0a2ca18c46298c1e0875c1,1365103
autoland,4768729,12,95f51e857a45cd76f1766c14d6bed804857cd27b,windows10-64-shippable-qr,True,False,,,102210fe594ee9b33d82058545b1ed14f4c8206e,custom.jsdebugger.open.DAMP,damp,True,damp custom.jsdebugger.open.DAMP opt e10s fission stylo webrender,4768565,77,ms,firefox,444788193,1832986656,2024-01-23T23:56:52,773.7928228485835,a049115f060813cc4f05be1df1c9385884a87669,1365110
autoland,4768729,12,95f51e857a45cd76f1766c14d6bed804857cd27b,windows10-64-shippable-qr,True,False,,,102210fe594ee9b33d82058545b1ed14f4c8206e,custom.jsdebugger.open.DAMP,damp,True,damp custom.jsdebugger.open.DAMP opt e10s fission stylo webrender,4768565,77,ms,firefox,444788211,1832987245,2024-01-23T23:58:04,768.566415843321,217be899edc99ce9afec03abb5dd0314f9625d29,1365111
autoland,4768729,12,95f51e857a45cd76f1766c14d6bed804857cd27b,windows10-64-shippable-qr,True,False,,,102210fe594ee9b33d82058545b1ed14f4c8206e,custom.jsdebugger.open.DAMP,damp,True,damp custom.jsdebugger.open.DAMP opt e10s fission stylo webrender,4768565,77,ms,firefox,444788221,1832987520,2024-01-24T00:00:19,776.1640310066814,67ad530d04d5ff0fee82497d5557b3f555b1e4f5,1365115
autoland,4768729,12,95f51e857a45cd76f1766c14d6bed804857cd27b,windows10-64-shippable-qr,True,False,,,102210fe594ee9b33d82058545b1ed14f4c8206e,custom.jsdebugger.open.DAMP,damp,True,damp custom.jsdebugger.open.DAMP opt e10s fission stylo webrender,4768565,77,ms,firefox,444748019,1832763091,2024-01-24T00:11:42,765.0720827610421,aee727a67f92f1162fd5a83b467885f0410fd035,1365127
autoland,4768729,12,95f51e857a45cd76f1766c14d6bed804857cd27b,windows10-64-shippable-qr,True,False,,,102210fe594ee9b33d82058545b1ed14f4c8206e,custom.jsdebugger.open.DAMP,damp,True,damp custom.jsdebugger.open.DAMP opt e10s fission stylo webrender,4768565,77,ms,firefox,444748226,1832765948,2024-01-24T00:35:48,766.7231800213631,f8e3b0a740d171ef8f848efd1bfe2494a72c4740,1365148
autoland,4768729,12,95f51e857a45cd76f1766c14d6bed804857cd27b,windows10-64-shippable-qr,True,False,,,102210fe594ee9b33d82058545b1ed14f4c8206e,custom.jsdebugger.open.DAMP,damp,True,damp custom.jsdebugger.open.DAMP opt e10s fission stylo webrender,4768565,77,ms,firefox,444748607,1832770334,2024-01-24T00:42:07,773.2916201742773,39cf0feca383726882706caa1db1f14b51868191,1365156
autoland,4768729,12,95f51e857a45cd76f1766c14d6bed804857cd27b,windows10-64-shippable-qr,True,False,,,102210fe594ee9b33d82058545b1ed14f4c8206e,custom.jsdebugger.open.DAMP,damp,True,damp custom.jsdebugger.open.DAMP opt e10s fission stylo webrender,4768565,77,ms,firefox,444748404,1832766422,2024-01-24T00:59:45,775.0514901597053,597f145991e0823975acf4fb0555429e4967e9c4,1365172
autoland,4768729,12,95f51e857a45cd76f1766c14d6bed804857cd27b,windows10-64-shippable-qr,True,False,,,102210fe594ee9b33d82058545b1ed14f4c8206e,custom.jsdebugger.open.DAMP,damp,True,damp custom.jsdebugger.open.DAMP opt e10s fission stylo webrender,4768565,77,ms,firefox,444748125,1832765415,2024-01-24T01:19:13,772.6999040514056,be3b77bc6741d0b8fe6f4d66a79a439085ac6e22,1365185
autoland,4768729,12,95f51e857a45cd76f1766c14d6bed804857cd27b,windows10-64-shippable-qr,True,False,,,102210fe594ee9b33d82058545b1ed14f4c8206e,custom.jsdebugger.open.DAMP,damp,True,damp custom.jsdebugger.open.DAMP opt e10s fission stylo webrender,4768565,77,ms,firefox,444748115,1832764469,2024-01-24T01:36:46,770.0180940830614,9d584197c87fdcf2d80ad4dd2989ead88349b0c8,1365186
autoland,4768729,12,95f51e857a45cd76f1766c14d6bed804857cd27b,windows10-64-shippable-qr,True,False,,,102210fe594ee9b33d82058545b1ed14f4c8206e,custom.jsdebugger.open.DAMP,damp,True,damp custom.jsdebugger.open.DAMP opt e10s fission stylo webrender,4768565,77,ms,firefox,444390524,1831065989,2024-01-24T02:38:58,773.6960996910639,a0389da68b91e5a92b02ccd9e65991bffb5d5771,1365197
autoland,4768729,12,95f51e857a45cd76f1766c14d6bed804857cd27b,windows10-64-shippable-qr,True,False,,,102210fe594ee9b33d82058545b1ed14f4c8206e,custom.jsdebugger.open.DAMP,damp,True,damp custom.jsdebugger.open.DAMP opt e10s fission stylo webrender,4768565,77,ms,firefox,444748154,1832765626,2024-01-24T04:51:37,771.1502188289087,234e2bc46098696b12b974f511cc0f3ff1328564,1365233
autoland,4768729,12,95f51e857a45cd76f1766c14d6bed804857cd27b,windows10-64-shippable-qr,True,False,,,102210fe594ee9b33d82058545b1ed14f4c8206e,custom.jsdebugger.open.DAMP,damp,True,damp custom.jsdebugger.open.DAMP opt e10s fission stylo webrender,4768565,77,ms,firefox,444406509,1831165762,2024-01-24T06:43:12,774.96511573929,eed6f8e8fe3af01f49be74cc1be72d51e5a0933f,1365260
autoland,4768729,12,95f51e857a45cd76f1766c14d6bed804857cd27b,windows10-64-shippable-qr,True,False,,,102210fe594ee9b33d82058545b1ed14f4c8206e,custom.jsdebugger.open.DAMP,damp,True,damp custom.jsdebugger.open.DAMP opt e10s fission stylo webrender,4768565,77,ms,firefox,444406876,1831184087,2024-01-24T06:57:11,771.7140869608047,7079db6b8da9081aee6b0ce96b68f368efec3277,1365262
autoland,4768729,12,95f51e857a45cd76f1766c14d6bed804857cd27b,windows10-64-shippable-qr,True,False,,,102210fe594ee9b33d82058545b1ed14f4c8206e,custom.jsdebugger.open.DAMP,damp,True,damp custom.jsdebugger.open.DAMP opt e10s fission stylo webrender,4768565,77,ms,firefox,444785070,1832956229,2024-01-24T10:03:57,769.9093522149697,4bc6d820fa54274795d2eb4ef55e63c41f204aa6,1365330
autoland,4768729,12,95f51e857a45cd76f1766c14d6bed804857cd27b,windows10-64-shippable-qr,True,False,,,102210fe594ee9b33d82058545b1ed14f4c8206e,custom.jsdebugger.open.DAMP,damp,True,damp custom.jsdebugger.open.DAMP opt e10s fission stylo webrender,4768565,77,ms,firefox,444784112,1832932713,2024-01-24T10:23:27,767.2712254047801,db6542a5ca6182386e394ed6199d33e0b0480e36,1365336
autoland,4768729,12,95f51e857a45cd76f1766c14d6bed804857cd27b,windows10-64-shippable-qr,True,False,,,102210fe594ee9b33d82058545b1ed14f4c8206e,custom.jsdebugger.open.DAMP,damp,True,damp custom.jsdebugger.open.DAMP opt e10s fission stylo webrender,4768565,77,ms,firefox,444785819,1832978322,2024-01-24T10:26:02,778.3950419226094,e80ef237bb8112cf7d6f7a7ed158f4782b66606f,1365339
autoland,4768729,12,95f51e857a45cd76f1766c14d6bed804857cd27b,windows10-64-shippable-qr,True,False,,,102210fe594ee9b33d82058545b1ed14f4c8206e,custom.jsdebugger.open.DAMP,damp,True,damp custom.jsdebugger.open.DAMP opt e10s fission stylo webrender,4768565,77,ms,firefox,444785193,1832956763,2024-01-24T10:46:07,768.6045535255325,b51d47d9276ce9340b6ccfb8549729490f5f6a51,1365349
autoland,4768729,12,95f51e857a45cd76f1766c14d6bed804857cd27b,windows10-64-shippable-qr,True,False,,,102210fe594ee9b33d82058545b1ed14f4c8206e,custom.jsdebugger.open.DAMP,damp,True,damp custom.jsdebugger.open.DAMP opt e10s fission stylo webrender,4768565,77,ms,firefox,444760013,1832823527,2024-01-24T10:54:04,768.196385350122,e43e1c85672b70d39f6c3e8067d23aa47e3a156a,1365351
autoland,4768729,12,95f51e857a45cd76f1766c14d6bed804857cd27b,windows10-64-shippable-qr,True,False,,,102210fe594ee9b33d82058545b1ed14f4c8206e,custom.jsdebugger.open.DAMP,damp,True,damp custom.jsdebugger.open.DAMP opt e10s fission stylo webrender,4768565,77,ms,firefox,444777917,1832906716,2024-01-24T10:55:07,773.4303426581173,4e0e2448d7a574e985256f9fe86ce011af341593,1365352
autoland,4768729,12,95f51e857a45cd76f1766c14d6bed804857cd27b,windows10-64-shippable-qr,True,False,,,102210fe594ee9b33d82058545b1ed14f4c8206e,custom.jsdebugger.open.DAMP,damp,True,damp custom.jsdebugger.open.DAMP opt e10s fission stylo webrender,4768565,77,ms,firefox,444778180,1832908496,2024-01-24T11:21:56,778.1101221561839,5e411c1e0424f542714c947b1c82020e13e211a9,1365362
autoland,4768729,12,95f51e857a45cd76f1766c14d6bed804857cd27b,windows10-64-shippable-qr,True,False,,,102210fe594ee9b33d82058545b1ed14f4c8206e,custom.jsdebugger.open.DAMP,damp,True,damp custom.jsdebugger.open.DAMP opt e10s fission stylo webrender,4768565,77,ms,firefox,444783122,1832921745,2024-01-24T11:22:40,766.2411270536468,4965975e1e61efd52ed84afa7743b39bcc472635,1365363
autoland,4768729,12,95f51e857a45cd76f1766c14d6bed804857cd27b,windows10-64-shippable-qr,True,False,,,102210fe594ee9b33d82058545b1ed14f4c8206e,custom.jsdebugger.open.DAMP,damp,True,damp custom.jsdebugger.open.DAMP opt e10s fission stylo webrender,4768565,77,ms,firefox,444458611,1831368381,2024-01-24T11:40:35,766.2442323170471,ce20634f32a1b78384fbbc028b4f86266056e7fb,1365369
autoland,4768729,12,95f51e857a45cd76f1766c14d6bed804857cd27b,windows10-64-shippable-qr,True,False,,,102210fe594ee9b33d82058545b1ed14f4c8206e,custom.jsdebugger.open.DAMP,damp,True,damp custom.jsdebugger.open.DAMP opt e10s fission stylo webrender,4768565,77,ms,firefox,444777764,1832906164,2024-01-24T12:16:21,772.5104482258175,c6fb12843569a44f4091c2dd80206770603c363c,1365383
autoland,4768729,12,95f51e857a45cd76f1766c14d6bed804857cd27b,windows10-64-shippable-qr,True,False,,,102210fe594ee9b33d82058545b1ed14f4c8206e,custom.jsdebugger.open.DAMP,damp,True,damp custom.jsdebugger.open.DAMP opt e10s fission stylo webrender,4768565,77,ms,firefox,444785795,1832977811,2024-01-24T13:21:08,778.1889135672536,ba72416c5d6aa679caf060c68dbd977634488425,1365426
autoland,4768729,12,95f51e857a45cd76f1766c14d6bed804857cd27b,windows10-64-shippable-qr,True,False,,,102210fe594ee9b33d82058545b1ed14f4c8206e,custom.jsdebugger.open.DAMP,damp,True,damp custom.jsdebugger.open.DAMP opt e10s fission stylo webrender,4768565,77,ms,firefox,444777568,1832894469,2024-01-24T13:22:29,774.1177558838826,f9d434215fb9c9f64a528d57de9414ea67a99189,1365428
autoland,4768729,12,95f51e857a45cd76f1766c14d6bed804857cd27b,windows10-64-shippable-qr,True,False,,,102210fe594ee9b33d82058545b1ed14f4c8206e,custom.jsdebugger.open.DAMP,damp,True,damp custom.jsdebugger.open.DAMP opt e10s fission stylo webrender,4768565,77,ms,firefox,444777966,1832907438,2024-01-24T13:27:37,773.9757168266951,2adc22e926982f55fb00a247c05786764a1fb15b,1365432
autoland,4768729,12,95f51e857a45cd76f1766c14d6bed804857cd27b,windows10-64-shippable-qr,True,False,,,102210fe594ee9b33d82058545b1ed14f4c8206e,custom.jsdebugger.open.DAMP,damp,True,damp custom.jsdebugger.open.DAMP opt e10s fission stylo webrender,4768565,77,ms,firefox,444757412,1832795349,2024-01-24T13:36:01,767.0179442377412,be8632f7e7d18102bb10385103f6cef2a0615b03,1365437
autoland,4768729,12,95f51e857a45cd76f1766c14d6bed804857cd27b,windows10-64-shippable-qr,True,False,,,102210fe594ee9b33d82058545b1ed14f4c8206e,custom.jsdebugger.open.DAMP,damp,True,damp custom.jsdebugger.open.DAMP opt e10s fission stylo webrender,4768565,77,ms,firefox,444748556,1832770035,2024-01-24T14:06:56,761.9287364874781,848327e627b55c5a1265d68591ecf4c756ce58e5,1365454
autoland,4768729,12,95f51e857a45cd76f1766c14d6bed804857cd27b,windows10-64-shippable-qr,True,False,,,102210fe594ee9b33d82058545b1ed14f4c8206e,custom.jsdebugger.open.DAMP,damp,True,damp custom.jsdebugger.open.DAMP opt e10s fission stylo webrender,4768565,77,ms,firefox,444787349,1832981561,2024-01-24T14:19:16,768.3062405365199,348ddd022f1c2a960e794be19546e40821044a4d,1365462
autoland,4768729,12,95f51e857a45cd76f1766c14d6bed804857cd27b,windows10-64-shippable-qr,True,False,,,102210fe594ee9b33d82058545b1ed14f4c8206e,custom.jsdebugger.open.DAMP,damp,True,damp custom.jsdebugger.open.DAMP opt e10s fission stylo webrender,4768565,77,ms,firefox,444785871,1832978669,2024-01-24T15:27:50,773.5522921763331,5e811a1f7b3cf67d8dcd214330dcc782079fbd10,1365494
autoland,4768729,12,95f51e857a45cd76f1766c14d6bed804857cd27b,windows10-64-shippable-qr,True,False,,,102210fe594ee9b33d82058545b1ed14f4c8206e,custom.jsdebugger.open.DAMP,damp,True,damp custom.jsdebugger.open.DAMP opt e10s fission stylo webrender,4768565,77,ms,firefox,444487566,1831528234,2024-01-24T16:03:05,773.0719107290515,150dd33322ea6d34c4829f8e67efe7e37be8c48e,1365533
autoland,4768729,12,95f51e857a45cd76f1766c14d6bed804857cd27b,windows10-64-shippable-qr,True,False,,,102210fe594ee9b33d82058545b1ed14f4c8206e,custom.jsdebugger.open.DAMP,damp,True,damp custom.jsdebugger.open.DAMP opt e10s fission stylo webrender,4768565,77,ms,firefox,444777950,1832906953,2024-01-24T16:24:37,774.4504788395134,c73082acbb0d6f2db9c2d8598c2ec5c58716f082,1365559
autoland,4768729,12,95f51e857a45cd76f1766c14d6bed804857cd27b,windows10-64-shippable-qr,True,False,,,102210fe594ee9b33d82058545b1ed14f4c8206e,custom.jsdebugger.open.DAMP,damp,True,damp custom.jsdebugger.open.DAMP opt e10s fission stylo webrender,4768565,77,ms,firefox,444777710,1832894681,2024-01-24T16:27:18,767.0219490949094,5b2fe8557a9eca0bf87883580f494ac94292c788,1365561
autoland,4768729,12,95f51e857a45cd76f1766c14d6bed804857cd27b,windows10-64-shippable-qr,True,False,,,102210fe594ee9b33d82058545b1ed14f4c8206e,custom.jsdebugger.open.DAMP,damp,True,damp custom.jsdebugger.open.DAMP opt e10s fission stylo webrender,4768565,77,ms,firefox,444782868,1832915528,2024-01-24T16:37:44,771.2292085510662,4a914410b18d42ab6b225163b153dd09bb7f82cf,1365574
autoland,4768729,12,95f51e857a45cd76f1766c14d6bed804857cd27b,windows10-64-shippable-qr,True,False,,,102210fe594ee9b33d82058545b1ed14f4c8206e,custom.jsdebugger.open.DAMP,damp,True,damp custom.jsdebugger.open.DAMP opt e10s fission stylo webrender,4768565,77,ms,firefox,444783078,1832918665,2024-01-24T16:38:25,772.8094874169183,54462970f797f1b6391543d3f8700cfdd5b04033,1365575
autoland,4768729,12,95f51e857a45cd76f1766c14d6bed804857cd27b,windows10-64-shippable-qr,True,False,,,102210fe594ee9b33d82058545b1ed14f4c8206e,custom.jsdebugger.open.DAMP,damp,True,damp custom.jsdebugger.open.DAMP opt e10s fission stylo webrender,4768565,77,ms,firefox,444777569,1832895266,2024-01-24T16:39:21,767.4456230678334,f66c3a3de34982e3a0804cf415a60041d45e3a9f,1365580
autoland,4768729,12,95f51e857a45cd76f1766c14d6bed804857cd27b,windows10-64-shippable-qr,True,False,,,102210fe594ee9b33d82058545b1ed14f4c8206e,custom.jsdebugger.open.DAMP,damp,True,damp custom.jsdebugger.open.DAMP opt e10s fission stylo webrender,4768565,77,ms,firefox,444783153,1832923095,2024-01-24T17:05:02,776.7780677977817,56ecf512a528eccc8f7d1c15fe966c0868d40f6c,1365610
autoland,4768729,12,95f51e857a45cd76f1766c14d6bed804857cd27b,windows10-64-shippable-qr,True,False,,,102210fe594ee9b33d82058545b1ed14f4c8206e,custom.jsdebugger.open.DAMP,damp,True,damp custom.jsdebugger.open.DAMP opt e10s fission stylo webrender,4768565,77,ms,firefox,444777711,1832895551,2024-01-24T17:06:58,768.7508682656189,8f3119c960332925e62db985de93c9ff44a1a09a,1365613
autoland,4768729,12,95f51e857a45cd76f1766c14d6bed804857cd27b,windows10-64-shippable-qr,True,False,,,102210fe594ee9b33d82058545b1ed14f4c8206e,custom.jsdebugger.open.DAMP,damp,True,damp custom.jsdebugger.open.DAMP opt e10s fission stylo webrender,4768565,77,ms,firefox,444783107,1832921068,2024-01-24T17:16:59,771.5114276712866,2af47e3d5c8a8f9eae85cac2088570311147ab19,1365623
autoland,4768729,12,95f51e857a45cd76f1766c14d6bed804857cd27b,windows10-64-shippable-qr,True,False,,,102210fe594ee9b33d82058545b1ed14f4c8206e,custom.jsdebugger.open.DAMP,damp,True,damp custom.jsdebugger.open.DAMP opt e10s fission stylo webrender,4768565,77,ms,firefox,444784319,1832934964,2024-01-24T17:58:27,773.2346036191047,1285f526239dde3021d36e223be26bb3bc2a1ddf,1365672
autoland,4768729,12,95f51e857a45cd76f1766c14d6bed804857cd27b,windows10-64-shippable-qr,True,False,,,102210fe594ee9b33d82058545b1ed14f4c8206e,custom.jsdebugger.open.DAMP,damp,True,damp custom.jsdebugger.open.DAMP opt e10s fission stylo webrender,4768565,77,ms,firefox,444505527,1831610769,2024-01-24T18:01:21,767.1583000249084,e22428605dbb49942204564b03db80f474ea35ba,1365677
autoland,4768729,12,95f51e857a45cd76f1766c14d6bed804857cd27b,windows10-64-shippable-qr,True,False,,,102210fe594ee9b33d82058545b1ed14f4c8206e,custom.jsdebugger.open.DAMP,damp,True,damp custom.jsdebugger.open.DAMP opt e10s fission stylo webrender,4768565,77,ms,firefox,444530277,1831728607,2024-01-24T22:08:16,776.6353140033607,b8b82bd9546fe4e63cd5e9d29248d87665c548b8,1365907
autoland,4768729,12,95f51e857a45cd76f1766c14d6bed804857cd27b,windows10-64-shippable-qr,True,False,,,102210fe594ee9b33d82058545b1ed14f4c8206e,custom.jsdebugger.open.DAMP,damp,True,damp custom.jsdebugger.open.DAMP opt e10s fission stylo webrender,4768565,77,ms,firefox,444547635,1831838545,2024-01-25T05:05:51,774.2543662484313,ce5606473bf95f0899f69034525766ca9d0ed749,1366048
autoland,4768729,12,95f51e857a45cd76f1766c14d6bed804857cd27b,windows10-64-shippable-qr,True,False,,,102210fe594ee9b33d82058545b1ed14f4c8206e,custom.jsdebugger.open.DAMP,damp,True,damp custom.jsdebugger.open.DAMP opt e10s fission stylo webrender,4768565,77,ms,firefox,444564025,1831907012,2024-01-25T07:56:38,767.801724961857,c0289f78466cf0bf8a6871ef3417c180aab77e07,1366087
autoland,4768729,12,95f51e857a45cd76f1766c14d6bed804857cd27b,windows10-64-shippable-qr,True,False,,,102210fe594ee9b33d82058545b1ed14f4c8206e,custom.jsdebugger.open.DAMP,damp,True,damp custom.jsdebugger.open.DAMP opt e10s fission stylo webrender,4768565,77,ms,firefox,444598096,1832033326,2024-01-25T12:05:33,766.3116122786942,c746000752516a4b8ede1f6a5c7b2f4be12a33d7,1366202
autoland,4768729,12,95f51e857a45cd76f1766c14d6bed804857cd27b,windows10-64-shippable-qr,True,False,,,102210fe594ee9b33d82058545b1ed14f4c8206e,custom.jsdebugger.open.DAMP,damp,True,damp custom.jsdebugger.open.DAMP opt e10s fission stylo webrender,4768565,77,ms,firefox,444619185,1832158494,2024-01-25T15:26:29,767.1874045334116,34f197ce93a24d93523617eba67ecee2e990c37c,1366326
autoland,4768729,12,95f51e857a45cd76f1766c14d6bed804857cd27b,windows10-64-shippable-qr,True,False,,,102210fe594ee9b33d82058545b1ed14f4c8206e,custom.jsdebugger.open.DAMP,damp,True,damp custom.jsdebugger.open.DAMP opt e10s fission stylo webrender,4768565,77,ms,firefox,444651545,1832382369,2024-01-25T20:50:47,773.3403693499131,dd2a416c0c76b4cc9f6161d6be89aa7356e4eae5,1366563
autoland,4768729,12,95f51e857a45cd76f1766c14d6bed804857cd27b,windows10-64-shippable-qr,True,False,,,102210fe594ee9b33d82058545b1ed14f4c8206e,custom.jsdebugger.open.DAMP,damp,True,damp custom.jsdebugger.open.DAMP opt e10s fission stylo webrender,4768565,77,ms,firefox,444651177,1832347415,2024-01-25T20:51:29,771.3097141842882,5da1e842ef70c74d8ed72128e460f75b633fae95,1366564
autoland,4768729,12,95f51e857a45cd76f1766c14d6bed804857cd27b,windows10-64-shippable-qr,True,False,,,102210fe594ee9b33d82058545b1ed14f4c8206e,custom.jsdebugger.open.DAMP,damp,True,damp custom.jsdebugger.open.DAMP opt e10s fission stylo webrender,4768565,77,ms,firefox,444692337,1832551644,2024-01-26T03:41:27,769.8097506178601,a412d893c38f632f34b44a9c5b3fd8cc30bb87be,1366751
autoland,4768729,12,95f51e857a45cd76f1766c14d6bed804857cd27b,windows10-64-shippable-qr,True,False,,,102210fe594ee9b33d82058545b1ed14f4c8206e,custom.jsdebugger.open.DAMP,damp,True,damp custom.jsdebugger.open.DAMP opt e10s fission stylo webrender,4768565,77,ms,firefox,444692338,1832551729,2024-01-26T03:41:27,777.3564966645063,a412d893c38f632f34b44a9c5b3fd8cc30bb87be,1366751
autoland,4768729,12,95f51e857a45cd76f1766c14d6bed804857cd27b,windows10-64-shippable-qr,True,False,,,102210fe594ee9b33d82058545b1ed14f4c8206e,custom.jsdebugger.open.DAMP,damp,True,damp custom.jsdebugger.open.DAMP opt e10s fission stylo webrender,4768565,77,ms,firefox,444743731,1832747798,2024-01-26T11:04:34,774.8271232885163,18f5823716e4c35d7c899d2ce4be7fcd66cab9d0,1366921
autoland,4768729,12,95f51e857a45cd76f1766c14d6bed804857cd27b,windows10-64-shippable-qr,True,False,,,102210fe594ee9b33d82058545b1ed14f4c8206e,custom.jsdebugger.open.DAMP,damp,True,damp custom.jsdebugger.open.DAMP opt e10s fission stylo webrender,4768565,77,ms,firefox,444784474,1832954429,2024-01-26T15:49:43,771.626612927168,19005661ad786853d186a7d3434e6c290bccaa95,1367044
autoland,4768729,12,95f51e857a45cd76f1766c14d6bed804857cd27b,windows10-64-shippable-qr,True,False,,,102210fe594ee9b33d82058545b1ed14f4c8206e,custom.jsdebugger.open.DAMP,damp,True,damp custom.jsdebugger.open.DAMP opt e10s fission stylo webrender,4768565,77,ms,firefox,444785734,1832974147,2024-01-26T15:52:38,771.2527895481107,4641c3dcf0c3cfbdc8976f2fcc6898107149e19e,1367050
autoland,4768729,12,95f51e857a45cd76f1766c14d6bed804857cd27b,windows10-64-shippable-qr,True,False,,,102210fe594ee9b33d82058545b1ed14f4c8206e,custom.jsdebugger.open.DAMP,damp,True,damp custom.jsdebugger.open.DAMP opt e10s fission stylo webrender,4768565,77,ms,firefox,444817062,1833158033,2024-01-26T20:02:47,771.9272645600795,38fb47dac16804e3d5c8211277f084198e43de88,1367207
autoland,4768729,12,95f51e857a45cd76f1766c14d6bed804857cd27b,windows10-64-shippable-qr,True,False,,,102210fe594ee9b33d82058545b1ed14f4c8206e,custom.jsdebugger.open.DAMP,damp,True,damp custom.jsdebugger.open.DAMP opt e10s fission stylo webrender,4768565,77,ms,firefox,444810548,1833113151,2024-01-26T20:05:08,772.1918757874228,ac4906fa040ce76ad5ea8f73caf83045f291b613,1367213
autoland,4768729,12,95f51e857a45cd76f1766c14d6bed804857cd27b,windows10-64-shippable-qr,True,False,,,102210fe594ee9b33d82058545b1ed14f4c8206e,custom.jsdebugger.open.DAMP,damp,True,damp custom.jsdebugger.open.DAMP opt e10s fission stylo webrender,4768565,77,ms,firefox,444836176,1833243159,2024-01-27T00:32:58,762.4042134150804,99babcb9f349f4d91fe26290269d9d25fc1bbd04,1367362
autoland,4768729,12,95f51e857a45cd76f1766c14d6bed804857cd27b,windows10-64-shippable-qr,True,False,,,102210fe594ee9b33d82058545b1ed14f4c8206e,custom.jsdebugger.open.DAMP,damp,True,damp custom.jsdebugger.open.DAMP opt e10s fission stylo webrender,4768565,77,ms,firefox,444853911,1833442833,2024-01-27T06:05:38,776.4488151805999,1e79d9e65ec0577bb7d698c86edc6f35b4f92ce8,1367422
autoland,4768729,12,95f51e857a45cd76f1766c14d6bed804857cd27b,windows10-64-shippable-qr,True,False,,,102210fe594ee9b33d82058545b1ed14f4c8206e,custom.jsdebugger.open.DAMP,damp,True,damp custom.jsdebugger.open.DAMP opt e10s fission stylo webrender,4768565,77,ms,firefox,444882367,1833625188,2024-01-27T14:01:44,771.280408507384,09a1abcfcfb73aa1ae9781d2816102729c0f82a6,1367473
autoland,4768729,12,95f51e857a45cd76f1766c14d6bed804857cd27b,windows10-64-shippable-qr,True,False,,,102210fe594ee9b33d82058545b1ed14f4c8206e,custom.jsdebugger.open.DAMP,damp,True,damp custom.jsdebugger.open.DAMP opt e10s fission stylo webrender,4768565,77,ms,firefox,444900557,1833738771,2024-01-28T01:17:56,769.8177043244796,2e376c0d1662606cf6811ab3ff138b784d465291,1367530
autoland,4768729,12,95f51e857a45cd76f1766c14d6bed804857cd27b,windows10-64-shippable-qr,True,False,,,102210fe594ee9b33d82058545b1ed14f4c8206e,custom.jsdebugger.open.DAMP,damp,True,damp custom.jsdebugger.open.DAMP opt e10s fission stylo webrender,4768565,77,ms,firefox,444905038,1833767627,2024-01-28T06:00:30,760.8811853814113,0f372a16b1e1e959f46701e4210f6a6eaf4e40ec,1367545
autoland,4768729,12,95f51e857a45cd76f1766c14d6bed804857cd27b,windows10-64-shippable-qr,True,False,,,102210fe594ee9b33d82058545b1ed14f4c8206e,custom.jsdebugger.open.DAMP,damp,True,damp custom.jsdebugger.open.DAMP opt e10s fission stylo webrender,4768565,77,ms,firefox,444937793,1833916412,2024-01-28T10:01:02,771.2422227107309,9b32d8116833ab08f4e3f0b18c12587ac1f9360b,1367556
autoland,4768729,12,95f51e857a45cd76f1766c14d6bed804857cd27b,windows10-64-shippable-qr,True,False,,,102210fe594ee9b33d82058545b1ed14f4c8206e,custom.jsdebugger.open.DAMP,damp,True,damp custom.jsdebugger.open.DAMP opt e10s fission stylo webrender,4768565,77,ms,firefox,444947216,1833990879,2024-01-28T14:31:15,767.4492189780285,13780f5cb2f5d698f35a23f2fafa1593ef7affe9,1367584
autoland,4768729,12,95f51e857a45cd76f1766c14d6bed804857cd27b,windows10-64-shippable-qr,True,False,,,102210fe594ee9b33d82058545b1ed14f4c8206e,custom.jsdebugger.open.DAMP,damp,True,damp custom.jsdebugger.open.DAMP opt e10s fission stylo webrender,4768565,77,ms,firefox,444969804,1834100716,2024-01-29T01:40:26,764.9786478896649,852acff05fb8be21502af8fc12cceeb2baa70dd7,1367631
autoland,4768729,12,95f51e857a45cd76f1766c14d6bed804857cd27b,windows10-64-shippable-qr,True,False,,,102210fe594ee9b33d82058545b1ed14f4c8206e,custom.jsdebugger.open.DAMP,damp,True,damp custom.jsdebugger.open.DAMP opt e10s fission stylo webrender,4768565,77,ms,firefox,445012372,1834311242,2024-01-29T10:50:01,776.4620328171368,fce9e73861891da48d1a0b85240491fa3e042f8b,1367743
autoland,4768729,12,95f51e857a45cd76f1766c14d6bed804857cd27b,windows10-64-shippable-qr,True,False,,,102210fe594ee9b33d82058545b1ed14f4c8206e,custom.jsdebugger.open.DAMP,damp,True,damp custom.jsdebugger.open.DAMP opt e10s fission stylo webrender,4768565,77,ms,firefox,445045949,1834441014,2024-01-29T14:53:09,770.5333368377105,97de3c8a7931e01c1a1c1cf6ac90a580607b77c9,1367876
autoland,4768729,12,95f51e857a45cd76f1766c14d6bed804857cd27b,windows10-64-shippable-qr,True,False,,,102210fe594ee9b33d82058545b1ed14f4c8206e,custom.jsdebugger.open.DAMP,damp,True,damp custom.jsdebugger.open.DAMP opt e10s fission stylo webrender,4768565,77,ms,firefox,445060679,1834498893,2024-01-29T14:59:33,772.319659431887,8e91f5176c0f6e1689a893ed34d5046dbbd1122e,1367883
autoland,4768729,12,95f51e857a45cd76f1766c14d6bed804857cd27b,windows10-64-shippable-qr,True,False,,,102210fe594ee9b33d82058545b1ed14f4c8206e,custom.jsdebugger.open.DAMP,damp,True,damp custom.jsdebugger.open.DAMP opt e10s fission stylo webrender,4768565,77,ms,firefox,445074527,1834555247,2024-01-29T17:46:45,765.054434179794,8913eab3409d19e1cf1a2c19f256256c293b3154,1368035
autoland,4768729,12,95f51e857a45cd76f1766c14d6bed804857cd27b,windows10-64-shippable-qr,True,False,,,102210fe594ee9b33d82058545b1ed14f4c8206e,custom.jsdebugger.open.DAMP,damp,True,damp custom.jsdebugger.open.DAMP opt e10s fission stylo webrender,4768565,77,ms,firefox,445097048,1834666188,2024-01-29T21:21:15,773.7269616791455,57a27d8b6d2a7f1f5c1ec710e4a09422fb9c05e1,1368229
autoland,4768729,12,95f51e857a45cd76f1766c14d6bed804857cd27b,windows10-64-shippable-qr,True,False,,,102210fe594ee9b33d82058545b1ed14f4c8206e,custom.jsdebugger.open.DAMP,damp,True,damp custom.jsdebugger.open.DAMP opt e10s fission stylo webrender,4768565,77,ms,firefox,445116195,1834743916,2024-01-30T01:21:53,767.1480717400482,265910d5bfe79cc856e1c18d9e403fed38ee5a79,1368286
autoland,4768729,12,95f51e857a45cd76f1766c14d6bed804857cd27b,windows10-64-shippable-qr,True,False,,,102210fe594ee9b33d82058545b1ed14f4c8206e,custom.jsdebugger.open.DAMP,damp,True,damp custom.jsdebugger.open.DAMP opt e10s fission stylo webrender,4768565,77,ms,firefox,445190541,1835360664,2024-01-30T13:09:07,766.9834811592373,a9528d76a91bc50db12b4a18830536bb25a6e378,1368599
autoland,4768729,12,95f51e857a45cd76f1766c14d6bed804857cd27b,windows10-64-shippable-qr,True,False,,,102210fe594ee9b33d82058545b1ed14f4c8206e,custom.jsdebugger.open.DAMP,damp,True,damp custom.jsdebugger.open.DAMP opt e10s fission stylo webrender,4768565,77,ms,firefox,445186983,1835321248,2024-01-30T13:14:31,775.9416702393064,91338712d82fcf42896cfc451e6341a5b95963b8,1368603
autoland,4768729,12,95f51e857a45cd76f1766c14d6bed804857cd27b,windows10-64-shippable-qr,True,False,,,102210fe594ee9b33d82058545b1ed14f4c8206e,custom.jsdebugger.open.DAMP,damp,True,damp custom.jsdebugger.open.DAMP opt e10s fission stylo webrender,4768565,77,ms,firefox,445196180,1835393530,2024-01-30T14:29:15,769.8292961071129,1ac69623ae79a621c0035377f0841b1ba83070c1,1368655
autoland,4768729,12,95f51e857a45cd76f1766c14d6bed804857cd27b,windows10-64-shippable-qr,True,False,,,102210fe594ee9b33d82058545b1ed14f4c8206e,custom.jsdebugger.open.DAMP,damp,True,damp custom.jsdebugger.open.DAMP opt e10s fission stylo webrender,4768565,77,ms,firefox,445238058,1835461511,2024-01-30T18:56:21,770.7686862111732,a3dd43748dcdec6a27a5c140bfd611d463cd9acf,1368858
autoland,4768729,12,95f51e857a45cd76f1766c14d6bed804857cd27b,windows10-64-shippable-qr,True,False,,,102210fe594ee9b33d82058545b1ed14f4c8206e,custom.jsdebugger.open.DAMP,damp,True,damp custom.jsdebugger.open.DAMP opt e10s fission stylo webrender,4768565,77,ms,firefox,445249502,1835529487,2024-01-30T20:08:25,775.3909289999428,06b0ce1a9748e18deb48466efed01c1f5a8ff984,1368918
autoland,4768729,12,95f51e857a45cd76f1766c14d6bed804857cd27b,windows10-64-shippable-qr,True,False,,,102210fe594ee9b33d82058545b1ed14f4c8206e,custom.jsdebugger.open.DAMP,damp,True,damp custom.jsdebugger.open.DAMP opt e10s fission stylo webrender,4768565,77,ms,firefox,445276082,1835663639,2024-01-31T00:31:01,778.1299205408723,e35109546c3cb0f5957a604c27f5f1dd2b7f81c0,1369086
autoland,4768729,12,95f51e857a45cd76f1766c14d6bed804857cd27b,windows10-64-shippable-qr,True,False,,,102210fe594ee9b33d82058545b1ed14f4c8206e,custom.jsdebugger.open.DAMP,damp,True,damp custom.jsdebugger.open.DAMP opt e10s fission stylo webrender,4768565,77,ms,firefox,445278461,1835685285,2024-01-31T00:32:30,786.9871645210442,2cac2f68bfdcfc9012c537044bc475f076bda7b0,1369088
autoland,4768729,12,95f51e857a45cd76f1766c14d6bed804857cd27b,windows10-64-shippable-qr,True,False,,,102210fe594ee9b33d82058545b1ed14f4c8206e,custom.jsdebugger.open.DAMP,damp,True,damp custom.jsdebugger.open.DAMP opt e10s fission stylo webrender,4768565,77,ms,firefox,445294806,1835839953,2024-01-31T05:59:52,785.2426847109309,5f6f60ae2125dc46d98b4b9276bce2d562d1f1bf,1369182
autoland,4768729,12,95f51e857a45cd76f1766c14d6bed804857cd27b,windows10-64-shippable-qr,True,False,,,102210fe594ee9b33d82058545b1ed14f4c8206e,custom.jsdebugger.open.DAMP,damp,True,damp custom.jsdebugger.open.DAMP opt e10s fission stylo webrender,4768565,77,ms,firefox,445323956,1835961082,2024-01-31T10:01:40,769.375954026531,201f8fe705d53181047778d1c0722017bab79e95,1369265
autoland,4768729,12,95f51e857a45cd76f1766c14d6bed804857cd27b,windows10-64-shippable-qr,True,False,,,102210fe594ee9b33d82058545b1ed14f4c8206e,custom.jsdebugger.open.DAMP,damp,True,damp custom.jsdebugger.open.DAMP opt e10s fission stylo webrender,4768565,77,ms,firefox,445348338,1836041107,2024-01-31T13:01:30,770.3339981369936,5e52e144df4112277cfdda903747f83f1f147385,1369309
autoland,4768729,12,95f51e857a45cd76f1766c14d6bed804857cd27b,windows10-64-shippable-qr,True,False,,,102210fe594ee9b33d82058545b1ed14f4c8206e,custom.jsdebugger.open.DAMP,damp,True,damp custom.jsdebugger.open.DAMP opt e10s fission stylo webrender,4768565,77,ms,firefox,445772444,1837893586,2024-01-31T13:26:56,770.4716757654678,f14e73a3c2ee6127512ce394d0b85562a8cc2048,1369321
autoland,4768729,12,95f51e857a45cd76f1766c14d6bed804857cd27b,windows10-64-shippable-qr,True,False,,,102210fe594ee9b33d82058545b1ed14f4c8206e,custom.jsdebugger.open.DAMP,damp,True,damp custom.jsdebugger.open.DAMP opt e10s fission stylo webrender,4768565,77,ms,firefox,445772683,1837896013,2024-01-31T14:54:47,766.0980617370224,c7a61ba4978dbd738a5e9db28df8f6416a1a4a0b,1369358
autoland,4768729,12,95f51e857a45cd76f1766c14d6bed804857cd27b,windows10-64-shippable-qr,True,False,,,102210fe594ee9b33d82058545b1ed14f4c8206e,custom.jsdebugger.open.DAMP,damp,True,damp custom.jsdebugger.open.DAMP opt e10s fission stylo webrender,4768565,77,ms,firefox,445772680,1837895762,2024-01-31T15:58:13,764.678776484463,b7dab3b0d3f470193a71c5bea19ee5fbaa6530f1,1369399
autoland,4768729,12,95f51e857a45cd76f1766c14d6bed804857cd27b,windows10-64-shippable-qr,True,False,,,102210fe594ee9b33d82058545b1ed14f4c8206e,custom.jsdebugger.open.DAMP,damp,True,damp custom.jsdebugger.open.DAMP opt e10s fission stylo webrender,4768565,77,ms,firefox,445772681,1837896096,2024-01-31T16:10:27,769.010872132636,e5ffa1d00efcd98c1b4b7d4587f0ba8ea89a0db2,1369414
autoland,4768729,12,95f51e857a45cd76f1766c14d6bed804857cd27b,windows10-64-shippable-qr,True,False,,,102210fe594ee9b33d82058545b1ed14f4c8206e,custom.jsdebugger.open.DAMP,damp,True,damp custom.jsdebugger.open.DAMP opt e10s fission stylo webrender,4768565,77,ms,firefox,445772679,1837896154,2024-01-31T16:11:16,765.6871760318336,f334593f5b54c2cd4bad6153f197a8ab50d0bf86,1369416
autoland,4768729,12,95f51e857a45cd76f1766c14d6bed804857cd27b,windows10-64-shippable-qr,True,False,,,102210fe594ee9b33d82058545b1ed14f4c8206e,custom.jsdebugger.open.DAMP,damp,True,damp custom.jsdebugger.open.DAMP opt e10s fission stylo webrender,4768565,77,ms,firefox,445779079,1837926367,2024-01-31T16:12:12,770.8349191124653,f2dbae7b3f717262d728e0b2739995f3742a37b4,1369417
autoland,4768729,12,95f51e857a45cd76f1766c14d6bed804857cd27b,windows10-64-shippable-qr,True,False,,,102210fe594ee9b33d82058545b1ed14f4c8206e,custom.jsdebugger.open.DAMP,damp,True,damp custom.jsdebugger.open.DAMP opt e10s fission stylo webrender,4768565,77,ms,firefox,445772692,1837896249,2024-01-31T16:21:51,758.8511191984144,2950d0988467c20d2d5bb11edeae1b527dce4057,1369427
autoland,4768729,12,95f51e857a45cd76f1766c14d6bed804857cd27b,windows10-64-shippable-qr,True,False,,,102210fe594ee9b33d82058545b1ed14f4c8206e,custom.jsdebugger.open.DAMP,damp,True,damp custom.jsdebugger.open.DAMP opt e10s fission stylo webrender,4768565,77,ms,firefox,445778892,1837926289,2024-01-31T16:53:13,765.7093734341397,368e382154ba1fb46b60cf04d1b6b2c8c021b057,1369458
autoland,4768729,12,95f51e857a45cd76f1766c14d6bed804857cd27b,windows10-64-shippable-qr,True,False,,,102210fe594ee9b33d82058545b1ed14f4c8206e,custom.jsdebugger.open.DAMP,damp,True,damp custom.jsdebugger.open.DAMP opt e10s fission stylo webrender,4768565,77,ms,firefox,445392553,1836221429,2024-01-31T17:27:18,767.9167420443773,a0bd6c4162065e8caa2b60ce8082f77d53221fb7,1369495
autoland,4768729,12,95f51e857a45cd76f1766c14d6bed804857cd27b,windows10-64-shippable-qr,True,False,,,102210fe594ee9b33d82058545b1ed14f4c8206e,custom.jsdebugger.open.DAMP,damp,True,damp custom.jsdebugger.open.DAMP opt e10s fission stylo webrender,4768565,77,ms,firefox,445772806,1837896410,2024-01-31T18:14:46,755.2707813013549,dabc78ed364418198d15d0ee40ce671600716804,1369520
autoland,4768729,12,95f51e857a45cd76f1766c14d6bed804857cd27b,windows10-64-shippable-qr,True,False,,,102210fe594ee9b33d82058545b1ed14f4c8206e,custom.jsdebugger.open.DAMP,damp,True,damp custom.jsdebugger.open.DAMP opt e10s fission stylo webrender,4768565,77,ms,firefox,445772808,1837896479,2024-01-31T18:15:28,755.3638817512629,d7ae2c092dacedbe493fad467049f8e3305bd9a3,1369521
autoland,4768729,12,95f51e857a45cd76f1766c14d6bed804857cd27b,windows10-64-shippable-qr,True,False,,,102210fe594ee9b33d82058545b1ed14f4c8206e,custom.jsdebugger.open.DAMP,damp,True,damp custom.jsdebugger.open.DAMP opt e10s fission stylo webrender,4768565,77,ms,firefox,445772809,1837897038,2024-01-31T18:16:09,758.3024142485956,2ab23f6b4acdbccaefdf734fa71a6089abe40414,1369524
autoland,4768729,12,95f51e857a45cd76f1766c14d6bed804857cd27b,windows10-64-shippable-qr,True,False,,,102210fe594ee9b33d82058545b1ed14f4c8206e,custom.jsdebugger.open.DAMP,damp,True,damp custom.jsdebugger.open.DAMP opt e10s fission stylo webrender,4768565,77,ms,firefox,445772807,1837897573,2024-01-31T18:16:51,772.3377958122819,51cfd5dc22d96a1bf9482904157e76f085fa7da7,1369525
autoland,4768729,12,95f51e857a45cd76f1766c14d6bed804857cd27b,windows10-64-shippable-qr,True,False,,,102210fe594ee9b33d82058545b1ed14f4c8206e,custom.jsdebugger.open.DAMP,damp,True,damp custom.jsdebugger.open.DAMP opt e10s fission stylo webrender,4768565,77,ms,firefox,445772822,1837897521,2024-01-31T18:17:34,763.7348102581454,e0dd05f7816f3194d0a0a1d44ea0ebc55454b442,1369526
autoland,4768729,12,95f51e857a45cd76f1766c14d6bed804857cd27b,windows10-64-shippable-qr,True,False,,,102210fe594ee9b33d82058545b1ed14f4c8206e,custom.jsdebugger.open.DAMP,damp,True,damp custom.jsdebugger.open.DAMP opt e10s fission stylo webrender,4768565,77,ms,firefox,445772824,1837896980,2024-01-31T18:24:40,754.7118579040762,79a0d8770b55cb81f688dd50a56f2c84295b70f2,1369535
autoland,4768729,12,95f51e857a45cd76f1766c14d6bed804857cd27b,windows10-64-shippable-qr,True,False,,,102210fe594ee9b33d82058545b1ed14f4c8206e,custom.jsdebugger.open.DAMP,damp,True,damp custom.jsdebugger.open.DAMP opt e10s fission stylo webrender,4768565,77,ms,firefox,445772823,1837896819,2024-01-31T18:37:50,751.6360985130523,c1a64a50355f348b988d5ce4984c75035ef4196f,1369545
autoland,4768729,12,95f51e857a45cd76f1766c14d6bed804857cd27b,windows10-64-shippable-qr,True,False,,,102210fe594ee9b33d82058545b1ed14f4c8206e,custom.jsdebugger.open.DAMP,damp,True,damp custom.jsdebugger.open.DAMP opt e10s fission stylo webrender,4768565,77,ms,firefox,445398601,1836263437,2024-01-31T18:39:44,770.1770494489174,6bfab7427c326136417b187f0df7a7c63528daa3,1369546
autoland,4768729,12,95f51e857a45cd76f1766c14d6bed804857cd27b,windows10-64-shippable-qr,True,False,,,102210fe594ee9b33d82058545b1ed14f4c8206e,custom.jsdebugger.open.DAMP,damp,True,damp custom.jsdebugger.open.DAMP opt e10s fission stylo webrender,4768565,77,ms,firefox,445776639,1837918677,2024-01-31T20:14:06,755.3543280747399,e9db0721d85d94e0514b3e83a4e87bdc1198d89a,1369618
autoland,4768729,12,95f51e857a45cd76f1766c14d6bed804857cd27b,windows10-64-shippable-qr,True,False,,,102210fe594ee9b33d82058545b1ed14f4c8206e,custom.jsdebugger.open.DAMP,damp,True,damp custom.jsdebugger.open.DAMP opt e10s fission stylo webrender,4768565,77,ms,firefox,445776830,1837920300,2024-01-31T20:22:04,775.7367410168808,c1ca3cb878af776483480bf0e3ee3b3b232d9ba4,1369624
autoland,4768729,12,95f51e857a45cd76f1766c14d6bed804857cd27b,windows10-64-shippable-qr,True,False,,,102210fe594ee9b33d82058545b1ed14f4c8206e,custom.jsdebugger.open.DAMP,damp,True,damp custom.jsdebugger.open.DAMP opt e10s fission stylo webrender,4768565,77,ms,firefox,445776990,1837921059,2024-01-31T20:24:14,759.3958746488352,ec3d7aa71aecee95cc8bcc26219f04835617da60,1369626
autoland,4768729,12,95f51e857a45cd76f1766c14d6bed804857cd27b,windows10-64-shippable-qr,True,False,,,102210fe594ee9b33d82058545b1ed14f4c8206e,custom.jsdebugger.open.DAMP,damp,True,damp custom.jsdebugger.open.DAMP opt e10s fission stylo webrender,4768565,77,ms,firefox,445776712,1837919249,2024-01-31T20:52:07,752.1765977048199,1b403f25c82f2186cd301a73dadae6a394443077,1369644
autoland,4768729,12,95f51e857a45cd76f1766c14d6bed804857cd27b,windows10-64-shippable-qr,True,False,,,102210fe594ee9b33d82058545b1ed14f4c8206e,custom.jsdebugger.open.DAMP,damp,True,damp custom.jsdebugger.open.DAMP opt e10s fission stylo webrender,4768565,77,ms,firefox,445776994,1837920933,2024-01-31T20:53:04,750.8546979373223,1152ee7054c3d86bed8ea838a06be0123db1af2d,1369645
autoland,4768729,12,95f51e857a45cd76f1766c14d6bed804857cd27b,windows10-64-shippable-qr,True,False,,,102210fe594ee9b33d82058545b1ed14f4c8206e,custom.jsdebugger.open.DAMP,damp,True,damp custom.jsdebugger.open.DAMP opt e10s fission stylo webrender,4768565,77,ms,firefox,445777187,1837921269,2024-01-31T20:53:48,752.1979295413257,65f9a92644bb7865929490f498c66995c06d5387,1369647
autoland,4768729,12,95f51e857a45cd76f1766c14d6bed804857cd27b,windows10-64-shippable-qr,True,False,,,102210fe594ee9b33d82058545b1ed14f4c8206e,custom.jsdebugger.open.DAMP,damp,True,damp custom.jsdebugger.open.DAMP opt e10s fission stylo webrender,4768565,77,ms,firefox,445776708,1837919365,2024-01-31T21:00:33,753.2635694344353,b9335c5177f4e1c1363db4a158ff8a827e861dfc,1369651
autoland,4768729,12,95f51e857a45cd76f1766c14d6bed804857cd27b,windows10-64-shippable-qr,True,False,,,102210fe594ee9b33d82058545b1ed14f4c8206e,custom.jsdebugger.open.DAMP,damp,True,damp custom.jsdebugger.open.DAMP opt e10s fission stylo webrender,4768565,77,ms,firefox,445779801,1837931974,2024-01-31T21:10:21,753.7279579695605,37e780bf8effc94ba32f20806a1247e3229ade6f,1369657
autoland,4768729,12,95f51e857a45cd76f1766c14d6bed804857cd27b,windows10-64-shippable-qr,True,False,,,102210fe594ee9b33d82058545b1ed14f4c8206e,custom.jsdebugger.open.DAMP,damp,True,damp custom.jsdebugger.open.DAMP opt e10s fission stylo webrender,4768565,77,ms,firefox,445779535,1837930143,2024-01-31T21:40:14,755.9184650100733,201e6b644a8625aedbd096cd40e10d9c1028d76d,1369675
autoland,4768729,12,95f51e857a45cd76f1766c14d6bed804857cd27b,windows10-64-shippable-qr,True,False,,,102210fe594ee9b33d82058545b1ed14f4c8206e,custom.jsdebugger.open.DAMP,damp,True,damp custom.jsdebugger.open.DAMP opt e10s fission stylo webrender,4768565,77,ms,firefox,445430930,1836373306,2024-01-31T21:40:54,758.0599962112028,2ee5ce9b3c67b7e972b0dff7348ea32cb570880e,1369676
autoland,4768729,12,95f51e857a45cd76f1766c14d6bed804857cd27b,windows10-64-shippable-qr,True,False,,,102210fe594ee9b33d82058545b1ed14f4c8206e,custom.jsdebugger.open.DAMP,damp,True,damp custom.jsdebugger.open.DAMP opt e10s fission stylo webrender,4768565,77,ms,firefox,445776581,1837918143,2024-01-31T22:44:54,759.5266117074643,c3f86949a2750d2a3c0d5fd27c923ffeb08ad7b0,1369717
autoland,4768729,12,95f51e857a45cd76f1766c14d6bed804857cd27b,windows10-64-shippable-qr,True,False,,,102210fe594ee9b33d82058545b1ed14f4c8206e,custom.jsdebugger.open.DAMP,damp,True,damp custom.jsdebugger.open.DAMP opt e10s fission stylo webrender,4768565,77,ms,firefox,445776704,1837919309,2024-01-31T22:46:36,759.001805651802,b26966a8b4176b72a71e58e606e42940a30d70d6,1369718
autoland,4768729,12,95f51e857a45cd76f1766c14d6bed804857cd27b,windows10-64-shippable-qr,True,False,,,102210fe594ee9b33d82058545b1ed14f4c8206e,custom.jsdebugger.open.DAMP,damp,True,damp custom.jsdebugger.open.DAMP opt e10s fission stylo webrender,4768565,77,ms,firefox,445778889,1837926201,2024-01-31T22:47:15,758.6378622440825,f166c1ffb0460ce02d445ba0e2e4f10dbf43af26,1369719
autoland,4768729,12,95f51e857a45cd76f1766c14d6bed804857cd27b,windows10-64-shippable-qr,True,False,,,102210fe594ee9b33d82058545b1ed14f4c8206e,custom.jsdebugger.open.DAMP,damp,True,damp custom.jsdebugger.open.DAMP opt e10s fission stylo webrender,4768565,77,ms,firefox,445777208,1837921766,2024-01-31T23:06:40,760.2583484174393,d9b5461f2a9f102551e7b1d3cbac0bec22402938,1369734
autoland,4768729,12,95f51e857a45cd76f1766c14d6bed804857cd27b,windows10-64-shippable-qr,True,False,,,102210fe594ee9b33d82058545b1ed14f4c8206e,custom.jsdebugger.open.DAMP,damp,True,damp custom.jsdebugger.open.DAMP opt e10s fission stylo webrender,4768565,77,ms,firefox,445776858,1837920208,2024-01-31T23:19:01,751.599147485409,6f182537ac36b32479b348ac47b9ddf17d1429a1,1369752
autoland,4768729,12,95f51e857a45cd76f1766c14d6bed804857cd27b,windows10-64-shippable-qr,True,False,,,102210fe594ee9b33d82058545b1ed14f4c8206e,custom.jsdebugger.open.DAMP,damp,True,damp custom.jsdebugger.open.DAMP opt e10s fission stylo webrender,4768565,77,ms,firefox,445781212,1837934209,2024-01-31T23:57:49,750.647935225933,9185b7c49a90a854e38670af626bd917dc7a3ad3,1369777
autoland,4768729,12,95f51e857a45cd76f1766c14d6bed804857cd27b,windows10-64-shippable-qr,True,False,,,102210fe594ee9b33d82058545b1ed14f4c8206e,custom.jsdebugger.open.DAMP,damp,True,damp custom.jsdebugger.open.DAMP opt e10s fission stylo webrender,4768565,77,ms,firefox,445776697,1837919159,2024-02-01T00:33:55,755.2148133432784,97ea944e406f25d85492ed8efb74cb80efe624b0,1369791
autoland,4768729,12,95f51e857a45cd76f1766c14d6bed804857cd27b,windows10-64-shippable-qr,True,False,,,102210fe594ee9b33d82058545b1ed14f4c8206e,custom.jsdebugger.open.DAMP,damp,True,damp custom.jsdebugger.open.DAMP opt e10s fission stylo webrender,4768565,77,ms,firefox,445776827,1837919982,2024-02-01T00:50:55,751.9203383836721,3499edf7911e4982458b528feca3c661c126267d,1369800
autoland,4768729,12,95f51e857a45cd76f1766c14d6bed804857cd27b,windows10-64-shippable-qr,True,False,,,102210fe594ee9b33d82058545b1ed14f4c8206e,custom.jsdebugger.open.DAMP,damp,True,damp custom.jsdebugger.open.DAMP opt e10s fission stylo webrender,4768565,77,ms,firefox,445776664,1837918894,2024-02-01T01:26:40,757.144622324704,7a5d2979591703e496ebda36983639094b7cb852,1369814
autoland,4768729,12,95f51e857a45cd76f1766c14d6bed804857cd27b,windows10-64-shippable-qr,True,False,,,102210fe594ee9b33d82058545b1ed14f4c8206e,custom.jsdebugger.open.DAMP,damp,True,damp custom.jsdebugger.open.DAMP opt e10s fission stylo webrender,4768565,77,ms,firefox,445445263,1836441964,2024-02-01T02:14:37,753.5584018219088,6db2a1e04f4120175d3aad9831795823a4269aab,1369822
autoland,4768729,12,95f51e857a45cd76f1766c14d6bed804857cd27b,windows10-64-shippable-qr,True,False,,,102210fe594ee9b33d82058545b1ed14f4c8206e,custom.jsdebugger.open.DAMP,damp,True,damp custom.jsdebugger.open.DAMP opt e10s fission stylo webrender,4768565,77,ms,firefox,445779551,1837930872,2024-02-01T02:18:44,756.0007181644723,3282e5ae834673b74f5f9425e730f251d2edd6d1,1369824
autoland,4768729,12,95f51e857a45cd76f1766c14d6bed804857cd27b,windows10-64-shippable-qr,True,False,,,102210fe594ee9b33d82058545b1ed14f4c8206e,custom.jsdebugger.open.DAMP,damp,True,damp custom.jsdebugger.open.DAMP opt e10s fission stylo webrender,4768565,77,ms,firefox,445779758,1837931833,2024-02-01T05:37:10,750.9530005522975,f46a3a944c8fa7fdb0737f0b4778a87929d9224a,1369849
autoland,4768729,12,95f51e857a45cd76f1766c14d6bed804857cd27b,windows10-64-shippable-qr,True,False,,,102210fe594ee9b33d82058545b1ed14f4c8206e,custom.jsdebugger.open.DAMP,damp,True,damp custom.jsdebugger.open.DAMP opt e10s fission stylo webrender,4768565,77,ms,firefox,445462929,1836595557,2024-02-01T06:47:17,763.8355129162082,959c3318d5c3f3881746455c2c584be49bb179b6,1369862
autoland,4768729,12,95f51e857a45cd76f1766c14d6bed804857cd27b,windows10-64-shippable-qr,True,False,,,102210fe594ee9b33d82058545b1ed14f4c8206e,custom.jsdebugger.open.DAMP,damp,True,damp custom.jsdebugger.open.DAMP opt e10s fission stylo webrender,4768565,77,ms,firefox,445502438,1836714099,2024-02-01T11:14:36,757.2638256142382,a6957fa936149dccf133bd99e165c5879c2cb4d5,1370007
autoland,4768729,12,95f51e857a45cd76f1766c14d6bed804857cd27b,windows10-64-shippable-qr,True,False,,,102210fe594ee9b33d82058545b1ed14f4c8206e,custom.jsdebugger.open.DAMP,damp,True,damp custom.jsdebugger.open.DAMP opt e10s fission stylo webrender,4768565,77,ms,firefox,445526618,1836789884,2024-02-01T13:09:51,763.8416758115636,93a67689b8581caaa6d429ea7105abf0dc55e98f,1370065
autoland,4768729,12,95f51e857a45cd76f1766c14d6bed804857cd27b,windows10-64-shippable-qr,True,False,,,102210fe594ee9b33d82058545b1ed14f4c8206e,custom.jsdebugger.open.DAMP,damp,True,damp custom.jsdebugger.open.DAMP opt e10s fission stylo webrender,4768565,77,ms,firefox,445570175,1837060845,2024-02-01T17:13:14,762.7894974517694,f84c76f9460d8a2a4048954be483e24638c0f39c,1370273
autoland,4768729,12,95f51e857a45cd76f1766c14d6bed804857cd27b,windows10-64-shippable-qr,True,False,,,102210fe594ee9b33d82058545b1ed14f4c8206e,custom.jsdebugger.open.DAMP,damp,True,damp custom.jsdebugger.open.DAMP opt e10s fission stylo webrender,4768565,77,ms,firefox,445577409,1837078381,2024-02-01T18:09:58,755.3376027328341,854c462a083b4271435625134f95ce342e243ccb,1370333
autoland,4768729,12,95f51e857a45cd76f1766c14d6bed804857cd27b,windows10-64-shippable-qr,True,False,,,102210fe594ee9b33d82058545b1ed14f4c8206e,custom.jsdebugger.open.DAMP,damp,True,damp custom.jsdebugger.open.DAMP opt e10s fission stylo webrender,4768565,77,ms,firefox,445612941,1837162160,2024-02-01T22:12:05,757.5822790988605,144c524a091e2ed65d62b4911026d3400cea02fa,1370552
autoland,4768729,12,95f51e857a45cd76f1766c14d6bed804857cd27b,windows10-64-shippable-qr,True,False,,,102210fe594ee9b33d82058545b1ed14f4c8206e,custom.jsdebugger.open.DAMP,damp,True,damp custom.jsdebugger.open.DAMP opt e10s fission stylo webrender,4768565,77,ms,firefox,445616092,1837183907,2024-02-01T22:19:46,751.959166996894,085a323ab16cb288d40fca29f6bb35d5d7e85753,1370561
autoland,4768729,12,95f51e857a45cd76f1766c14d6bed804857cd27b,windows10-64-shippable-qr,True,False,,,102210fe594ee9b33d82058545b1ed14f4c8206e,custom.jsdebugger.open.DAMP,damp,True,damp custom.jsdebugger.open.DAMP opt e10s fission stylo webrender,4768565,77,ms,firefox,445629373,1837265892,2024-02-02T02:49:20,752.2162784680695,dd4c0135beb5076b1a073f8d52507b724781d423,1370659
autoland,4768729,12,95f51e857a45cd76f1766c14d6bed804857cd27b,windows10-64-shippable-qr,True,False,,,102210fe594ee9b33d82058545b1ed14f4c8206e,custom.jsdebugger.open.DAMP,damp,True,damp custom.jsdebugger.open.DAMP opt e10s fission stylo webrender,4768565,77,ms,firefox,445703919,1837554006,2024-02-02T13:54:17,751.2676277483688,90d84a362f057a96158ef63f7aa96d639916e390,1370837
autoland,4768729,12,95f51e857a45cd76f1766c14d6bed804857cd27b,windows10-64-shippable-qr,True,False,,,102210fe594ee9b33d82058545b1ed14f4c8206e,custom.jsdebugger.open.DAMP,damp,True,damp custom.jsdebugger.open.DAMP opt e10s fission stylo webrender,4768565,77,ms,firefox,445720680,1837660430,2024-02-02T14:44:09,761.1344544985986,2d3365b1475ea6b0234b76a4ccfefc8c11e491a0,1370872
autoland,4768729,12,95f51e857a45cd76f1766c14d6bed804857cd27b,windows10-64-shippable-qr,True,False,,,102210fe594ee9b33d82058545b1ed14f4c8206e,custom.jsdebugger.open.DAMP,damp,True,damp custom.jsdebugger.open.DAMP opt e10s fission stylo webrender,4768565,77,ms,firefox,445765810,1837869103,2024-02-02T19:53:24,750.0980480167327,67f13af428e383eb2f3472448564da31a6cd3eae,1371106
autoland,4768729,12,95f51e857a45cd76f1766c14d6bed804857cd27b,windows10-64-shippable-qr,True,False,,,102210fe594ee9b33d82058545b1ed14f4c8206e,custom.jsdebugger.open.DAMP,damp,True,damp custom.jsdebugger.open.DAMP opt e10s fission stylo webrender,4768565,77,ms,firefox,445774185,1837905901,2024-02-02T21:53:09,756.2599647948955,0a89948ba0c00bf10f2fb02375bb347cffbdc1e1,1371183
autoland,4768729,12,95f51e857a45cd76f1766c14d6bed804857cd27b,windows10-64-shippable-qr,True,False,,,102210fe594ee9b33d82058545b1ed14f4c8206e,custom.jsdebugger.open.DAMP,damp,True,damp custom.jsdebugger.open.DAMP opt e10s fission stylo webrender,4768565,77,ms,firefox,445787061,1837970868,2024-02-03T02:32:07,751.5076659883489,b9172a6f32d47b58f805d7cdc242ba32e55cb4a6,1371314
autoland,4768729,12,95f51e857a45cd76f1766c14d6bed804857cd27b,windows10-64-shippable-qr,True,False,,,102210fe594ee9b33d82058545b1ed14f4c8206e,custom.jsdebugger.open.DAMP,damp,True,damp custom.jsdebugger.open.DAMP opt e10s fission stylo webrender,4768565,77,ms,firefox,445797841,1838013224,2024-02-03T06:48:17,748.0437370058935,f8d442e9495d595bd8d4c6cbd272480f9d0dbfb5,1371333
autoland,4768729,12,95f51e857a45cd76f1766c14d6bed804857cd27b,windows10-64-shippable-qr,True,False,,,102210fe594ee9b33d82058545b1ed14f4c8206e,custom.jsdebugger.open.DAMP,damp,True,damp custom.jsdebugger.open.DAMP opt e10s fission stylo webrender,4768565,77,ms,firefox,445809559,1838064885,2024-02-03T09:08:28,769.4684686345281,6c316fd08b2f2ac6443dd8193a52f819df23ce2e,1371368
autoland,4768729,12,95f51e857a45cd76f1766c14d6bed804857cd27b,windows10-64-shippable-qr,True,False,,,102210fe594ee9b33d82058545b1ed14f4c8206e,custom.jsdebugger.open.DAMP,damp,True,damp custom.jsdebugger.open.DAMP opt e10s fission stylo webrender,4768565,77,ms,firefox,445832021,1838149856,2024-02-03T16:51:05,756.7101878118701,234a8e0fb95fc4c3f978bc6c198667481d3115da,1371417
autoland,4768729,12,95f51e857a45cd76f1766c14d6bed804857cd27b,windows10-64-shippable-qr,True,False,,,102210fe594ee9b33d82058545b1ed14f4c8206e,custom.jsdebugger.open.DAMP,damp,True,damp custom.jsdebugger.open.DAMP opt e10s fission stylo webrender,4768565,77,ms,firefox,445880413,1838453266,2024-02-04T11:04:08,774.7730819485587,eb281b3fd4660b5e7e7d1e77f7ebe3182c28569d,1371513
autoland,4768729,12,95f51e857a45cd76f1766c14d6bed804857cd27b,windows10-64-shippable-qr,True,False,,,102210fe594ee9b33d82058545b1ed14f4c8206e,custom.jsdebugger.open.DAMP,damp,True,damp custom.jsdebugger.open.DAMP opt e10s fission stylo webrender,4768565,77,ms,firefox,445908089,1838662263,2024-02-05T01:14:58,770.7402772856904,778e884de4e5ecb46e2d212a6f5f4a13e465a3a4,1371575
autoland,4768729,12,95f51e857a45cd76f1766c14d6bed804857cd27b,windows10-64-shippable-qr,True,False,,,102210fe594ee9b33d82058545b1ed14f4c8206e,custom.jsdebugger.open.DAMP,damp,True,damp custom.jsdebugger.open.DAMP opt e10s fission stylo webrender,4768565,77,ms,firefox,445914971,1838702491,2024-02-05T06:38:18,754.9128165358416,9ca12d444230411e2168420a584a7f95e90c1f97,1371605
autoland,4768729,12,95f51e857a45cd76f1766c14d6bed804857cd27b,windows10-64-shippable-qr,True,False,,,102210fe594ee9b33d82058545b1ed14f4c8206e,custom.jsdebugger.open.DAMP,damp,True,damp custom.jsdebugger.open.DAMP opt e10s fission stylo webrender,4768565,77,ms,firefox,445953719,1838838070,2024-02-05T11:13:48,751.4075726126466,e026ce62cd3a8700c3c5fb7495521391420d3ef6,1371747
autoland,4768729,12,95f51e857a45cd76f1766c14d6bed804857cd27b,windows10-64-shippable-qr,True,False,,,102210fe594ee9b33d82058545b1ed14f4c8206e,custom.jsdebugger.open.DAMP,damp,True,damp custom.jsdebugger.open.DAMP opt e10s fission stylo webrender,4768565,77,ms,firefox,445996515,1838965112,2024-02-05T15:06:21,770.215647683739,d67e058935bae8bfad9fb5868b225926a25cb64a,1371897
autoland,4768729,12,95f51e857a45cd76f1766c14d6bed804857cd27b,windows10-64-shippable-qr,True,False,,,102210fe594ee9b33d82058545b1ed14f4c8206e,custom.jsdebugger.open.DAMP,damp,True,damp custom.jsdebugger.open.DAMP opt e10s fission stylo webrender,4768565,77,ms,firefox,446024915,1839060474,2024-02-05T18:46:19,773.4952121083334,9559ddacce7e802c8bda80f0f58d6cfd6cdd2948,1372136
autoland,4768729,12,95f51e857a45cd76f1766c14d6bed804857cd27b,windows10-64-shippable-qr,True,False,,,102210fe594ee9b33d82058545b1ed14f4c8206e,custom.jsdebugger.open.DAMP,damp,True,damp custom.jsdebugger.open.DAMP opt e10s fission stylo webrender,4768565,77,ms,firefox,446061514,1839206087,2024-02-05T23:26:30,756.1627722815319,9f16b642b137c1390a012556c58e9f957a816ef6,1372325
autoland,4768729,12,95f51e857a45cd76f1766c14d6bed804857cd27b,windows10-64-shippable-qr,True,False,,,102210fe594ee9b33d82058545b1ed14f4c8206e,custom.jsdebugger.open.DAMP,damp,True,damp custom.jsdebugger.open.DAMP opt e10s fission stylo webrender,4768565,77,ms,firefox,446073974,1839281188,2024-02-06T03:53:00,754.5976691739706,1995789cfffa08b612d3571d2e8596837f772a49,1372390
autoland,4768729,12,95f51e857a45cd76f1766c14d6bed804857cd27b,windows10-64-shippable-qr,True,False,,,102210fe594ee9b33d82058545b1ed14f4c8206e,custom.jsdebugger.open.DAMP,damp,True,damp custom.jsdebugger.open.DAMP opt e10s fission stylo webrender,4768565,77,ms,firefox,446094910,1839473109,2024-02-06T07:31:17,744.0394676839423,df0b9539f5604a9aefc6916ce6ecf2e52670b78b,1372455
autoland,4768729,12,95f51e857a45cd76f1766c14d6bed804857cd27b,windows10-64-shippable-qr,True,False,,,102210fe594ee9b33d82058545b1ed14f4c8206e,custom.jsdebugger.open.DAMP,damp,True,damp custom.jsdebugger.open.DAMP opt e10s fission stylo webrender,4768565,77,ms,firefox,446146655,1839657855,2024-02-06T11:44:40,753.8074912490702,c48ca61bc9255db0107d377c103a752265b60eb8,1372588
autoland,4768729,12,95f51e857a45cd76f1766c14d6bed804857cd27b,windows10-64-shippable-qr,True,False,,,102210fe594ee9b33d82058545b1ed14f4c8206e,custom.jsdebugger.open.DAMP,damp,True,damp custom.jsdebugger.open.DAMP opt e10s fission stylo webrender,4768565,77,ms,firefox,446729921,1842055376,2024-02-06T12:16:41,757.378001555815,42d77e7dae4bb4b0a7b4f6b9dd45c88ba835b5d0,1372602
autoland,4768729,12,95f51e857a45cd76f1766c14d6bed804857cd27b,windows10-64-shippable-qr,True,False,,,102210fe594ee9b33d82058545b1ed14f4c8206e,custom.jsdebugger.open.DAMP,damp,True,damp custom.jsdebugger.open.DAMP opt e10s fission stylo webrender,4768565,77,ms,firefox,446712142,1841985173,2024-02-06T12:56:38,753.2166361571872,e25850706df9ccdd4892444e83613dd37b57c4d1,1372617
autoland,4768729,12,95f51e857a45cd76f1766c14d6bed804857cd27b,windows10-64-shippable-qr,True,False,,,102210fe594ee9b33d82058545b1ed14f4c8206e,custom.jsdebugger.open.DAMP,damp,True,damp custom.jsdebugger.open.DAMP opt e10s fission stylo webrender,4768565,77,ms,firefox,446713028,1841990514,2024-02-06T12:56:38,750.5632854294672,e25850706df9ccdd4892444e83613dd37b57c4d1,1372617
autoland,4768729,12,95f51e857a45cd76f1766c14d6bed804857cd27b,windows10-64-shippable-qr,True,False,,,102210fe594ee9b33d82058545b1ed14f4c8206e,custom.jsdebugger.open.DAMP,damp,True,damp custom.jsdebugger.open.DAMP opt e10s fission stylo webrender,4768565,77,ms,firefox,446712866,1841988986,2024-02-06T13:35:24,757.4087367131515,52a9c3007135b23deb7a7da6a8c4294c60c52852,1372652
autoland,4768729,12,95f51e857a45cd76f1766c14d6bed804857cd27b,windows10-64-shippable-qr,True,False,,,102210fe594ee9b33d82058545b1ed14f4c8206e,custom.jsdebugger.open.DAMP,damp,True,damp custom.jsdebugger.open.DAMP opt e10s fission stylo webrender,4768565,77,ms,firefox,446713008,1841989972,2024-02-06T13:35:24,759.1581424370015,52a9c3007135b23deb7a7da6a8c4294c60c52852,1372652
autoland,4768729,12,95f51e857a45cd76f1766c14d6bed804857cd27b,windows10-64-shippable-qr,True,False,,,102210fe594ee9b33d82058545b1ed14f4c8206e,custom.jsdebugger.open.DAMP,damp,True,damp custom.jsdebugger.open.DAMP opt e10s fission stylo webrender,4768565,77,ms,firefox,446208047,1839886048,2024-02-06T17:15:13,750.4888747501018,79b38383448166074627506218757a9881ca5679,1372809
autoland,4768729,12,95f51e857a45cd76f1766c14d6bed804857cd27b,windows10-64-shippable-qr,True,False,,,102210fe594ee9b33d82058545b1ed14f4c8206e,custom.jsdebugger.open.DAMP,damp,True,damp custom.jsdebugger.open.DAMP opt e10s fission stylo webrender,4768565,77,ms,firefox,446215457,1839923479,2024-02-06T17:24:04,758.0599852066225,1f93ea2744765ca11b90874574cc12168d3828a5,1372818
autoland,4768729,12,95f51e857a45cd76f1766c14d6bed804857cd27b,windows10-64-shippable-qr,True,False,,,102210fe594ee9b33d82058545b1ed14f4c8206e,custom.jsdebugger.open.DAMP,damp,True,damp custom.jsdebugger.open.DAMP opt e10s fission stylo webrender,4768565,77,ms,firefox,446278329,1840257470,2024-02-07T04:17:01,751.4127784255688,1d87eb92ed10d04dccab53b631b14010ca09beb6,1373159
autoland,4768729,12,95f51e857a45cd76f1766c14d6bed804857cd27b,windows10-64-shippable-qr,True,False,,,102210fe594ee9b33d82058545b1ed14f4c8206e,custom.jsdebugger.open.DAMP,damp,True,damp custom.jsdebugger.open.DAMP opt e10s fission stylo webrender,4768565,77,ms,firefox,446280827,1840285963,2024-02-07T04:22:59,753.1751728770687,fce00cd55ffb9127f24e7e1d2186178f72429fce,1373168
autoland,4768729,12,95f51e857a45cd76f1766c14d6bed804857cd27b,windows10-64-shippable-qr,True,False,,,102210fe594ee9b33d82058545b1ed14f4c8206e,custom.jsdebugger.open.DAMP,damp,True,damp custom.jsdebugger.open.DAMP opt e10s fission stylo webrender,4768565,77,ms,firefox,446305810,1840412207,2024-02-07T08:54:39,773.7785640582006,df59ba0b3152fb8f6812b413bd2a6869bff469c1,1373246
autoland,4768729,12,95f51e857a45cd76f1766c14d6bed804857cd27b,windows10-64-shippable-qr,True,False,,,102210fe594ee9b33d82058545b1ed14f4c8206e,custom.jsdebugger.open.DAMP,damp,True,damp custom.jsdebugger.open.DAMP opt e10s fission stylo webrender,4768565,77,ms,firefox,446305287,1840401294,2024-02-07T09:01:16,758.5329022978112,ab5b008e36a4742d737a89c8cbfc1a69e2b76456,1373249
autoland,4768729,12,95f51e857a45cd76f1766c14d6bed804857cd27b,windows10-64-shippable-qr,True,False,,,102210fe594ee9b33d82058545b1ed14f4c8206e,custom.jsdebugger.open.DAMP,damp,True,damp custom.jsdebugger.open.DAMP opt e10s fission stylo webrender,4768565,77,ms,firefox,446357682,1840547695,2024-02-07T13:03:40,757.1312274186639,ec34bf3905e43d945effa45ba094092c7355d4b2,1373380
autoland,4768729,12,95f51e857a45cd76f1766c14d6bed804857cd27b,windows10-64-shippable-qr,True,False,,,102210fe594ee9b33d82058545b1ed14f4c8206e,custom.jsdebugger.open.DAMP,damp,True,damp custom.jsdebugger.open.DAMP opt e10s fission stylo webrender,4768565,77,ms,firefox,446374826,1840614398,2024-02-07T14:05:10,758.5311898080727,fdda8b6b095615f06fbef5c21ff9ad0a90927c83,1373437
autoland,4768729,12,95f51e857a45cd76f1766c14d6bed804857cd27b,windows10-64-shippable-qr,True,False,,,102210fe594ee9b33d82058545b1ed14f4c8206e,custom.jsdebugger.open.DAMP,damp,True,damp custom.jsdebugger.open.DAMP opt e10s fission stylo webrender,4768565,77,ms,firefox,446404425,1840729121,2024-02-07T17:25:01,753.9547821076776,fcafc196f2cef3d5c607edaa0f66c96cdf1708d6,1373622
autoland,4768729,12,95f51e857a45cd76f1766c14d6bed804857cd27b,windows10-64-shippable-qr,True,False,,,102210fe594ee9b33d82058545b1ed14f4c8206e,custom.jsdebugger.open.DAMP,damp,True,damp custom.jsdebugger.open.DAMP opt e10s fission stylo webrender,4768565,77,ms,firefox,446431597,1840856052,2024-02-07T21:31:39,756.4733855619124,0eee0e78f83c43165f612c4e7f3f7ff52d665b9c,1373826
autoland,4768729,12,95f51e857a45cd76f1766c14d6bed804857cd27b,windows10-64-shippable-qr,True,False,,,102210fe594ee9b33d82058545b1ed14f4c8206e,custom.jsdebugger.open.DAMP,damp,True,damp custom.jsdebugger.open.DAMP opt e10s fission stylo webrender,4768565,77,ms,firefox,446434837,1840883705,2024-02-07T21:36:53,756.8716525792315,1cb745ef034e9cd65d98c15632e13f5862e7390b,1373829
autoland,4768729,12,95f51e857a45cd76f1766c14d6bed804857cd27b,windows10-64-shippable-qr,True,False,,,102210fe594ee9b33d82058545b1ed14f4c8206e,custom.jsdebugger.open.DAMP,damp,True,damp custom.jsdebugger.open.DAMP opt e10s fission stylo webrender,4768565,77,ms,firefox,446456369,1840966230,2024-02-08T01:47:30,756.1236063784308,0cb1cb869761baae745081466c878e32a7d83888,1373927
autoland,4768729,12,95f51e857a45cd76f1766c14d6bed804857cd27b,windows10-64-shippable-qr,True,False,,,102210fe594ee9b33d82058545b1ed14f4c8206e,custom.jsdebugger.open.DAMP,damp,True,damp custom.jsdebugger.open.DAMP opt e10s fission stylo webrender,4768565,77,ms,firefox,446457867,1840983261,2024-02-08T02:38:53,758.8999055873983,bbcb9c75a4919aa67c2fc1ec689eb69d653990dd,1373953
autoland,4768729,12,95f51e857a45cd76f1766c14d6bed804857cd27b,windows10-64-shippable-qr,True,False,,,102210fe594ee9b33d82058545b1ed14f4c8206e,custom.jsdebugger.open.DAMP,damp,True,damp custom.jsdebugger.open.DAMP opt e10s fission stylo webrender,4768565,77,ms,firefox,446471760,1841073255,2024-02-08T07:03:19,756.099454959025,344524bd7c755d7d7fcfca1d69503577b07db2b7,1374007
autoland,4768729,12,95f51e857a45cd76f1766c14d6bed804857cd27b,windows10-64-shippable-qr,True,False,,,102210fe594ee9b33d82058545b1ed14f4c8206e,custom.jsdebugger.open.DAMP,damp,True,damp custom.jsdebugger.open.DAMP opt e10s fission stylo webrender,4768565,77,ms,firefox,446530805,1841289928,2024-02-08T14:56:42,758.0789402273585,286029e09b16d8910d7110864541cdb9d4b84681,1374192
autoland,4768729,12,95f51e857a45cd76f1766c14d6bed804857cd27b,windows10-64-shippable-qr,True,False,,,102210fe594ee9b33d82058545b1ed14f4c8206e,custom.jsdebugger.open.DAMP,damp,True,damp custom.jsdebugger.open.DAMP opt e10s fission stylo webrender,4768565,77,ms,firefox,446535400,1841312501,2024-02-08T16:03:43,770.3438829172565,590071462358f92ff5d36dc8f99a472a45101fdb,1374244
autoland,4768729,12,95f51e857a45cd76f1766c14d6bed804857cd27b,windows10-64-shippable-qr,True,False,,,102210fe594ee9b33d82058545b1ed14f4c8206e,custom.jsdebugger.open.DAMP,damp,True,damp custom.jsdebugger.open.DAMP opt e10s fission stylo webrender,4768565,77,ms,firefox,446614484,1841625226,2024-02-08T16:06:07,755.7584590861225,d1407828e12f283b72201d60546963da4142ff63,1374249
autoland,4768729,12,95f51e857a45cd76f1766c14d6bed804857cd27b,windows10-64-shippable-qr,True,False,,,102210fe594ee9b33d82058545b1ed14f4c8206e,custom.jsdebugger.open.DAMP,damp,True,damp custom.jsdebugger.open.DAMP opt e10s fission stylo webrender,4768565,77,ms,firefox,446614009,1841623972,2024-02-08T16:06:52,716.5401458857505,242972a790a380b96902a401bcdf1e8ad8152951,1374250
autoland,4768729,12,95f51e857a45cd76f1766c14d6bed804857cd27b,windows10-64-shippable-qr,True,False,,,102210fe594ee9b33d82058545b1ed14f4c8206e,custom.jsdebugger.open.DAMP,damp,True,damp custom.jsdebugger.open.DAMP opt e10s fission stylo webrender,4768565,77,ms,firefox,446609810,1841603816,2024-02-08T16:54:55,709.9567018297457,762581f81b01f891ae25c62cfe43e3486b5013be,1374288
autoland,4768729,12,95f51e857a45cd76f1766c14d6bed804857cd27b,windows10-64-shippable-qr,True,False,,,102210fe594ee9b33d82058545b1ed14f4c8206e,custom.jsdebugger.open.DAMP,damp,True,damp custom.jsdebugger.open.DAMP opt e10s fission stylo webrender,4768565,77,ms,firefox,446610044,1841605983,2024-02-08T16:57:49,697.1065460346726,b69dab8abba58f9c27a9881a77d14451a122ae0f,1374293
autoland,4768729,12,95f51e857a45cd76f1766c14d6bed804857cd27b,windows10-64-shippable-qr,True,False,,,102210fe594ee9b33d82058545b1ed14f4c8206e,custom.jsdebugger.open.DAMP,damp,True,damp custom.jsdebugger.open.DAMP opt e10s fission stylo webrender,4768565,77,ms,firefox,446610046,1841606013,2024-02-08T17:36:03,693.0773857148015,c579521d9b3aa5de8f76ae8414b6dbcc117d9588,1374327
autoland,4768729,12,95f51e857a45cd76f1766c14d6bed804857cd27b,windows10-64-shippable-qr,True,False,,,102210fe594ee9b33d82058545b1ed14f4c8206e,custom.jsdebugger.open.DAMP,damp,True,damp custom.jsdebugger.open.DAMP opt e10s fission stylo webrender,4768565,77,ms,firefox,446610612,1841608176,2024-02-08T17:37:30,695.8230335947155,689c94c4147143275eaf2f8df5bd4fd179a717c9,1374329
autoland,4768729,12,95f51e857a45cd76f1766c14d6bed804857cd27b,windows10-64-shippable-qr,True,False,,,102210fe594ee9b33d82058545b1ed14f4c8206e,custom.jsdebugger.open.DAMP,damp,True,damp custom.jsdebugger.open.DAMP opt e10s fission stylo webrender,4768565,77,ms,firefox,446610055,1841606264,2024-02-08T17:38:11,694.5094779814235,05d0d879ce4bbfc69bcf9d9419c37ac994682b96,1374331
autoland,4768729,12,95f51e857a45cd76f1766c14d6bed804857cd27b,windows10-64-shippable-qr,True,False,,,102210fe594ee9b33d82058545b1ed14f4c8206e,custom.jsdebugger.open.DAMP,damp,True,damp custom.jsdebugger.open.DAMP opt e10s fission stylo webrender,4768565,77,ms,firefox,446616718,1841648155,2024-02-09T04:08:21,753.58135772276,b17a56f7d0a828b62b52f572c8237345bf64786f,1374660
autoland,4768729,12,95f51e857a45cd76f1766c14d6bed804857cd27b,windows10-64-shippable-qr,True,False,,,102210fe594ee9b33d82058545b1ed14f4c8206e,custom.jsdebugger.open.DAMP,damp,True,damp custom.jsdebugger.open.DAMP opt e10s fission stylo webrender,4768565,77,ms,firefox,446640143,1841751328,2024-02-09T08:27:03,771.6567429705829,7b81e807e547afd0cca0453e9697e58369ae5e92,1374718
autoland,4768729,12,95f51e857a45cd76f1766c14d6bed804857cd27b,windows10-64-shippable-qr,True,False,,,102210fe594ee9b33d82058545b1ed14f4c8206e,custom.jsdebugger.open.DAMP,damp,True,damp custom.jsdebugger.open.DAMP opt e10s fission stylo webrender,4768565,77,ms,firefox,446685022,1841906568,2024-02-09T11:56:29,762.0795409745187,045e453bba33077fb8d5641ca3706f3785ce14f5,1374806
autoland,4768729,12,95f51e857a45cd76f1766c14d6bed804857cd27b,windows10-64-shippable-qr,True,False,,,102210fe594ee9b33d82058545b1ed14f4c8206e,custom.jsdebugger.open.DAMP,damp,True,damp custom.jsdebugger.open.DAMP opt e10s fission stylo webrender,4768565,77,ms,firefox,447110684,1843477484,2024-02-09T15:09:32,769.7655724666984,4db18f6ce06e4e3f1d7197c4c3e9b52cced593fa,1374919
autoland,4768729,12,95f51e857a45cd76f1766c14d6bed804857cd27b,windows10-64-shippable-qr,True,False,,,102210fe594ee9b33d82058545b1ed14f4c8206e,custom.jsdebugger.open.DAMP,damp,True,damp custom.jsdebugger.open.DAMP opt e10s fission stylo webrender,4768565,77,ms,firefox,447110686,1843478811,2024-02-09T15:16:23,773.1885235325826,6b7c9fbc0ffaf2a78cc6f22c34dfab000f8aeaaf,1374925
autoland,4768729,12,95f51e857a45cd76f1766c14d6bed804857cd27b,windows10-64-shippable-qr,True,False,,,102210fe594ee9b33d82058545b1ed14f4c8206e,custom.jsdebugger.open.DAMP,damp,True,damp custom.jsdebugger.open.DAMP opt e10s fission stylo webrender,4768565,77,ms,firefox,447110692,1843476480,2024-02-09T15:17:42,754.6235298775682,cd42800e011bd3c11cc8c3191a48081d3b4d12a6,1374926
autoland,4768729,12,95f51e857a45cd76f1766c14d6bed804857cd27b,windows10-64-shippable-qr,True,False,,,102210fe594ee9b33d82058545b1ed14f4c8206e,custom.jsdebugger.open.DAMP,damp,True,damp custom.jsdebugger.open.DAMP opt e10s fission stylo webrender,4768565,77,ms,firefox,447121434,1843518103,2024-02-09T15:52:28,752.2684148386033,1f05e48d0a9431a49eb46675af889f78c7fcf4dd,1374946
autoland,4768729,12,95f51e857a45cd76f1766c14d6bed804857cd27b,windows10-64-shippable-qr,True,False,,,102210fe594ee9b33d82058545b1ed14f4c8206e,custom.jsdebugger.open.DAMP,damp,True,damp custom.jsdebugger.open.DAMP opt e10s fission stylo webrender,4768565,77,ms,firefox,447110691,1843477275,2024-02-09T15:54:07,754.4904190966772,ce96cef0d2cd4dce98d4220e107102eebd4e21a9,1374950
autoland,4768729,12,95f51e857a45cd76f1766c14d6bed804857cd27b,windows10-64-shippable-qr,True,False,,,102210fe594ee9b33d82058545b1ed14f4c8206e,custom.jsdebugger.open.DAMP,damp,True,damp custom.jsdebugger.open.DAMP opt e10s fission stylo webrender,4768565,77,ms,firefox,446728606,1842047148,2024-02-09T16:09:01,756.7870662083878,193e6982f5a17f0fa7cced978df3079f87e4ad99,1374959
autoland,4768729,12,95f51e857a45cd76f1766c14d6bed804857cd27b,windows10-64-shippable-qr,True,False,,,102210fe594ee9b33d82058545b1ed14f4c8206e,custom.jsdebugger.open.DAMP,damp,True,damp custom.jsdebugger.open.DAMP opt e10s fission stylo webrender,4768565,77,ms,firefox,447110716,1843477814,2024-02-09T16:20:50,755.1712791553728,5707fb45181e2d40a3be94ac0b465a191a809014,1374965
autoland,4768729,12,95f51e857a45cd76f1766c14d6bed804857cd27b,windows10-64-shippable-qr,True,False,,,102210fe594ee9b33d82058545b1ed14f4c8206e,custom.jsdebugger.open.DAMP,damp,True,damp custom.jsdebugger.open.DAMP opt e10s fission stylo webrender,4768565,77,ms,firefox,447123006,1843520983,2024-02-09T16:23:01,761.5563500276912,85a703617705ce98b8d8dfd26cdaebc74457c44c,1374968
autoland,4768729,12,95f51e857a45cd76f1766c14d6bed804857cd27b,windows10-64-shippable-qr,True,False,,,102210fe594ee9b33d82058545b1ed14f4c8206e,custom.jsdebugger.open.DAMP,damp,True,damp custom.jsdebugger.open.DAMP opt e10s fission stylo webrender,4768565,77,ms,firefox,447110884,1843477705,2024-02-09T16:26:36,750.4898987503038,9793d58574ba0c44dd7cea68fdbac2405ccaa693,1374971
autoland,4768729,12,95f51e857a45cd76f1766c14d6bed804857cd27b,windows10-64-shippable-qr,True,False,,,102210fe594ee9b33d82058545b1ed14f4c8206e,custom.jsdebugger.open.DAMP,damp,True,damp custom.jsdebugger.open.DAMP opt e10s fission stylo webrender,4768565,77,ms,firefox,446741489,1842118052,2024-02-09T17:06:42,756.9934020323126,39d76f98160905dab2a294ece0e03ee8ba5ba4cc,1375009
autoland,4768729,12,95f51e857a45cd76f1766c14d6bed804857cd27b,windows10-64-shippable-qr,True,False,,,102210fe594ee9b33d82058545b1ed14f4c8206e,custom.jsdebugger.open.DAMP,damp,True,damp custom.jsdebugger.open.DAMP opt e10s fission stylo webrender,4768565,77,ms,firefox,447110689,1843476948,2024-02-09T20:14:35,754.8469391238032,29b472f03f87124654c8afc00ce7c0c8e1ee5201,1375176
autoland,4768729,12,95f51e857a45cd76f1766c14d6bed804857cd27b,windows10-64-shippable-qr,True,False,,,102210fe594ee9b33d82058545b1ed14f4c8206e,custom.jsdebugger.open.DAMP,damp,True,damp custom.jsdebugger.open.DAMP opt e10s fission stylo webrender,4768565,77,ms,firefox,447114554,1843499090,2024-02-09T20:16:03,759.1128335552567,3181377ca26583e98567ae9024ac238eb33e2166,1375179
autoland,4768729,12,95f51e857a45cd76f1766c14d6bed804857cd27b,windows10-64-shippable-qr,True,False,,,102210fe594ee9b33d82058545b1ed14f4c8206e,custom.jsdebugger.open.DAMP,damp,True,damp custom.jsdebugger.open.DAMP opt e10s fission stylo webrender,4768565,77,ms,firefox,447110690,1843477904,2024-02-09T20:25:22,772.2443482036178,0a07b15df232a43ba780337f8b49486d5afa4c32,1375190
autoland,4768729,12,95f51e857a45cd76f1766c14d6bed804857cd27b,windows10-64-shippable-qr,True,False,,,102210fe594ee9b33d82058545b1ed14f4c8206e,custom.jsdebugger.open.DAMP,damp,True,damp custom.jsdebugger.open.DAMP opt e10s fission stylo webrender,4768565,77,ms,firefox,447110687,1843476487,2024-02-09T20:33:58,755.7046118515573,496c531edf871bd6b2c092635d8ed0aaedf1b94f,1375199
autoland,4768729,12,95f51e857a45cd76f1766c14d6bed804857cd27b,windows10-64-shippable-qr,True,False,,,102210fe594ee9b33d82058545b1ed14f4c8206e,custom.jsdebugger.open.DAMP,damp,True,damp custom.jsdebugger.open.DAMP opt e10s fission stylo webrender,4768565,77,ms,firefox,447110697,1843476732,2024-02-09T20:45:08,755.1165022065397,f09e24073a08716de01049dce57fb6e2a69587bb,1375209
autoland,4768729,12,95f51e857a45cd76f1766c14d6bed804857cd27b,windows10-64-shippable-qr,True,False,,,102210fe594ee9b33d82058545b1ed14f4c8206e,custom.jsdebugger.open.DAMP,damp,True,damp custom.jsdebugger.open.DAMP opt e10s fission stylo webrender,4768565,77,ms,firefox,447110881,1843478020,2024-02-09T21:32:42,774.581440357164,3fe6bd949054cc4a09d7e282c149f0d97e4b7003,1375233
autoland,4768729,12,95f51e857a45cd76f1766c14d6bed804857cd27b,windows10-64-shippable-qr,True,False,,,102210fe594ee9b33d82058545b1ed14f4c8206e,custom.jsdebugger.open.DAMP,damp,True,damp custom.jsdebugger.open.DAMP opt e10s fission stylo webrender,4768565,77,ms,firefox,446762739,1842202256,2024-02-09T21:47:15,774.9005609139276,0fb5f3212fd93e901bed6bb19bd8b63339869991,1375247
autoland,4768729,12,95f51e857a45cd76f1766c14d6bed804857cd27b,windows10-64-shippable-qr,True,False,,,102210fe594ee9b33d82058545b1ed14f4c8206e,custom.jsdebugger.open.DAMP,damp,True,damp custom.jsdebugger.open.DAMP opt e10s fission stylo webrender,4768565,77,ms,firefox,447165045,1843668126,2024-02-09T21:53:07,794.9066983514494,312701582d838de9c481e52c93f67c4a669c75fa,1375253
autoland,4768729,12,95f51e857a45cd76f1766c14d6bed804857cd27b,windows10-64-shippable-qr,True,False,,,102210fe594ee9b33d82058545b1ed14f4c8206e,custom.jsdebugger.open.DAMP,damp,True,damp custom.jsdebugger.open.DAMP opt e10s fission stylo webrender,4768565,77,ms,firefox,447165070,1843667611,2024-02-09T21:53:07,772.6629158677897,312701582d838de9c481e52c93f67c4a669c75fa,1375253
autoland,4768729,12,95f51e857a45cd76f1766c14d6bed804857cd27b,windows10-64-shippable-qr,True,False,,,102210fe594ee9b33d82058545b1ed14f4c8206e,custom.jsdebugger.open.DAMP,damp,True,damp custom.jsdebugger.open.DAMP opt e10s fission stylo webrender,4768565,77,ms,firefox,447165052,1843667097,2024-02-09T22:02:55,773.054068196303,0fbb534ed5d8481c6c5e404a6a02d010a84c0059,1375264
autoland,4768729,12,95f51e857a45cd76f1766c14d6bed804857cd27b,windows10-64-shippable-qr,True,False,,,102210fe594ee9b33d82058545b1ed14f4c8206e,custom.jsdebugger.open.DAMP,damp,True,damp custom.jsdebugger.open.DAMP opt e10s fission stylo webrender,4768565,77,ms,firefox,447165053,1843667814,2024-02-09T22:02:55,795.9295965266065,0fbb534ed5d8481c6c5e404a6a02d010a84c0059,1375264
autoland,4768729,12,95f51e857a45cd76f1766c14d6bed804857cd27b,windows10-64-shippable-qr,True,False,,,102210fe594ee9b33d82058545b1ed14f4c8206e,custom.jsdebugger.open.DAMP,damp,True,damp custom.jsdebugger.open.DAMP opt e10s fission stylo webrender,4768565,77,ms,firefox,447165066,1843667160,2024-02-09T22:04:05,772.9612099023288,f19610ecbade6731196be6f4ae28200fccfe0975,1375265
autoland,4768729,12,95f51e857a45cd76f1766c14d6bed804857cd27b,windows10-64-shippable-qr,True,False,,,102210fe594ee9b33d82058545b1ed14f4c8206e,custom.jsdebugger.open.DAMP,damp,True,damp custom.jsdebugger.open.DAMP opt e10s fission stylo webrender,4768565,77,ms,firefox,447165172,1843667287,2024-02-09T22:04:05,779.048144375789,f19610ecbade6731196be6f4ae28200fccfe0975,1375265
autoland,4768729,12,95f51e857a45cd76f1766c14d6bed804857cd27b,windows10-64-shippable-qr,True,False,,,102210fe594ee9b33d82058545b1ed14f4c8206e,custom.jsdebugger.open.DAMP,damp,True,damp custom.jsdebugger.open.DAMP opt e10s fission stylo webrender,4768565,77,ms,firefox,447165060,1843667437,2024-02-09T22:05:24,775.4396977420411,0d8efe0f8f37afd61a93314f5f2d4329cd1c8b7e,1375267
autoland,4768729,12,95f51e857a45cd76f1766c14d6bed804857cd27b,windows10-64-shippable-qr,True,False,,,102210fe594ee9b33d82058545b1ed14f4c8206e,custom.jsdebugger.open.DAMP,damp,True,damp custom.jsdebugger.open.DAMP opt e10s fission stylo webrender,4768565,77,ms,firefox,447165192,1843668592,2024-02-09T22:40:07,792.6675709735528,86120bd613f951a5088bf74fb8e5383f5d19c0dc,1375285
autoland,4768729,12,95f51e857a45cd76f1766c14d6bed804857cd27b,windows10-64-shippable-qr,True,False,,,102210fe594ee9b33d82058545b1ed14f4c8206e,custom.jsdebugger.open.DAMP,damp,True,damp custom.jsdebugger.open.DAMP opt e10s fission stylo webrender,4768565,77,ms,firefox,447165280,1843667936,2024-02-09T22:45:06,779.8390887224014,1273b0849db2940b84a4a0d5273c23b4620b9d90,1375287
autoland,4768729,12,95f51e857a45cd76f1766c14d6bed804857cd27b,windows10-64-shippable-qr,True,False,,,102210fe594ee9b33d82058545b1ed14f4c8206e,custom.jsdebugger.open.DAMP,damp,True,damp custom.jsdebugger.open.DAMP opt e10s fission stylo webrender,4768565,77,ms,firefox,447165301,1843668313,2024-02-09T23:18:46,774.2257713273284,0bc92f4e8733dbc75bce79c3fef94c162bbbd06e,1375304
autoland,4768729,12,95f51e857a45cd76f1766c14d6bed804857cd27b,windows10-64-shippable-qr,True,False,,,102210fe594ee9b33d82058545b1ed14f4c8206e,custom.jsdebugger.open.DAMP,damp,True,damp custom.jsdebugger.open.DAMP opt e10s fission stylo webrender,4768565,77,ms,firefox,447165307,1843668823,2024-02-09T23:18:46,777.4550847616565,0bc92f4e8733dbc75bce79c3fef94c162bbbd06e,1375304
autoland,4768729,12,95f51e857a45cd76f1766c14d6bed804857cd27b,windows10-64-shippable-qr,True,False,,,102210fe594ee9b33d82058545b1ed14f4c8206e,custom.jsdebugger.open.DAMP,damp,True,damp custom.jsdebugger.open.DAMP opt e10s fission stylo webrender,4768565,77,ms,firefox,447110688,1843476797,2024-02-09T23:43:37,772.643087615721,9b5ebc2d3b4b4889b4cde0ffa5f73717a5d47e11,1375312
autoland,4768729,12,95f51e857a45cd76f1766c14d6bed804857cd27b,windows10-64-shippable-qr,True,False,,,102210fe594ee9b33d82058545b1ed14f4c8206e,custom.jsdebugger.open.DAMP,damp,True,damp custom.jsdebugger.open.DAMP opt e10s fission stylo webrender,4768565,77,ms,firefox,447110693,1843477041,2024-02-09T23:52:15,779.5771705694715,0f5860b7e16072e1dd03e8477f499a6b6122911a,1375314
autoland,4768729,12,95f51e857a45cd76f1766c14d6bed804857cd27b,windows10-64-shippable-qr,True,False,,,102210fe594ee9b33d82058545b1ed14f4c8206e,custom.jsdebugger.open.DAMP,damp,True,damp custom.jsdebugger.open.DAMP opt e10s fission stylo webrender,4768565,77,ms,firefox,447110694,1843477625,2024-02-10T00:22:23,792.8831767981083,f0f4df04e3c55cdcc61c1743f02b3e92a8dbcf51,1375323
autoland,4768729,12,95f51e857a45cd76f1766c14d6bed804857cd27b,windows10-64-shippable-qr,True,False,,,102210fe594ee9b33d82058545b1ed14f4c8206e,custom.jsdebugger.open.DAMP,damp,True,damp custom.jsdebugger.open.DAMP opt e10s fission stylo webrender,4768565,77,ms,firefox,447110698,1843477391,2024-02-10T00:27:26,772.0268711665994,109f32d3c3a4dbce14071acf081c3cb70263c00b,1375328
autoland,4768729,12,95f51e857a45cd76f1766c14d6bed804857cd27b,windows10-64-shippable-qr,True,False,,,102210fe594ee9b33d82058545b1ed14f4c8206e,custom.jsdebugger.open.DAMP,damp,True,damp custom.jsdebugger.open.DAMP opt e10s fission stylo webrender,4768565,77,ms,firefox,447110706,1843479013,2024-02-10T00:27:26,795.0526181771493,109f32d3c3a4dbce14071acf081c3cb70263c00b,1375328
autoland,4768729,12,95f51e857a45cd76f1766c14d6bed804857cd27b,windows10-64-shippable-qr,True,False,,,102210fe594ee9b33d82058545b1ed14f4c8206e,custom.jsdebugger.open.DAMP,damp,True,damp custom.jsdebugger.open.DAMP opt e10s fission stylo webrender,4768565,77,ms,firefox,447110707,1843477219,2024-02-10T00:50:02,777.7680876954691,23d502ed06280881577c5f9df617026ee30500f1,1375334
autoland,4768729,12,95f51e857a45cd76f1766c14d6bed804857cd27b,windows10-64-shippable-qr,True,False,,,102210fe594ee9b33d82058545b1ed14f4c8206e,custom.jsdebugger.open.DAMP,damp,True,damp custom.jsdebugger.open.DAMP opt e10s fission stylo webrender,4768565,77,ms,firefox,447110715,1843478428,2024-02-10T00:50:02,776.3934831352526,23d502ed06280881577c5f9df617026ee30500f1,1375334
autoland,4768729,12,95f51e857a45cd76f1766c14d6bed804857cd27b,windows10-64-shippable-qr,True,False,,,102210fe594ee9b33d82058545b1ed14f4c8206e,custom.jsdebugger.open.DAMP,damp,True,damp custom.jsdebugger.open.DAMP opt e10s fission stylo webrender,4768565,77,ms,firefox,447110878,1843480707,2024-02-10T01:09:33,796.7318055043725,88c50740c90849f41b36a3ebdea5c1182d010b62,1375337
autoland,4768729,12,95f51e857a45cd76f1766c14d6bed804857cd27b,windows10-64-shippable-qr,True,False,,,102210fe594ee9b33d82058545b1ed14f4c8206e,custom.jsdebugger.open.DAMP,damp,True,damp custom.jsdebugger.open.DAMP opt e10s fission stylo webrender,4768565,77,ms,firefox,447110880,1843478669,2024-02-10T01:09:33,781.3582879815222,88c50740c90849f41b36a3ebdea5c1182d010b62,1375337
autoland,4768729,12,95f51e857a45cd76f1766c14d6bed804857cd27b,windows10-64-shippable-qr,True,False,,,102210fe594ee9b33d82058545b1ed14f4c8206e,custom.jsdebugger.open.DAMP,damp,True,damp custom.jsdebugger.open.DAMP opt e10s fission stylo webrender,4768565,77,ms,firefox,447110879,1843478522,2024-02-10T01:20:58,788.67103140158,7c830bff08572b8bac6f52a3bfdbdc802fb53358,1375338
autoland,4768729,12,95f51e857a45cd76f1766c14d6bed804857cd27b,windows10-64-shippable-qr,True,False,,,102210fe594ee9b33d82058545b1ed14f4c8206e,custom.jsdebugger.open.DAMP,damp,True,damp custom.jsdebugger.open.DAMP opt e10s fission stylo webrender,4768565,77,ms,firefox,447110885,1843478342,2024-02-10T01:20:58,781.1909599899227,7c830bff08572b8bac6f52a3bfdbdc802fb53358,1375338
autoland,4768729,12,95f51e857a45cd76f1766c14d6bed804857cd27b,windows10-64-shippable-qr,True,False,,,102210fe594ee9b33d82058545b1ed14f4c8206e,custom.jsdebugger.open.DAMP,damp,True,damp custom.jsdebugger.open.DAMP opt e10s fission stylo webrender,4768565,77,ms,firefox,447110882,1843479181,2024-02-10T01:23:14,794.8781664153794,50aa70b870995f58a2e4d7814c349cb9c7b87eb3,1375340
autoland,4768729,12,95f51e857a45cd76f1766c14d6bed804857cd27b,windows10-64-shippable-qr,True,False,,,102210fe594ee9b33d82058545b1ed14f4c8206e,custom.jsdebugger.open.DAMP,damp,True,damp custom.jsdebugger.open.DAMP opt e10s fission stylo webrender,4768565,77,ms,firefox,447110886,1843478132,2024-02-10T01:23:14,773.6481135849463,50aa70b870995f58a2e4d7814c349cb9c7b87eb3,1375340
autoland,4768729,12,95f51e857a45cd76f1766c14d6bed804857cd27b,windows10-64-shippable-qr,True,False,,,102210fe594ee9b33d82058545b1ed14f4c8206e,custom.jsdebugger.open.DAMP,damp,True,damp custom.jsdebugger.open.DAMP opt e10s fission stylo webrender,4768565,77,ms,firefox,447110883,1843478281,2024-02-10T01:25:19,776.231026569716,cae2ddb5865afe0bbfa2c2347127ab509e7fd4ac,1375341
autoland,4768729,12,95f51e857a45cd76f1766c14d6bed804857cd27b,windows10-64-shippable-qr,True,False,,,102210fe594ee9b33d82058545b1ed14f4c8206e,custom.jsdebugger.open.DAMP,damp,True,damp custom.jsdebugger.open.DAMP opt e10s fission stylo webrender,4768565,77,ms,firefox,447110894,1843479870,2024-02-10T01:25:19,796.2519545603282,cae2ddb5865afe0bbfa2c2347127ab509e7fd4ac,1375341
autoland,4768729,12,95f51e857a45cd76f1766c14d6bed804857cd27b,windows10-64-shippable-qr,True,False,,,102210fe594ee9b33d82058545b1ed14f4c8206e,custom.jsdebugger.open.DAMP,damp,True,damp custom.jsdebugger.open.DAMP opt e10s fission stylo webrender,4768565,77,ms,firefox,446787163,1842290801,2024-02-10T07:03:30,774.7388117779046,20876ae07c4b760464125773aa45200a98f34159,1375365
autoland,4768729,12,95f51e857a45cd76f1766c14d6bed804857cd27b,windows10-64-shippable-qr,True,False,,,102210fe594ee9b33d82058545b1ed14f4c8206e,custom.jsdebugger.open.DAMP,damp,True,damp custom.jsdebugger.open.DAMP opt e10s fission stylo webrender,4768565,77,ms,firefox,447110895,1843477541,2024-02-10T07:32:54,777.276377988499,a4ac5f36f609ad4a87fb047393aab7e4445270b4,1375368
autoland,4768729,12,95f51e857a45cd76f1766c14d6bed804857cd27b,windows10-64-shippable-qr,True,False,,,102210fe594ee9b33d82058545b1ed14f4c8206e,custom.jsdebugger.open.DAMP,damp,True,damp custom.jsdebugger.open.DAMP opt e10s fission stylo webrender,4768565,77,ms,firefox,447117135,1843503708,2024-02-10T08:35:53,778.0820388820139,26caafd648a73178252634fdf71f0320fd1c9d2f,1375370
autoland,4768729,12,95f51e857a45cd76f1766c14d6bed804857cd27b,windows10-64-shippable-qr,True,False,,,102210fe594ee9b33d82058545b1ed14f4c8206e,custom.jsdebugger.open.DAMP,damp,True,damp custom.jsdebugger.open.DAMP opt e10s fission stylo webrender,4768565,77,ms,firefox,446811575,1842370184,2024-02-10T13:47:16,773.3086730914883,b09350ff8440d3ef5d3ac2b811bfe9a5d243196a,1375389
autoland,4768729,12,95f51e857a45cd76f1766c14d6bed804857cd27b,windows10-64-shippable-qr,True,False,,,102210fe594ee9b33d82058545b1ed14f4c8206e,custom.jsdebugger.open.DAMP,damp,True,damp custom.jsdebugger.open.DAMP opt e10s fission stylo webrender,4768565,77,ms,firefox,446821652,1842410007,2024-02-10T17:58:32,772.9934040757944,f6690a5e6ceef6b384dc31d4485e790a4935508a,1375417
autoland,4768729,12,95f51e857a45cd76f1766c14d6bed804857cd27b,windows10-64-shippable-qr,True,False,,,102210fe594ee9b33d82058545b1ed14f4c8206e,custom.jsdebugger.open.DAMP,damp,True,damp custom.jsdebugger.open.DAMP opt e10s fission stylo webrender,4768565,77,ms,firefox,446840369,1842476136,2024-02-11T02:31:23,772.1719229200316,f92c77fccb76549171ecc809818a26b1eb883b43,1375439
autoland,4768729,12,95f51e857a45cd76f1766c14d6bed804857cd27b,windows10-64-shippable-qr,True,False,,,102210fe594ee9b33d82058545b1ed14f4c8206e,custom.jsdebugger.open.DAMP,damp,True,damp custom.jsdebugger.open.DAMP opt e10s fission stylo webrender,4768565,77,ms,firefox,446873617,1842618319,2024-02-11T15:25:51,790.7011631610148,13676fc9b0cd8461cb9863d3a2d1b9a696a9c0f5,1375518
autoland,4768729,12,95f51e857a45cd76f1766c14d6bed804857cd27b,windows10-64-shippable-qr,True,False,,,102210fe594ee9b33d82058545b1ed14f4c8206e,custom.jsdebugger.open.DAMP,damp,True,damp custom.jsdebugger.open.DAMP opt e10s fission stylo webrender,4768565,77,ms,firefox,446934879,1842887562,2024-02-12T14:26:47,771.3959643484413,d1700411923cc3f12ce388da3db2f024d7cc438d,1375793
autoland,4768729,12,95f51e857a45cd76f1766c14d6bed804857cd27b,windows10-64-shippable-qr,True,False,,,102210fe594ee9b33d82058545b1ed14f4c8206e,custom.jsdebugger.open.DAMP,damp,True,damp custom.jsdebugger.open.DAMP opt e10s fission stylo webrender,4768565,77,ms,firefox,446944942,1842928464,2024-02-12T15:53:07,796.4512237830222,cab51450b6bd71ade4db0f49831f7e402b375b45,1375888
autoland,4768729,12,95f51e857a45cd76f1766c14d6bed804857cd27b,windows10-64-shippable-qr,True,False,,,102210fe594ee9b33d82058545b1ed14f4c8206e,custom.jsdebugger.open.DAMP,damp,True,damp custom.jsdebugger.open.DAMP opt e10s fission stylo webrender,4768565,77,ms,firefox,446978497,1843013366,2024-02-12T20:04:04,776.0848009256879,37ec3180a6cbce3bb2544f9a16b4ded4657c6eb6,1376093
autoland,4768729,12,95f51e857a45cd76f1766c14d6bed804857cd27b,windows10-64-shippable-qr,True,False,,,102210fe594ee9b33d82058545b1ed14f4c8206e,custom.jsdebugger.open.DAMP,damp,True,damp custom.jsdebugger.open.DAMP opt e10s fission stylo webrender,4768565,77,ms,firefox,446982648,1843033279,2024-02-12T20:15:07,798.6298891691549,995a3050d70cb954214be8710caa54a1794745ec,1376103
autoland,4768729,12,95f51e857a45cd76f1766c14d6bed804857cd27b,windows10-64-shippable-qr,True,False,,,102210fe594ee9b33d82058545b1ed14f4c8206e,custom.jsdebugger.open.DAMP,damp,True,damp custom.jsdebugger.open.DAMP opt e10s fission stylo webrender,4768565,77,ms,firefox,447022122,1843120985,2024-02-13T00:22:17,778.4424484791525,b316bafe790ef37c5585cadd21f6a2c8ebd749b9,1376256
autoland,4768729,12,95f51e857a45cd76f1766c14d6bed804857cd27b,windows10-64-shippable-qr,True,False,,,102210fe594ee9b33d82058545b1ed14f4c8206e,custom.jsdebugger.open.DAMP,damp,True,damp custom.jsdebugger.open.DAMP opt e10s fission stylo webrender,4768565,77,ms,firefox,447059272,1843299582,2024-02-13T06:57:28,775.4930990874418,5f6ad5b21119b4bbef2bc6c9153e0f7329c20ebe,1376370
autoland,4768729,12,95f51e857a45cd76f1766c14d6bed804857cd27b,windows10-64-shippable-qr,True,False,,,102210fe594ee9b33d82058545b1ed14f4c8206e,custom.jsdebugger.open.DAMP,damp,True,damp custom.jsdebugger.open.DAMP opt e10s fission stylo webrender,4768565,77,ms,firefox,447091678,1843392480,2024-02-13T09:49:45,780.825200217485,c5320acccd4a760b0ae41149fcdd8fe44b658ee7,1376447
autoland,4768729,12,95f51e857a45cd76f1766c14d6bed804857cd27b,windows10-64-shippable-qr,True,False,,,102210fe594ee9b33d82058545b1ed14f4c8206e,custom.jsdebugger.open.DAMP,damp,True,damp custom.jsdebugger.open.DAMP opt e10s fission stylo webrender,4768565,77,ms,firefox,447111669,1843485668,2024-02-13T13:45:34,779.7480482563406,0d474eb34652f4c47a16b6d83012c0f2e026dc00,1376559
autoland,4768729,12,95f51e857a45cd76f1766c14d6bed804857cd27b,windows10-64-shippable-qr,True,False,,,102210fe594ee9b33d82058545b1ed14f4c8206e,custom.jsdebugger.open.DAMP,damp,True,damp custom.jsdebugger.open.DAMP opt e10s fission stylo webrender,4768565,77,ms,firefox,447131420,1843554213,2024-02-13T16:46:39,719.7790757526909,17329a53b9f9a20247103958883a0ce7c42af78d,1376703
autoland,4768729,12,95f51e857a45cd76f1766c14d6bed804857cd27b,windows10-64-shippable-qr,True,False,,,102210fe594ee9b33d82058545b1ed14f4c8206e,custom.jsdebugger.open.DAMP,damp,True,damp custom.jsdebugger.open.DAMP opt e10s fission stylo webrender,4768565,77,ms,firefox,447196478,1843747497,2024-02-14T00:47:09,716.97200624369,4a18caac75720f24abc9063ce8df5fa6b7948aa4,1376921
autoland,4768729,12,95f51e857a45cd76f1766c14d6bed804857cd27b,windows10-64-shippable-qr,True,False,,,102210fe594ee9b33d82058545b1ed14f4c8206e,custom.jsdebugger.open.DAMP,damp,True,damp custom.jsdebugger.open.DAMP opt e10s fission stylo webrender,4768565,77,ms,firefox,447199658,1843768411,2024-02-14T01:35:59,719.569435086225,aaaa3f2b8fed9e159a8b08e4263034e9a051be71,1376937
autoland,4768729,12,95f51e857a45cd76f1766c14d6bed804857cd27b,windows10-64-shippable-qr,True,False,,,102210fe594ee9b33d82058545b1ed14f4c8206e,custom.jsdebugger.open.DAMP,damp,True,damp custom.jsdebugger.open.DAMP opt e10s fission stylo webrender,4768565,77,ms,firefox,447217134,1843835958,2024-02-14T05:55:05,721.0978116062324,1b24ea8c2e7e02f00bd61e8cd672da76b16c42a6,1376972
autoland,4768729,12,95f51e857a45cd76f1766c14d6bed804857cd27b,windows10-64-shippable-qr,True,False,,,102210fe594ee9b33d82058545b1ed14f4c8206e,custom.jsdebugger.open.DAMP,damp,True,damp custom.jsdebugger.open.DAMP opt e10s fission stylo webrender,4768565,77,ms,firefox,447274663,1843992959,2024-02-14T15:32:04,718.64322661201,dca10aca1871edfdba5107bc7766982b186d7f2c,1377071
autoland,4768729,12,95f51e857a45cd76f1766c14d6bed804857cd27b,windows10-64-shippable-qr,True,False,,,102210fe594ee9b33d82058545b1ed14f4c8206e,custom.jsdebugger.open.DAMP,damp,True,damp custom.jsdebugger.open.DAMP opt e10s fission stylo webrender,4768565,77,ms,firefox,447280385,1844015526,2024-02-14T15:37:30,729.4398544553333,2ea0fda6ec6ed02a530a3a4bb67fabb0d14d403f,1377078
autoland,4768729,12,95f51e857a45cd76f1766c14d6bed804857cd27b,windows10-64-shippable-qr,True,False,,,102210fe594ee9b33d82058545b1ed14f4c8206e,custom.jsdebugger.open.DAMP,damp,True,damp custom.jsdebugger.open.DAMP opt e10s fission stylo webrender,4768565,77,ms,firefox,447312531,1844098448,2024-02-14T20:39:05,719.8422017346384,b0b34dab81d56b5e5ee526c9f44e926db4b27dce,1377195
autoland,4768729,12,95f51e857a45cd76f1766c14d6bed804857cd27b,windows10-64-shippable-qr,True,False,,,102210fe594ee9b33d82058545b1ed14f4c8206e,custom.jsdebugger.open.DAMP,damp,True,damp custom.jsdebugger.open.DAMP opt e10s fission stylo webrender,4768565,77,ms,firefox,447331634,1844160519,2024-02-15T00:51:05,727.6683786788199,981afc9a696a12b7e873eae165925138a2726efe,1377256
autoland,4768729,12,95f51e857a45cd76f1766c14d6bed804857cd27b,windows10-64-shippable-qr,True,False,,,102210fe594ee9b33d82058545b1ed14f4c8206e,custom.jsdebugger.open.DAMP,damp,True,damp custom.jsdebugger.open.DAMP opt e10s fission stylo webrender,4768565,77,ms,firefox,447349028,1844252047,2024-02-15T04:52:31,719.5515358632128,aa5fc411278d3beae081682cb31a2167257d3aed,1377304
autoland,4768729,12,95f51e857a45cd76f1766c14d6bed804857cd27b,windows10-64-shippable-qr,True,False,,,102210fe594ee9b33d82058545b1ed14f4c8206e,custom.jsdebugger.open.DAMP,damp,True,damp custom.jsdebugger.open.DAMP opt e10s fission stylo webrender,4768565,77,ms,firefox,447393647,1844407005,2024-02-15T12:49:34,720.7621895961056,2b4e9ee6225f1183da45d24404e72f48e3803f08,1377375
autoland,4768729,12,95f51e857a45cd76f1766c14d6bed804857cd27b,windows10-64-shippable-qr,True,False,,,102210fe594ee9b33d82058545b1ed14f4c8206e,custom.jsdebugger.open.DAMP,damp,True,damp custom.jsdebugger.open.DAMP opt e10s fission stylo webrender,4768565,77,ms,firefox,447409379,1844472870,2024-02-15T16:23:45,732.3516250359644,dbe553dd13b79a3c4821f203f3adca31fe71cc56,1377427
autoland,4768729,12,95f51e857a45cd76f1766c14d6bed804857cd27b,windows10-64-shippable-qr,True,False,,,102210fe594ee9b33d82058545b1ed14f4c8206e,custom.jsdebugger.open.DAMP,damp,True,damp custom.jsdebugger.open.DAMP opt e10s fission stylo webrender,4768565,77,ms,firefox,447432296,1844567566,2024-02-15T20:44:46,718.2518877449675,02d5bc9805676f9a22f3cef50c86ddc38e7534d9,1377493
autoland,4768729,12,95f51e857a45cd76f1766c14d6bed804857cd27b,windows10-64-shippable-qr,True,False,,,102210fe594ee9b33d82058545b1ed14f4c8206e,custom.jsdebugger.open.DAMP,damp,True,damp custom.jsdebugger.open.DAMP opt e10s fission stylo webrender,4768565,77,ms,firefox,447449182,1844623770,2024-02-15T22:19:13,717.954266802466,798af36e79586239c3954fe06796d9a27a353b92,1377518
autoland,4768729,12,95f51e857a45cd76f1766c14d6bed804857cd27b,windows10-64-shippable-qr,True,False,,,102210fe594ee9b33d82058545b1ed14f4c8206e,custom.jsdebugger.open.DAMP,damp,True,damp custom.jsdebugger.open.DAMP opt e10s fission stylo webrender,4768565,77,ms,firefox,447482178,1844725031,2024-02-16T06:24:45,720.9292164983781,861d200fe3e761e23bbb6ce556446725fb01cd43,1378006
autoland,4768729,12,95f51e857a45cd76f1766c14d6bed804857cd27b,windows10-64-shippable-qr,True,False,,,102210fe594ee9b33d82058545b1ed14f4c8206e,custom.jsdebugger.open.DAMP,damp,True,damp custom.jsdebugger.open.DAMP opt e10s fission stylo webrender,4768565,77,ms,firefox,447522363,1844837593,2024-02-16T14:55:53,720.3290178582174,313b43f262a908e7e012c7d19f326345a0863bae,1378386
autoland,4768729,12,95f51e857a45cd76f1766c14d6bed804857cd27b,windows10-64-shippable-qr,True,False,,,102210fe594ee9b33d82058545b1ed14f4c8206e,custom.jsdebugger.open.DAMP,damp,True,damp custom.jsdebugger.open.DAMP opt e10s fission stylo webrender,4768565,77,ms,firefox,447565204,1845036721,2024-02-17T16:55:38,720.5893797637546,2af34b4c9adf8c8defd3251b569af9c38cc0a429,1378583
autoland,4768729,12,95f51e857a45cd76f1766c14d6bed804857cd27b,windows10-64-shippable-qr,True,False,,,102210fe594ee9b33d82058545b1ed14f4c8206e,custom.jsdebugger.open.DAMP,damp,True,damp custom.jsdebugger.open.DAMP opt e10s fission stylo webrender,4768565,77,ms,firefox,447595971,1845214059,2024-02-19T03:31:58,717.8770511135954,fcdb3e9046c67688b2a5b8aeb6451b081b3b52ea,1378717
autoland,4768729,12,95f51e857a45cd76f1766c14d6bed804857cd27b,windows10-64-shippable-qr,True,False,,,102210fe594ee9b33d82058545b1ed14f4c8206e,custom.jsdebugger.open.DAMP,damp,True,damp custom.jsdebugger.open.DAMP opt e10s fission stylo webrender,4768565,77,ms,firefox,447616931,1845299433,2024-02-19T10:14:02,718.4870134679795,1dcfa194ad7d005175d431adf6ee3b93c00fb453,1378796
autoland,4768729,12,95f51e857a45cd76f1766c14d6bed804857cd27b,windows10-64-shippable-qr,True,False,,,102210fe594ee9b33d82058545b1ed14f4c8206e,custom.jsdebugger.open.DAMP,damp,True,damp custom.jsdebugger.open.DAMP opt e10s fission stylo webrender,4768565,77,ms,firefox,447641745,1845391381,2024-02-19T12:40:02,727.6381096521363,ac4ab326e785a5ad42ce51b54749c2bcce394916,1378838
autoland,4768729,12,95f51e857a45cd76f1766c14d6bed804857cd27b,windows10-64-shippable-qr,True,False,,,102210fe594ee9b33d82058545b1ed14f4c8206e,custom.jsdebugger.open.DAMP,damp,True,damp custom.jsdebugger.open.DAMP opt e10s fission stylo webrender,4768565,77,ms,firefox,447667566,1845451541,2024-02-19T16:50:13,718.2526882546081,bef8b1b461b8524917fc01cd866e903290b1d7f6,1378949
autoland,4768729,12,95f51e857a45cd76f1766c14d6bed804857cd27b,windows10-64-shippable-qr,True,False,,,102210fe594ee9b33d82058545b1ed14f4c8206e,custom.jsdebugger.open.DAMP,damp,True,damp custom.jsdebugger.open.DAMP opt e10s fission stylo webrender,4768565,77,ms,firefox,447689039,1845516487,2024-02-19T20:56:27,719.7878960096568,2f43b0ae1352efb25f67ffe4f86884c0eb959adb,1379008
autoland,4768729,12,95f51e857a45cd76f1766c14d6bed804857cd27b,windows10-64-shippable-qr,True,False,,,102210fe594ee9b33d82058545b1ed14f4c8206e,custom.jsdebugger.open.DAMP,damp,True,damp custom.jsdebugger.open.DAMP opt e10s fission stylo webrender,4768565,77,ms,firefox,447699655,1845563400,2024-02-19T22:19:49,723.4775511931657,e9309553f817fa164bde4c229fe12ae51207bed9,1379038
autoland,4768729,12,95f51e857a45cd76f1766c14d6bed804857cd27b,windows10-64-shippable-qr,True,False,,,102210fe594ee9b33d82058545b1ed14f4c8206e,custom.jsdebugger.open.DAMP,damp,True,damp custom.jsdebugger.open.DAMP opt e10s fission stylo webrender,4768565,77,ms,firefox,447712377,1845612800,2024-02-20T03:01:00,720.687377653252,ad2add2f3c608b924436c34684c1a775130e74ce,1379095
autoland,4768729,12,95f51e857a45cd76f1766c14d6bed804857cd27b,windows10-64-shippable-qr,True,False,,,102210fe594ee9b33d82058545b1ed14f4c8206e,custom.jsdebugger.open.DAMP,damp,True,damp custom.jsdebugger.open.DAMP opt e10s fission stylo webrender,4768565,77,ms,firefox,447732327,1845736373,2024-02-20T09:01:06,718.1440481034078,cc3c4937fb69e80b552b61a4f2dfd1405b518d89,1379152
autoland,4768729,12,95f51e857a45cd76f1766c14d6bed804857cd27b,windows10-64-shippable-qr,True,False,,,102210fe594ee9b33d82058545b1ed14f4c8206e,custom.jsdebugger.open.DAMP,damp,True,damp custom.jsdebugger.open.DAMP opt e10s fission stylo webrender,4768565,77,ms,firefox,447778513,1845907388,2024-02-20T16:46:59,724.5367431115656,0465723cfb4ca46ccf93d696eb564093a1d9f2e6,1379390
autoland,4768729,12,95f51e857a45cd76f1766c14d6bed804857cd27b,windows10-64-shippable-qr,True,False,,,102210fe594ee9b33d82058545b1ed14f4c8206e,custom.jsdebugger.open.DAMP,damp,True,damp custom.jsdebugger.open.DAMP opt e10s fission stylo webrender,4768565,77,ms,firefox,447801297,1845975095,2024-02-20T20:06:07,728.1882287244953,53f7baad39fc2408bc5c1ab6df97372a395730a4,1379528
autoland,4768729,12,95f51e857a45cd76f1766c14d6bed804857cd27b,windows10-64-shippable-qr,True,False,,,102210fe594ee9b33d82058545b1ed14f4c8206e,custom.jsdebugger.open.DAMP,damp,True,damp custom.jsdebugger.open.DAMP opt e10s fission stylo webrender,4768565,77,ms,firefox,448137386,1847388982,2024-02-20T22:41:49,727.8098308795597,0a7089e73d4ced11559363d73fe95a444b6e707d,1379588
autoland,4768729,12,95f51e857a45cd76f1766c14d6bed804857cd27b,windows10-64-shippable-qr,True,False,,,102210fe594ee9b33d82058545b1ed14f4c8206e,custom.jsdebugger.open.DAMP,damp,True,damp custom.jsdebugger.open.DAMP opt e10s fission stylo webrender,4768565,77,ms,firefox,448129631,1847348935,2024-02-20T22:45:35,728.1698597257055,835a3b3d7045f712c14b572ca4dc496e7ff0f81c,1379589
autoland,4768729,12,95f51e857a45cd76f1766c14d6bed804857cd27b,windows10-64-shippable-qr,True,False,,,102210fe594ee9b33d82058545b1ed14f4c8206e,custom.jsdebugger.open.DAMP,damp,True,damp custom.jsdebugger.open.DAMP opt e10s fission stylo webrender,4768565,77,ms,firefox,448130883,1847352581,2024-02-20T22:56:06,733.2741461030528,2da0c509157815c1914eeecacd8e21abb2411f85,1379591
autoland,4768729,12,95f51e857a45cd76f1766c14d6bed804857cd27b,windows10-64-shippable-qr,True,False,,,102210fe594ee9b33d82058545b1ed14f4c8206e,custom.jsdebugger.open.DAMP,damp,True,damp custom.jsdebugger.open.DAMP opt e10s fission stylo webrender,4768565,77,ms,firefox,448242359,1847867952,2024-02-20T23:25:16,723.100624742503,978a40eb07a212574f32c91b3586b2fe6a35d6bc,1379599
autoland,4768729,12,95f51e857a45cd76f1766c14d6bed804857cd27b,windows10-64-shippable-qr,True,False,,,102210fe594ee9b33d82058545b1ed14f4c8206e,custom.jsdebugger.open.DAMP,damp,True,damp custom.jsdebugger.open.DAMP opt e10s fission stylo webrender,4768565,77,ms,firefox,448135590,1847375757,2024-02-20T23:27:40,727.6627938966631,88a6320423989be468cf5af74e667984a94b943c,1379600
autoland,4768729,12,95f51e857a45cd76f1766c14d6bed804857cd27b,windows10-64-shippable-qr,True,False,,,102210fe594ee9b33d82058545b1ed14f4c8206e,custom.jsdebugger.open.DAMP,damp,True,damp custom.jsdebugger.open.DAMP opt e10s fission stylo webrender,4768565,77,ms,firefox,447831836,1846072510,2024-02-21T00:08:41,731.2163381275896,05e1180d2aa04a8882ff66dfaeeb0705694f7a61,1379609
autoland,4768729,12,95f51e857a45cd76f1766c14d6bed804857cd27b,windows10-64-shippable-qr,True,False,,,102210fe594ee9b33d82058545b1ed14f4c8206e,custom.jsdebugger.open.DAMP,damp,True,damp custom.jsdebugger.open.DAMP opt e10s fission stylo webrender,4768565,77,ms,firefox,448130981,1847353529,2024-02-21T00:10:14,727.9282108345806,0bc93a4fd2faa1f341c25c30fbb98613a7f5e1c9,1379610
autoland,4768729,12,95f51e857a45cd76f1766c14d6bed804857cd27b,windows10-64-shippable-qr,True,False,,,102210fe594ee9b33d82058545b1ed14f4c8206e,custom.jsdebugger.open.DAMP,damp,True,damp custom.jsdebugger.open.DAMP opt e10s fission stylo webrender,4768565,77,ms,firefox,448138109,1847393659,2024-02-21T00:19:55,731.6865914549198,502af1ea1f4c09e9d8ee36731cd01cd8a15113fb,1379614
autoland,4768729,12,95f51e857a45cd76f1766c14d6bed804857cd27b,windows10-64-shippable-qr,True,False,,,102210fe594ee9b33d82058545b1ed14f4c8206e,custom.jsdebugger.open.DAMP,damp,True,damp custom.jsdebugger.open.DAMP opt e10s fission stylo webrender,4768565,77,ms,firefox,448130461,1847349979,2024-02-21T00:28:50,727.0531260805292,fb49272064bf6d980f0399a2ab0b9952ecc456b2,1379615
autoland,4768729,12,95f51e857a45cd76f1766c14d6bed804857cd27b,windows10-64-shippable-qr,True,False,,,102210fe594ee9b33d82058545b1ed14f4c8206e,custom.jsdebugger.open.DAMP,damp,True,damp custom.jsdebugger.open.DAMP opt e10s fission stylo webrender,4768565,77,ms,firefox,447832891,1846084988,2024-02-21T00:41:01,747.15635442661,119078d182dd2557cd70eb6933abc1ecfb499edd,1379618
autoland,4768729,12,95f51e857a45cd76f1766c14d6bed804857cd27b,windows10-64-shippable-qr,True,False,,,102210fe594ee9b33d82058545b1ed14f4c8206e,custom.jsdebugger.open.DAMP,damp,True,damp custom.jsdebugger.open.DAMP opt e10s fission stylo webrender,4768565,77,ms,firefox,448131393,1847360448,2024-02-21T00:44:38,742.0627186453858,3231e8305de21b5b73d8fba796fcd054418d5aaa,1379622
autoland,4768729,12,95f51e857a45cd76f1766c14d6bed804857cd27b,windows10-64-shippable-qr,True,False,,,102210fe594ee9b33d82058545b1ed14f4c8206e,custom.jsdebugger.open.DAMP,damp,True,damp custom.jsdebugger.open.DAMP opt e10s fission stylo webrender,4768565,77,ms,firefox,448130940,1847353020,2024-02-21T01:14:45,726.931812441202,d569825df70b0d17ba27168cdee1552145d14bd2,1379646
autoland,4768729,12,95f51e857a45cd76f1766c14d6bed804857cd27b,windows10-64-shippable-qr,True,False,,,102210fe594ee9b33d82058545b1ed14f4c8206e,custom.jsdebugger.open.DAMP,damp,True,damp custom.jsdebugger.open.DAMP opt e10s fission stylo webrender,4768565,77,ms,firefox,448131048,1847354024,2024-02-21T01:21:58,725.8625238805398,771144ea376d6f54b3052bb250d1077953ec040e,1379652
autoland,4768729,12,95f51e857a45cd76f1766c14d6bed804857cd27b,windows10-64-shippable-qr,True,False,,,102210fe594ee9b33d82058545b1ed14f4c8206e,custom.jsdebugger.open.DAMP,damp,True,damp custom.jsdebugger.open.DAMP opt e10s fission stylo webrender,4768565,77,ms,firefox,448134349,1847371991,2024-02-21T01:46:27,728.0914309276268,558067032002ffc8a775205a29adbe2dd686df28,1379673
autoland,4768729,12,95f51e857a45cd76f1766c14d6bed804857cd27b,windows10-64-shippable-qr,True,False,,,102210fe594ee9b33d82058545b1ed14f4c8206e,custom.jsdebugger.open.DAMP,damp,True,damp custom.jsdebugger.open.DAMP opt e10s fission stylo webrender,4768565,77,ms,firefox,448130979,1847353587,2024-02-21T02:44:54,725.6968397008459,3cc9041fe02428459c34580a49b35411c69dc4f1,1379722
autoland,4768729,12,95f51e857a45cd76f1766c14d6bed804857cd27b,windows10-64-shippable-qr,True,False,,,102210fe594ee9b33d82058545b1ed14f4c8206e,custom.jsdebugger.open.DAMP,damp,True,damp custom.jsdebugger.open.DAMP opt e10s fission stylo webrender,4768565,77,ms,firefox,448242296,1847867533,2024-02-21T02:56:32,731.8733257602862,92da9f865b6e22cd601f889ee435d71217112f1f,1379731
autoland,4768729,12,95f51e857a45cd76f1766c14d6bed804857cd27b,windows10-64-shippable-qr,True,False,,,102210fe594ee9b33d82058545b1ed14f4c8206e,custom.jsdebugger.open.DAMP,damp,True,damp custom.jsdebugger.open.DAMP opt e10s fission stylo webrender,4768565,77,ms,firefox,448130989,1847354278,2024-02-21T03:01:49,744.2737851590937,cb212fa2b4223c5ecbfff09db3206575957e1c77,1379732
autoland,4768729,12,95f51e857a45cd76f1766c14d6bed804857cd27b,windows10-64-shippable-qr,True,False,,,102210fe594ee9b33d82058545b1ed14f4c8206e,custom.jsdebugger.open.DAMP,damp,True,damp custom.jsdebugger.open.DAMP opt e10s fission stylo webrender,4768565,77,ms,firefox,448133605,1847365588,2024-02-21T03:10:52,729.9676620855098,223489055d61086bb2e6f51888cb799ba2ad2efb,1379735
autoland,4768729,12,95f51e857a45cd76f1766c14d6bed804857cd27b,windows10-64-shippable-qr,True,False,,,102210fe594ee9b33d82058545b1ed14f4c8206e,custom.jsdebugger.open.DAMP,damp,True,damp custom.jsdebugger.open.DAMP opt e10s fission stylo webrender,4768565,77,ms,firefox,448130942,1847352959,2024-02-21T03:34:23,726.2996498267894,1529f839fd6412861d9de30da7791aee9dfaeadf,1379741
autoland,4768729,12,95f51e857a45cd76f1766c14d6bed804857cd27b,windows10-64-shippable-qr,True,False,,,102210fe594ee9b33d82058545b1ed14f4c8206e,custom.jsdebugger.open.DAMP,damp,True,damp custom.jsdebugger.open.DAMP opt e10s fission stylo webrender,4768565,77,ms,firefox,447846279,1846148841,2024-02-21T05:21:04,747.4267764074757,714d9f89093457451e3881a56b2477e958b70fe0,1379764
autoland,4768729,12,95f51e857a45cd76f1766c14d6bed804857cd27b,windows10-64-shippable-qr,True,False,,,102210fe594ee9b33d82058545b1ed14f4c8206e,custom.jsdebugger.open.DAMP,damp,True,damp custom.jsdebugger.open.DAMP opt e10s fission stylo webrender,4768565,77,ms,firefox,448130603,1847350846,2024-02-21T06:33:10,747.2585836726939,552269a748b353995ea9371acc0c9a90353fead9,1379770
autoland,4768729,12,95f51e857a45cd76f1766c14d6bed804857cd27b,windows10-64-shippable-qr,True,False,,,102210fe594ee9b33d82058545b1ed14f4c8206e,custom.jsdebugger.open.DAMP,damp,True,damp custom.jsdebugger.open.DAMP opt e10s fission stylo webrender,4768565,77,ms,firefox,448130694,1847351550,2024-02-21T06:42:54,722.0135918817559,c9ed164fe7692ffc920cbaa03266ae4bb1bd9477,1379773
autoland,4768729,12,95f51e857a45cd76f1766c14d6bed804857cd27b,windows10-64-shippable-qr,True,False,,,102210fe594ee9b33d82058545b1ed14f4c8206e,custom.jsdebugger.open.DAMP,damp,True,damp custom.jsdebugger.open.DAMP opt e10s fission stylo webrender,4768565,77,ms,firefox,448130696,1847351364,2024-02-21T06:59:09,731.3419615528837,ad6bc1513dc8d6b41ebdc36ce3389f7541ded3fc,1379778
autoland,4768729,12,95f51e857a45cd76f1766c14d6bed804857cd27b,windows10-64-shippable-qr,True,False,,,102210fe594ee9b33d82058545b1ed14f4c8206e,custom.jsdebugger.open.DAMP,damp,True,damp custom.jsdebugger.open.DAMP opt e10s fission stylo webrender,4768565,77,ms,firefox,448130015,1847349188,2024-02-21T08:39:33,723.0876540736208,83c9a41dae458779e317f394be1ce48355a4bd4e,1379793
autoland,4768729,12,95f51e857a45cd76f1766c14d6bed804857cd27b,windows10-64-shippable-qr,True,False,,,102210fe594ee9b33d82058545b1ed14f4c8206e,custom.jsdebugger.open.DAMP,damp,True,damp custom.jsdebugger.open.DAMP opt e10s fission stylo webrender,4768565,77,ms,firefox,448131209,1847358727,2024-02-21T08:51:51,727.3675404121605,5309478aa9cbb48a3d00941b1de7e513f4bb40bc,1379801
autoland,4768729,12,95f51e857a45cd76f1766c14d6bed804857cd27b,windows10-64-shippable-qr,True,False,,,102210fe594ee9b33d82058545b1ed14f4c8206e,custom.jsdebugger.open.DAMP,damp,True,damp custom.jsdebugger.open.DAMP opt e10s fission stylo webrender,4768565,77,ms,firefox,448130605,1847350307,2024-02-21T09:01:50,726.3308171356357,9e60ae33675845aae6fae5b679bbd0b17a252fcd,1379806
autoland,4768729,12,95f51e857a45cd76f1766c14d6bed804857cd27b,windows10-64-shippable-qr,True,False,,,102210fe594ee9b33d82058545b1ed14f4c8206e,custom.jsdebugger.open.DAMP,damp,True,damp custom.jsdebugger.open.DAMP opt e10s fission stylo webrender,4768565,77,ms,firefox,448130614,1847350948,2024-02-21T09:01:50,740.3181570714969,9e60ae33675845aae6fae5b679bbd0b17a252fcd,1379806
autoland,4768729,12,95f51e857a45cd76f1766c14d6bed804857cd27b,windows10-64-shippable-qr,True,False,,,102210fe594ee9b33d82058545b1ed14f4c8206e,custom.jsdebugger.open.DAMP,damp,True,damp custom.jsdebugger.open.DAMP opt e10s fission stylo webrender,4768565,77,ms,firefox,447877740,1846270728,2024-02-21T10:11:10,732.249907754689,764b93d1a22891bddaaec4e5f73836957d938bac,1379832
autoland,4768729,12,95f51e857a45cd76f1766c14d6bed804857cd27b,windows10-64-shippable-qr,True,False,,,102210fe594ee9b33d82058545b1ed14f4c8206e,custom.jsdebugger.open.DAMP,damp,True,damp custom.jsdebugger.open.DAMP opt e10s fission stylo webrender,4768565,77,ms,firefox,448130598,1847349861,2024-02-21T10:15:42,731.7976955876729,2b12d37e2c99fc1dd71ae506b389415fc5b12376,1379833
autoland,4768729,12,95f51e857a45cd76f1766c14d6bed804857cd27b,windows10-64-shippable-qr,True,False,,,102210fe594ee9b33d82058545b1ed14f4c8206e,custom.jsdebugger.open.DAMP,damp,True,damp custom.jsdebugger.open.DAMP opt e10s fission stylo webrender,4768565,77,ms,firefox,448131444,1847360884,2024-02-21T10:18:03,748.7852789634344,b40144fc5c191ed9eb25852ff45dc76fdadb1c17,1379835
autoland,4768729,12,95f51e857a45cd76f1766c14d6bed804857cd27b,windows10-64-shippable-qr,True,False,,,102210fe594ee9b33d82058545b1ed14f4c8206e,custom.jsdebugger.open.DAMP,damp,True,damp custom.jsdebugger.open.DAMP opt e10s fission stylo webrender,4768565,77,ms,firefox,447884470,1846305465,2024-02-21T10:22:21,729.2013688829902,24ffc625c71e9cb6e20c48936ac06da6ec066694,1379838
autoland,4768729,12,95f51e857a45cd76f1766c14d6bed804857cd27b,windows10-64-shippable-qr,True,False,,,102210fe594ee9b33d82058545b1ed14f4c8206e,custom.jsdebugger.open.DAMP,damp,True,damp custom.jsdebugger.open.DAMP opt e10s fission stylo webrender,4768565,77,ms,firefox,448134276,1847372450,2024-02-21T10:23:19,744.4926748197613,4ce4c83e0d85795f8566bedccf327bd780bad30f,1379839
autoland,4768729,12,95f51e857a45cd76f1766c14d6bed804857cd27b,windows10-64-shippable-qr,True,False,,,102210fe594ee9b33d82058545b1ed14f4c8206e,custom.jsdebugger.open.DAMP,damp,True,damp custom.jsdebugger.open.DAMP opt e10s fission stylo webrender,4768565,77,ms,firefox,448130623,1847350516,2024-02-21T11:02:01,723.3201203267672,0b79c9a31e2f88971277bd9a29f61a8ee248ca5d,1379852
autoland,4768729,12,95f51e857a45cd76f1766c14d6bed804857cd27b,windows10-64-shippable-qr,True,False,,,102210fe594ee9b33d82058545b1ed14f4c8206e,custom.jsdebugger.open.DAMP,damp,True,damp custom.jsdebugger.open.DAMP opt e10s fission stylo webrender,4768565,77,ms,firefox,448132625,1847363914,2024-02-21T11:03:18,729.4572905178647,acaa8b529bb7da3e76b4874321aa5bb7f16f5a06,1379854
autoland,4768729,12,95f51e857a45cd76f1766c14d6bed804857cd27b,windows10-64-shippable-qr,True,False,,,102210fe594ee9b33d82058545b1ed14f4c8206e,custom.jsdebugger.open.DAMP,damp,True,damp custom.jsdebugger.open.DAMP opt e10s fission stylo webrender,4768565,77,ms,firefox,448131401,1847360330,2024-02-21T11:56:43,731.3207071879151,ef28293ef57b7db019bce5c6bdffa4e70640b9b4,1379862
autoland,4768729,12,95f51e857a45cd76f1766c14d6bed804857cd27b,windows10-64-shippable-qr,True,False,,,102210fe594ee9b33d82058545b1ed14f4c8206e,custom.jsdebugger.open.DAMP,damp,True,damp custom.jsdebugger.open.DAMP opt e10s fission stylo webrender,4768565,77,ms,firefox,448136939,1847384470,2024-02-21T12:05:59,727.6096388453807,257a22ad115845d453227f59b4204a7b269527cb,1379865
autoland,4768729,12,95f51e857a45cd76f1766c14d6bed804857cd27b,windows10-64-shippable-qr,True,False,,,102210fe594ee9b33d82058545b1ed14f4c8206e,custom.jsdebugger.open.DAMP,damp,True,damp custom.jsdebugger.open.DAMP opt e10s fission stylo webrender,4768565,77,ms,firefox,448137056,1847385836,2024-02-21T12:09:51,741.4938041183932,40bc19570cbe1dc3454a4c16d88ae6645de3556f,1379866
autoland,4768729,12,95f51e857a45cd76f1766c14d6bed804857cd27b,windows10-64-shippable-qr,True,False,,,102210fe594ee9b33d82058545b1ed14f4c8206e,custom.jsdebugger.open.DAMP,damp,True,damp custom.jsdebugger.open.DAMP opt e10s fission stylo webrender,4768565,77,ms,firefox,448130889,1847353082,2024-02-21T12:21:09,738.081145897544,d83939746c70dfd86534559a9f10e458ee81041d,1379870
autoland,4768729,12,95f51e857a45cd76f1766c14d6bed804857cd27b,windows10-64-shippable-qr,True,False,,,102210fe594ee9b33d82058545b1ed14f4c8206e,custom.jsdebugger.open.DAMP,damp,True,damp custom.jsdebugger.open.DAMP opt e10s fission stylo webrender,4768565,77,ms,firefox,448130854,1847352661,2024-02-21T12:26:53,722.848093639841,ddd358fef977a90ea0d8f3236d640a00e9b0899d,1379872
autoland,4768729,12,95f51e857a45cd76f1766c14d6bed804857cd27b,windows10-64-shippable-qr,True,False,,,102210fe594ee9b33d82058545b1ed14f4c8206e,custom.jsdebugger.open.DAMP,damp,True,damp custom.jsdebugger.open.DAMP opt e10s fission stylo webrender,4768565,77,ms,firefox,448131079,1847354259,2024-02-21T13:07:02,725.1339048609807,d9a8269639bccea8cee23fcf3519eb35da230d0e,1379896
autoland,4768729,12,95f51e857a45cd76f1766c14d6bed804857cd27b,windows10-64-shippable-qr,True,False,,,102210fe594ee9b33d82058545b1ed14f4c8206e,custom.jsdebugger.open.DAMP,damp,True,damp custom.jsdebugger.open.DAMP opt e10s fission stylo webrender,4768565,77,ms,firefox,447914949,1846401941,2024-02-21T14:24:58,726.4731853790581,799f79fdcedba2bbccee86179c8b547894a16162,1379926
autoland,4768729,12,95f51e857a45cd76f1766c14d6bed804857cd27b,windows10-64-shippable-qr,True,False,,,102210fe594ee9b33d82058545b1ed14f4c8206e,custom.jsdebugger.open.DAMP,damp,True,damp custom.jsdebugger.open.DAMP opt e10s fission stylo webrender,4768565,77,ms,firefox,448134029,1847367717,2024-02-21T14:29:07,728.1020751725882,eeb994f89086c23ae0cd53cb52331663589b4dd8,1379929
autoland,4768729,12,95f51e857a45cd76f1766c14d6bed804857cd27b,windows10-64-shippable-qr,True,False,,,102210fe594ee9b33d82058545b1ed14f4c8206e,custom.jsdebugger.open.DAMP,damp,True,damp custom.jsdebugger.open.DAMP opt e10s fission stylo webrender,4768565,77,ms,firefox,448130978,1847353653,2024-02-21T14:29:49,730.8484726018723,79727e2ea185710d1d5757b44fb47eb3f9a0132d,1379931
autoland,4768729,12,95f51e857a45cd76f1766c14d6bed804857cd27b,windows10-64-shippable-qr,True,False,,,102210fe594ee9b33d82058545b1ed14f4c8206e,custom.jsdebugger.open.DAMP,damp,True,damp custom.jsdebugger.open.DAMP opt e10s fission stylo webrender,4768565,77,ms,firefox,448130351,1847349453,2024-02-21T14:30:31,727.5052991954699,e0cfe44eef284a05dbbbcfc9ed0c6d1db03de772,1379933
autoland,4768729,12,95f51e857a45cd76f1766c14d6bed804857cd27b,windows10-64-shippable-qr,True,False,,,102210fe594ee9b33d82058545b1ed14f4c8206e,custom.jsdebugger.open.DAMP,damp,True,damp custom.jsdebugger.open.DAMP opt e10s fission stylo webrender,4768565,77,ms,firefox,448135913,1847377079,2024-02-21T14:31:19,728.9923165932269,30ac4dbda516c132c70db2764d53e6114238fc1b,1379934
autoland,4768729,12,95f51e857a45cd76f1766c14d6bed804857cd27b,windows10-64-shippable-qr,True,False,,,102210fe594ee9b33d82058545b1ed14f4c8206e,custom.jsdebugger.open.DAMP,damp,True,damp custom.jsdebugger.open.DAMP opt e10s fission stylo webrender,4768565,77,ms,firefox,448130650,1847351256,2024-02-21T14:32:03,733.1048562167871,482c70c1af04102f7a3965b75a1989ef1ec9ceca,1379935
autoland,4768729,12,95f51e857a45cd76f1766c14d6bed804857cd27b,windows10-64-shippable-qr,True,False,,,102210fe594ee9b33d82058545b1ed14f4c8206e,custom.jsdebugger.open.DAMP,damp,True,damp custom.jsdebugger.open.DAMP opt e10s fission stylo webrender,4768565,77,ms,firefox,448242278,1847867670,2024-02-21T14:33:35,727.7179969860299,da483fb8655e255cd36384967e2fea4967e3d0d4,1379937
autoland,4768729,12,95f51e857a45cd76f1766c14d6bed804857cd27b,windows10-64-shippable-qr,True,False,,,102210fe594ee9b33d82058545b1ed14f4c8206e,custom.jsdebugger.open.DAMP,damp,True,damp custom.jsdebugger.open.DAMP opt e10s fission stylo webrender,4768565,77,ms,firefox,448131101,1847359047,2024-02-21T14:34:17,743.1518398521066,cf34415e343960a030beb8a0c7788de74c7ea566,1379939
autoland,4768729,12,95f51e857a45cd76f1766c14d6bed804857cd27b,windows10-64-shippable-qr,True,False,,,102210fe594ee9b33d82058545b1ed14f4c8206e,custom.jsdebugger.open.DAMP,damp,True,damp custom.jsdebugger.open.DAMP opt e10s fission stylo webrender,4768565,77,ms,firefox,448134148,1847369470,2024-02-21T14:48:03,727.187766346513,f9f6601229799d04c96342e951d90355dfb9ecec,1379944
autoland,4768729,12,95f51e857a45cd76f1766c14d6bed804857cd27b,windows10-64-shippable-qr,True,False,,,102210fe594ee9b33d82058545b1ed14f4c8206e,custom.jsdebugger.open.DAMP,damp,True,damp custom.jsdebugger.open.DAMP opt e10s fission stylo webrender,4768565,77,ms,firefox,448133586,1847365443,2024-02-21T15:09:49,730.1157221807507,4b0b8659eebc3f35f00094737bc73d891a1fad8e,1379953
autoland,4768729,12,95f51e857a45cd76f1766c14d6bed804857cd27b,windows10-64-shippable-qr,True,False,,,102210fe594ee9b33d82058545b1ed14f4c8206e,custom.jsdebugger.open.DAMP,damp,True,damp custom.jsdebugger.open.DAMP opt e10s fission stylo webrender,4768565,77,ms,firefox,447921187,1846428213,2024-02-21T15:14:56,741.3671635799838,f8dd4015fa59fee3a1a74c00cd2393a9578e49f0,1379958
autoland,4768729,12,95f51e857a45cd76f1766c14d6bed804857cd27b,windows10-64-shippable-qr,True,False,,,102210fe594ee9b33d82058545b1ed14f4c8206e,custom.jsdebugger.open.DAMP,damp,True,damp custom.jsdebugger.open.DAMP opt e10s fission stylo webrender,4768565,77,ms,firefox,448161797,1847500553,2024-02-21T15:22:25,730.3107537573378,bf0a2b842acac0cc21445a03f62afacb0932422b,1379965
autoland,4768729,12,95f51e857a45cd76f1766c14d6bed804857cd27b,windows10-64-shippable-qr,True,False,,,102210fe594ee9b33d82058545b1ed14f4c8206e,custom.jsdebugger.open.DAMP,damp,True,damp custom.jsdebugger.open.DAMP opt e10s fission stylo webrender,4768565,77,ms,firefox,448117302,1847329512,2024-02-21T16:13:35,726.3364652947566,a62d32e0102a491e840fccc72ca40044629517e1,1380005
autoland,4768729,12,95f51e857a45cd76f1766c14d6bed804857cd27b,windows10-64-shippable-qr,True,False,,,102210fe594ee9b33d82058545b1ed14f4c8206e,custom.jsdebugger.open.DAMP,damp,True,damp custom.jsdebugger.open.DAMP opt e10s fission stylo webrender,4768565,77,ms,firefox,448242269,1847868045,2024-02-21T16:14:18,743.5188513183384,3141ad983ed0532be8c06e2f29f08d53c2a81a11,1380006
autoland,4768729,12,95f51e857a45cd76f1766c14d6bed804857cd27b,windows10-64-shippable-qr,True,False,,,102210fe594ee9b33d82058545b1ed14f4c8206e,custom.jsdebugger.open.DAMP,damp,True,damp custom.jsdebugger.open.DAMP opt e10s fission stylo webrender,4768565,77,ms,firefox,448147021,1847420886,2024-02-21T16:51:40,731.5728231162357,a8f39eb37f849cc5ec69111bc4692ae6065f3080,1380031
autoland,4768729,12,95f51e857a45cd76f1766c14d6bed804857cd27b,windows10-64-shippable-qr,True,False,,,102210fe594ee9b33d82058545b1ed14f4c8206e,custom.jsdebugger.open.DAMP,damp,True,damp custom.jsdebugger.open.DAMP opt e10s fission stylo webrender,4768565,77,ms,firefox,448130891,1847352719,2024-02-21T16:53:12,724.1119425630386,b778b4b9d36f3a17710a84f7d1ff5433250fd47d,1380032
autoland,4768729,12,95f51e857a45cd76f1766c14d6bed804857cd27b,windows10-64-shippable-qr,True,False,,,102210fe594ee9b33d82058545b1ed14f4c8206e,custom.jsdebugger.open.DAMP,damp,True,damp custom.jsdebugger.open.DAMP opt e10s fission stylo webrender,4768565,77,ms,firefox,448133235,1847364768,2024-02-21T16:57:26,726.4511693903478,39923856fd4e9a051a691e17c05b418a25274500,1380035
autoland,4768729,12,95f51e857a45cd76f1766c14d6bed804857cd27b,windows10-64-shippable-qr,True,False,,,102210fe594ee9b33d82058545b1ed14f4c8206e,custom.jsdebugger.open.DAMP,damp,True,damp custom.jsdebugger.open.DAMP opt e10s fission stylo webrender,4768565,77,ms,firefox,448133961,1847366852,2024-02-21T17:24:21,748.7979932306771,ef36a8aca9a25b4e293debe461fb17fe6e329e2c,1380052
autoland,4768729,12,95f51e857a45cd76f1766c14d6bed804857cd27b,windows10-64-shippable-qr,True,False,,,102210fe594ee9b33d82058545b1ed14f4c8206e,custom.jsdebugger.open.DAMP,damp,True,damp custom.jsdebugger.open.DAMP opt e10s fission stylo webrender,4768565,77,ms,firefox,448140155,1847402015,2024-02-21T17:34:40,739.8938043914604,51e701006d1dc2637467794f0591eb1cdde42b12,1380058
autoland,4768729,12,95f51e857a45cd76f1766c14d6bed804857cd27b,windows10-64-shippable-qr,True,False,,,102210fe594ee9b33d82058545b1ed14f4c8206e,custom.jsdebugger.open.DAMP,damp,True,damp custom.jsdebugger.open.DAMP opt e10s fission stylo webrender,4768565,77,ms,firefox,448131421,1847360118,2024-02-21T17:59:29,726.8668199480671,0b4047d915827022c3c36fee377c4217ef011a56,1380074
autoland,4768729,12,95f51e857a45cd76f1766c14d6bed804857cd27b,windows10-64-shippable-qr,True,False,,,102210fe594ee9b33d82058545b1ed14f4c8206e,custom.jsdebugger.open.DAMP,damp,True,damp custom.jsdebugger.open.DAMP opt e10s fission stylo webrender,4768565,77,ms,firefox,448119850,1847337757,2024-02-21T18:21:47,721.1314526988863,52ce40afd4f83c3c10c26e78ac08c49242c6579c,1380083
autoland,4768729,12,95f51e857a45cd76f1766c14d6bed804857cd27b,windows10-64-shippable-qr,True,False,,,102210fe594ee9b33d82058545b1ed14f4c8206e,custom.jsdebugger.open.DAMP,damp,True,damp custom.jsdebugger.open.DAMP opt e10s fission stylo webrender,4768565,77,ms,firefox,448070358,1847141409,2024-02-21T18:40:33,725.1672277618691,d01e315f113e53542aaddda9311938d9d9168a04,1380098
autoland,4768729,12,95f51e857a45cd76f1766c14d6bed804857cd27b,windows10-64-shippable-qr,True,False,,,102210fe594ee9b33d82058545b1ed14f4c8206e,custom.jsdebugger.open.DAMP,damp,True,damp custom.jsdebugger.open.DAMP opt e10s fission stylo webrender,4768565,77,ms,firefox,448065508,1847130028,2024-02-21T18:54:33,726.9580334008206,c676fc5d89bc208e6e87b7b13f73913bb7be4f80,1380112
autoland,4768729,12,95f51e857a45cd76f1766c14d6bed804857cd27b,windows10-64-shippable-qr,True,False,,,102210fe594ee9b33d82058545b1ed14f4c8206e,custom.jsdebugger.open.DAMP,damp,True,damp custom.jsdebugger.open.DAMP opt e10s fission stylo webrender,4768565,77,ms,firefox,448070555,1847142542,2024-02-21T19:03:06,729.9746730882907,bef10fefde3d4812aea01be0356dd9a809d1ef05,1380121
autoland,4768729,12,95f51e857a45cd76f1766c14d6bed804857cd27b,windows10-64-shippable-qr,True,False,,,102210fe594ee9b33d82058545b1ed14f4c8206e,custom.jsdebugger.open.DAMP,damp,True,damp custom.jsdebugger.open.DAMP opt e10s fission stylo webrender,4768565,77,ms,firefox,448072476,1847157237,2024-02-21T19:04:45,723.7895883004421,a405d082b2300b9d18f1caa6f8fbc34065fbeced,1380123
autoland,4768729,12,95f51e857a45cd76f1766c14d6bed804857cd27b,windows10-64-shippable-qr,True,False,,,102210fe594ee9b33d82058545b1ed14f4c8206e,custom.jsdebugger.open.DAMP,damp,True,damp custom.jsdebugger.open.DAMP opt e10s fission stylo webrender,4768565,77,ms,firefox,448070372,1847141601,2024-02-21T19:05:33,732.2554725889222,5e94ddabdae84c38d721fc9d8b72b208708bebc9,1380125
autoland,4768729,12,95f51e857a45cd76f1766c14d6bed804857cd27b,windows10-64-shippable-qr,True,False,,,102210fe594ee9b33d82058545b1ed14f4c8206e,custom.jsdebugger.open.DAMP,damp,True,damp custom.jsdebugger.open.DAMP opt e10s fission stylo webrender,4768565,77,ms,firefox,448070854,1847143960,2024-02-21T19:13:54,726.4194865934478,7d484273773bcf4a5a33284abd30265f94145972,1380134
autoland,4768729,12,95f51e857a45cd76f1766c14d6bed804857cd27b,windows10-64-shippable-qr,True,False,,,102210fe594ee9b33d82058545b1ed14f4c8206e,custom.jsdebugger.open.DAMP,damp,True,damp custom.jsdebugger.open.DAMP opt e10s fission stylo webrender,4768565,77,ms,firefox,447956567,1846653833,2024-02-21T20:37:48,732.3659369522602,bec4dc4bd9ce0a51dab009936bc838963e3f16b3,1380197
autoland,4768729,12,95f51e857a45cd76f1766c14d6bed804857cd27b,windows10-64-shippable-qr,True,False,,,102210fe594ee9b33d82058545b1ed14f4c8206e,custom.jsdebugger.open.DAMP,damp,True,damp custom.jsdebugger.open.DAMP opt e10s fission stylo webrender,4768565,77,ms,firefox,448056530,1847092765,2024-02-21T20:37:48,731.4216628454415,bec4dc4bd9ce0a51dab009936bc838963e3f16b3,1380197
autoland,4768729,12,95f51e857a45cd76f1766c14d6bed804857cd27b,windows10-64-shippable-qr,True,False,,,102210fe594ee9b33d82058545b1ed14f4c8206e,custom.jsdebugger.open.DAMP,damp,True,damp custom.jsdebugger.open.DAMP opt e10s fission stylo webrender,4768565,77,ms,firefox,448071269,1847148849,2024-02-21T20:39:06,752.4851630907806,391786e96304fd53a4dc974e97b1347eff26334d,1380199
autoland,4768729,12,95f51e857a45cd76f1766c14d6bed804857cd27b,windows10-64-shippable-qr,True,False,,,102210fe594ee9b33d82058545b1ed14f4c8206e,custom.jsdebugger.open.DAMP,damp,True,damp custom.jsdebugger.open.DAMP opt e10s fission stylo webrender,4768565,77,ms,firefox,448072253,1847155658,2024-02-21T20:39:52,737.6424680964556,4c2fa60c6ce50c8359721420c90e02800cccd5a7,1380201
autoland,4768729,12,95f51e857a45cd76f1766c14d6bed804857cd27b,windows10-64-shippable-qr,True,False,,,102210fe594ee9b33d82058545b1ed14f4c8206e,custom.jsdebugger.open.DAMP,damp,True,damp custom.jsdebugger.open.DAMP opt e10s fission stylo webrender,4768565,77,ms,firefox,448995140,1850849546,2024-02-21T23:02:36,720.7665670541464,10b12ac6e37088e332361419ca8d70b08bc58abd,1380289
autoland,4768729,12,95f51e857a45cd76f1766c14d6bed804857cd27b,windows10-64-shippable-qr,True,False,,,102210fe594ee9b33d82058545b1ed14f4c8206e,custom.jsdebugger.open.DAMP,damp,True,damp custom.jsdebugger.open.DAMP opt e10s fission stylo webrender,4768565,77,ms,firefox,448064548,1847119268,2024-02-21T23:20:53,720.5111943660886,40907bc3720213fbffa7634465e809721ba121a1,1380305
autoland,4768729,12,95f51e857a45cd76f1766c14d6bed804857cd27b,windows10-64-shippable-qr,True,False,,,102210fe594ee9b33d82058545b1ed14f4c8206e,custom.jsdebugger.open.DAMP,damp,True,damp custom.jsdebugger.open.DAMP opt e10s fission stylo webrender,4768565,77,ms,firefox,448064551,1847119186,2024-02-21T23:20:53,727.4443250534459,40907bc3720213fbffa7634465e809721ba121a1,1380305
autoland,4768729,12,95f51e857a45cd76f1766c14d6bed804857cd27b,windows10-64-shippable-qr,True,False,,,102210fe594ee9b33d82058545b1ed14f4c8206e,custom.jsdebugger.open.DAMP,damp,True,damp custom.jsdebugger.open.DAMP opt e10s fission stylo webrender,4768565,77,ms,firefox,448067637,1847135521,2024-02-22T00:10:13,723.0563275381719,bd95bb653c28c06863445866297138f81b463472,1380320
autoland,4768729,12,95f51e857a45cd76f1766c14d6bed804857cd27b,windows10-64-shippable-qr,True,False,,,102210fe594ee9b33d82058545b1ed14f4c8206e,custom.jsdebugger.open.DAMP,damp,True,damp custom.jsdebugger.open.DAMP opt e10s fission stylo webrender,4768565,77,ms,firefox,448046675,1847039322,2024-02-22T00:49:41,728.2479025887587,445c60e096fe3cdc8b7169881875c476febfe082,1380338
autoland,4768729,12,95f51e857a45cd76f1766c14d6bed804857cd27b,windows10-64-shippable-qr,True,False,,,102210fe594ee9b33d82058545b1ed14f4c8206e,custom.jsdebugger.open.DAMP,damp,True,damp custom.jsdebugger.open.DAMP opt e10s fission stylo webrender,4768565,77,ms,firefox,447998732,1846848734,2024-02-22T02:03:24,722.7889298867522,093d37f32ef033aa168508e96b9ec2e753850ccc,1380373
autoland,4768729,12,95f51e857a45cd76f1766c14d6bed804857cd27b,windows10-64-shippable-qr,True,False,,,102210fe594ee9b33d82058545b1ed14f4c8206e,custom.jsdebugger.open.DAMP,damp,True,damp custom.jsdebugger.open.DAMP opt e10s fission stylo webrender,4768565,77,ms,firefox,448073765,1847166581,2024-02-22T12:54:00,719.9352490114179,583b3985eb0c0410cf6ebaf8e2f5c576185726c5,1380594
autoland,4768729,12,95f51e857a45cd76f1766c14d6bed804857cd27b,windows10-64-shippable-qr,True,False,,,102210fe594ee9b33d82058545b1ed14f4c8206e,custom.jsdebugger.open.DAMP,damp,True,damp custom.jsdebugger.open.DAMP opt e10s fission stylo webrender,4768565,77,ms,firefox,448164869,1847538649,2024-02-23T03:42:44,726.8855774987751,90d2dd7d6b48918404ecc4906e62fa106b4238a9,1381156
autoland,4768729,12,95f51e857a45cd76f1766c14d6bed804857cd27b,windows10-64-shippable-qr,True,False,,,102210fe594ee9b33d82058545b1ed14f4c8206e,custom.jsdebugger.open.DAMP,damp,True,damp custom.jsdebugger.open.DAMP opt e10s fission stylo webrender,4768565,77,ms,firefox,448824287,1850119712,2024-02-28T17:56:27,721.3434040165303,32ca524f7abf0664a2f0d882868c3e913297f446,1383890
autoland,4768729,12,95f51e857a45cd76f1766c14d6bed804857cd27b,windows10-64-shippable-qr,True,False,,,102210fe594ee9b33d82058545b1ed14f4c8206e,custom.jsdebugger.open.DAMP,damp,True,damp custom.jsdebugger.open.DAMP opt e10s fission stylo webrender,4768565,77,ms,firefox,449145947,1851439443,2024-02-28T23:12:23,722.5815513460693,3338c36501e419108c4a2d680e91cd8a9e279499,1384097
autoland,4768729,12,95f51e857a45cd76f1766c14d6bed804857cd27b,windows10-64-shippable-qr,True,False,,,102210fe594ee9b33d82058545b1ed14f4c8206e,custom.jsdebugger.open.DAMP,damp,True,damp custom.jsdebugger.open.DAMP opt e10s fission stylo webrender,4768565,77,ms,firefox,449145945,1851440423,2024-02-28T23:59:09,732.911479250678,9c23419e2b88bdc8680f1e5216491fd79205d7af,1384136
autoland,4768729,12,95f51e857a45cd76f1766c14d6bed804857cd27b,windows10-64-shippable-qr,True,False,,,102210fe594ee9b33d82058545b1ed14f4c8206e,custom.jsdebugger.open.DAMP,damp,True,damp custom.jsdebugger.open.DAMP opt e10s fission stylo webrender,4768565,77,ms,firefox,449145952,1851440248,2024-02-29T00:02:13,728.2278084806894,8d3b66ecefb02aceda2ccf85dd2bc8c2700aafb7,1384138
autoland,4768729,12,95f51e857a45cd76f1766c14d6bed804857cd27b,windows10-64-shippable-qr,True,False,,,102210fe594ee9b33d82058545b1ed14f4c8206e,custom.jsdebugger.open.DAMP,damp,True,damp custom.jsdebugger.open.DAMP opt e10s fission stylo webrender,4768565,77,ms,firefox,449145948,1851439499,2024-02-29T00:03:42,721.7569851270819,25edc61fbeff93e5133e77d7887240efb470eb79,1384141
autoland,4768729,12,95f51e857a45cd76f1766c14d6bed804857cd27b,windows10-64-shippable-qr,True,False,,,102210fe594ee9b33d82058545b1ed14f4c8206e,custom.jsdebugger.open.DAMP,damp,True,damp custom.jsdebugger.open.DAMP opt e10s fission stylo webrender,4768565,77,ms,firefox,449145954,1851439827,2024-02-29T00:05:07,721.8066491016707,a55d2047316959322906bdaf350e090817b94f32,1384143
autoland,4768729,12,95f51e857a45cd76f1766c14d6bed804857cd27b,windows10-64-shippable-qr,True,False,,,102210fe594ee9b33d82058545b1ed14f4c8206e,custom.jsdebugger.open.DAMP,damp,True,damp custom.jsdebugger.open.DAMP opt e10s fission stylo webrender,4768565,77,ms,firefox,449145953,1851439609,2024-02-29T00:05:52,719.1036529108387,4db9e75826d8372b02f896ba8539075df26cec04,1384144
autoland,4768729,12,95f51e857a45cd76f1766c14d6bed804857cd27b,windows10-64-shippable-qr,True,False,,,102210fe594ee9b33d82058545b1ed14f4c8206e,custom.jsdebugger.open.DAMP,damp,True,damp custom.jsdebugger.open.DAMP opt e10s fission stylo webrender,4768565,77,ms,firefox,449145955,1851439777,2024-02-29T00:25:28,720.6299030374867,e9ccfde7b0ad96b6fe89e1d5399c298b233bd550,1384166
autoland,4768729,12,95f51e857a45cd76f1766c14d6bed804857cd27b,windows10-64-shippable-qr,True,False,,,102210fe594ee9b33d82058545b1ed14f4c8206e,custom.jsdebugger.open.DAMP,damp,True,damp custom.jsdebugger.open.DAMP opt e10s fission stylo webrender,4768565,77,ms,firefox,449145956,1851439661,2024-02-29T00:35:46,722.4951564742078,b592c79908797f690065f005c9f181b3416ab354,1384170
autoland,4768729,12,95f51e857a45cd76f1766c14d6bed804857cd27b,windows10-64-shippable-qr,True,False,,,102210fe594ee9b33d82058545b1ed14f4c8206e,custom.jsdebugger.open.DAMP,damp,True,damp custom.jsdebugger.open.DAMP opt e10s fission stylo webrender,4768565,77,ms,firefox,449145957,1851440375,2024-02-29T00:40:33,719.961415607555,ac6aad20b694b81efc84d52c34d0a022448b71ed,1384173
autoland,4768729,12,95f51e857a45cd76f1766c14d6bed804857cd27b,windows10-64-shippable-qr,True,False,,,102210fe594ee9b33d82058545b1ed14f4c8206e,custom.jsdebugger.open.DAMP,damp,True,damp custom.jsdebugger.open.DAMP opt e10s fission stylo webrender,4768565,77,ms,firefox,448897596,1850346635,2024-02-29T00:51:41,720.5841443130194,cbef4527f79aadfe5c4dd940effe9b01df8734b1,1384174
autoland,4768729,12,95f51e857a45cd76f1766c14d6bed804857cd27b,windows10-64-shippable-qr,True,False,,,102210fe594ee9b33d82058545b1ed14f4c8206e,custom.jsdebugger.open.DAMP,damp,True,damp custom.jsdebugger.open.DAMP opt e10s fission stylo webrender,4768565,77,ms,firefox,449146071,1851441204,2024-02-29T01:01:40,725.1892268281372,db894625210160c7edbf2c49fe0e3b7b53f7bb46,1384177
autoland,4768729,12,95f51e857a45cd76f1766c14d6bed804857cd27b,windows10-64-shippable-qr,True,False,,,102210fe594ee9b33d82058545b1ed14f4c8206e,custom.jsdebugger.open.DAMP,damp,True,damp custom.jsdebugger.open.DAMP opt e10s fission stylo webrender,4768565,77,ms,firefox,449146072,1851441286,2024-02-29T01:03:56,729.2769600564498,49f1fa1613e07a2092266b18b0e19434cce6fcc3,1384178
autoland,4768729,12,95f51e857a45cd76f1766c14d6bed804857cd27b,windows10-64-shippable-qr,True,False,,,102210fe594ee9b33d82058545b1ed14f4c8206e,custom.jsdebugger.open.DAMP,damp,True,damp custom.jsdebugger.open.DAMP opt e10s fission stylo webrender,4768565,77,ms,firefox,448898296,1850357074,2024-02-29T01:20:40,727.030147920188,f21a5f54b6ecffa5b49d4944c32c752ea622e3c6,1384182
autoland,4768729,12,95f51e857a45cd76f1766c14d6bed804857cd27b,windows10-64-shippable-qr,True,False,,,102210fe594ee9b33d82058545b1ed14f4c8206e,custom.jsdebugger.open.DAMP,damp,True,damp custom.jsdebugger.open.DAMP opt e10s fission stylo webrender,4768565,77,ms,firefox,448922063,1850485556,2024-02-29T06:49:17,720.5199535103457,bb7b045d24f7773df5e27742496f2c0bb95d780f,1384273
autoland,4768729,12,95f51e857a45cd76f1766c14d6bed804857cd27b,windows10-64-shippable-qr,True,False,,,102210fe594ee9b33d82058545b1ed14f4c8206e,custom.jsdebugger.open.DAMP,damp,True,damp custom.jsdebugger.open.DAMP opt e10s fission stylo webrender,4768565,77,ms,firefox,448952385,1850640457,2024-02-29T10:50:05,720.8857521151367,fbb087d5e5b8af76523b084cba81dc1be84c7fb4,1384399
autoland,4768729,12,95f51e857a45cd76f1766c14d6bed804857cd27b,windows10-64-shippable-qr,True,False,,,102210fe594ee9b33d82058545b1ed14f4c8206e,custom.jsdebugger.open.DAMP,damp,True,damp custom.jsdebugger.open.DAMP opt e10s fission stylo webrender,4768565,77,ms,firefox,448959461,1850679495,2024-02-29T13:22:41,718.085819913561,42781edfbf79030ca8e6f7c1584ebfc2bd31935c,1384414
autoland,4768729,12,95f51e857a45cd76f1766c14d6bed804857cd27b,windows10-64-shippable-qr,True,False,,,102210fe594ee9b33d82058545b1ed14f4c8206e,custom.jsdebugger.open.DAMP,damp,True,damp custom.jsdebugger.open.DAMP opt e10s fission stylo webrender,4768565,77,ms,firefox,448998531,1850868725,2024-02-29T17:36:34,723.9286231161805,636cf8095a0f42555363480bc387b9a5aad03efe,1384681
autoland,4768729,12,95f51e857a45cd76f1766c14d6bed804857cd27b,windows10-64-shippable-qr,True,False,,,102210fe594ee9b33d82058545b1ed14f4c8206e,custom.jsdebugger.open.DAMP,damp,True,damp custom.jsdebugger.open.DAMP opt e10s fission stylo webrender,4768565,77,ms,firefox,449026877,1850969204,2024-02-29T21:50:05,722.676272724726,1a461feeeb4e7725855a242023e45625b9bddae4,1384804
autoland,4768729,12,95f51e857a45cd76f1766c14d6bed804857cd27b,windows10-64-shippable-qr,True,False,,,102210fe594ee9b33d82058545b1ed14f4c8206e,custom.jsdebugger.open.DAMP,damp,True,damp custom.jsdebugger.open.DAMP opt e10s fission stylo webrender,4768565,77,ms,firefox,449030315,1851005176,2024-02-29T21:57:41,727.1266364813928,415f94176c1508d1acb91186346a42009b378ca7,1384812
autoland,4768729,12,95f51e857a45cd76f1766c14d6bed804857cd27b,windows10-64-shippable-qr,True,False,,,102210fe594ee9b33d82058545b1ed14f4c8206e,custom.jsdebugger.open.DAMP,damp,True,damp custom.jsdebugger.open.DAMP opt e10s fission stylo webrender,4768565,77,ms,firefox,449054556,1851096194,2024-03-01T02:06:20,702.3634265367,3ed1cc3830b2bb116e2875dedadc6ea20235768a,1385033
autoland,4768729,12,95f51e857a45cd76f1766c14d6bed804857cd27b,windows10-64-shippable-qr,True,False,,,102210fe594ee9b33d82058545b1ed14f4c8206e,custom.jsdebugger.open.DAMP,damp,True,damp custom.jsdebugger.open.DAMP opt e10s fission stylo webrender,4768565,77,ms,firefox,449054867,1851101378,2024-03-01T02:09:48,704.4413246593522,c726403b9a5aaed84563fd210952c3858369c756,1385038
autoland,4768729,12,95f51e857a45cd76f1766c14d6bed804857cd27b,windows10-64-shippable-qr,True,False,,,102210fe594ee9b33d82058545b1ed14f4c8206e,custom.jsdebugger.open.DAMP,damp,True,damp custom.jsdebugger.open.DAMP opt e10s fission stylo webrender,4768565,77,ms,firefox,449097024,1851291845,2024-03-01T11:09:10,701.292900855391,b921bb1aee11c101ece321f78bcc56942889bac9,1385336
autoland,4768729,12,95f51e857a45cd76f1766c14d6bed804857cd27b,windows10-64-shippable-qr,True,False,,,102210fe594ee9b33d82058545b1ed14f4c8206e,custom.jsdebugger.open.DAMP,damp,True,damp custom.jsdebugger.open.DAMP opt e10s fission stylo webrender,4768565,77,ms,firefox,449141047,1851404147,2024-03-01T15:15:21,706.5952074077504,ab2f491c1f6a1907e3cd7de371a27940c1b7ae66,1385464
autoland,4768729,12,95f51e857a45cd76f1766c14d6bed804857cd27b,windows10-64-shippable-qr,True,False,,,102210fe594ee9b33d82058545b1ed14f4c8206e,custom.jsdebugger.open.DAMP,damp,True,damp custom.jsdebugger.open.DAMP opt e10s fission stylo webrender,4768565,77,ms,firefox,449160529,1851508602,2024-03-01T19:33:22,723.2385234327012,c12ee5058abff427e2fd65f86c453b2c0ef5c315,1385653
autoland,4768729,12,95f51e857a45cd76f1766c14d6bed804857cd27b,windows10-64-shippable-qr,True,False,,,102210fe594ee9b33d82058545b1ed14f4c8206e,custom.jsdebugger.open.DAMP,damp,True,damp custom.jsdebugger.open.DAMP opt e10s fission stylo webrender,4768565,77,ms,firefox,449200848,1851674437,2024-03-02T08:44:09,706.5856204385054,ac7b674e512d88788161e657fbc3371b8d955c65,1385889
autoland,4768729,12,95f51e857a45cd76f1766c14d6bed804857cd27b,windows10-64-shippable-qr,True,False,,,102210fe594ee9b33d82058545b1ed14f4c8206e,custom.jsdebugger.open.DAMP,damp,True,damp custom.jsdebugger.open.DAMP opt e10s fission stylo webrender,4768565,77,ms,firefox,449219895,1851748437,2024-03-02T12:50:07,705.8320564620226,6263d391d703f61cfd3ddbb3791adc628a603520,1385922
autoland,4768729,12,95f51e857a45cd76f1766c14d6bed804857cd27b,windows10-64-shippable-qr,True,False,,,102210fe594ee9b33d82058545b1ed14f4c8206e,custom.jsdebugger.open.DAMP,damp,True,damp custom.jsdebugger.open.DAMP opt e10s fission stylo webrender,4768565,77,ms,firefox,449249005,1851898404,2024-03-02T18:47:19,721.262961286644,a2ddc20095d176734a72080712b366c74a36c934,1385949
autoland,4768729,12,95f51e857a45cd76f1766c14d6bed804857cd27b,windows10-64-shippable-qr,True,False,,,102210fe594ee9b33d82058545b1ed14f4c8206e,custom.jsdebugger.open.DAMP,damp,True,damp custom.jsdebugger.open.DAMP opt e10s fission stylo webrender,4768565,77,ms,firefox,449251747,1851914464,2024-03-02T19:45:31,714.6324596578706,8042d9f9b7b6eb6e6a6fbefba554c035ef6bbda1,1385954
autoland,4768729,12,95f51e857a45cd76f1766c14d6bed804857cd27b,windows10-64-shippable-qr,True,False,,,102210fe594ee9b33d82058545b1ed14f4c8206e,custom.jsdebugger.open.DAMP,damp,True,damp custom.jsdebugger.open.DAMP opt e10s fission stylo webrender,4768565,77,ms,firefox,449280113,1852005339,2024-03-03T01:04:11,703.2721892077316,c5ddc3b211e53221a5b12ce6c8a5a523bba3641f,1385990
autoland,4768729,12,95f51e857a45cd76f1766c14d6bed804857cd27b,windows10-64-shippable-qr,True,False,,,102210fe594ee9b33d82058545b1ed14f4c8206e,custom.jsdebugger.open.DAMP,damp,True,damp custom.jsdebugger.open.DAMP opt e10s fission stylo webrender,4768565,77,ms,firefox,449315644,1852130973,2024-03-03T12:29:51,704.4519757735688,62056fe89aac9d2f369746854f0e3a55ad7153d0,1386069
autoland,4768729,12,95f51e857a45cd76f1766c14d6bed804857cd27b,windows10-64-shippable-qr,True,False,,,102210fe594ee9b33d82058545b1ed14f4c8206e,custom.jsdebugger.open.DAMP,damp,True,damp custom.jsdebugger.open.DAMP opt e10s fission stylo webrender,4768565,77,ms,firefox,449344032,1852239076,2024-03-04T01:21:19,704.7324899204104,499cae53f42dfc8f376fd97d0a83c1f8e85e274c,1386148
autoland,4768729,12,95f51e857a45cd76f1766c14d6bed804857cd27b,windows10-64-shippable-qr,True,False,,,102210fe594ee9b33d82058545b1ed14f4c8206e,custom.jsdebugger.open.DAMP,damp,True,damp custom.jsdebugger.open.DAMP opt e10s fission stylo webrender,4768565,77,ms,firefox,449354952,1852287696,2024-03-04T06:32:50,702.3821633005718,79823348e9cf740dbe5ae11eb654b1a85ea0ecbc,1386182
autoland,4768729,12,95f51e857a45cd76f1766c14d6bed804857cd27b,windows10-64-shippable-qr,True,False,,,102210fe594ee9b33d82058545b1ed14f4c8206e,custom.jsdebugger.open.DAMP,damp,True,damp custom.jsdebugger.open.DAMP opt e10s fission stylo webrender,4768565,77,ms,firefox,449372646,1852372444,2024-03-04T08:48:22,706.9247234605955,54c13c0498731427f23aff4c7e87900a715761b0,1386226
autoland,4768729,12,95f51e857a45cd76f1766c14d6bed804857cd27b,windows10-64-shippable-qr,True,False,,,102210fe594ee9b33d82058545b1ed14f4c8206e,custom.jsdebugger.open.DAMP,damp,True,damp custom.jsdebugger.open.DAMP opt e10s fission stylo webrender,4768565,77,ms,firefox,449426689,1852510094,2024-03-04T12:51:58,706.6221431238519,938c019ec0d1f3f1c0932e575d8f9e9f4c387320,1386363
autoland,4768729,12,95f51e857a45cd76f1766c14d6bed804857cd27b,windows10-64-shippable-qr,True,False,,,102210fe594ee9b33d82058545b1ed14f4c8206e,custom.jsdebugger.open.DAMP,damp,True,damp custom.jsdebugger.open.DAMP opt e10s fission stylo webrender,4768565,77,ms,firefox,449439851,1852565247,2024-03-04T14:27:11,700.7487140277517,c90923a84670e17105b275c5be4a3c2842cb248e,1386418
autoland,4768729,12,95f51e857a45cd76f1766c14d6bed804857cd27b,windows10-64-shippable-qr,True,False,,,102210fe594ee9b33d82058545b1ed14f4c8206e,custom.jsdebugger.open.DAMP,damp,True,damp custom.jsdebugger.open.DAMP opt e10s fission stylo webrender,4768565,77,ms,firefox,449496877,1852804990,2024-03-04T20:31:42,702.9773467422638,430bda8b01b3b00b083a0034de19b12b032caf6b,1386698
autoland,4768729,12,95f51e857a45cd76f1766c14d6bed804857cd27b,windows10-64-shippable-qr,True,False,,,102210fe594ee9b33d82058545b1ed14f4c8206e,custom.jsdebugger.open.DAMP,damp,True,damp custom.jsdebugger.open.DAMP opt e10s fission stylo webrender,4768565,77,ms,firefox,449496083,1852795173,2024-03-04T21:16:05,709.4105519696532,5b706eb2187070200b3eecb6d99a95e750c3266e,1386717
autoland,4768729,12,95f51e857a45cd76f1766c14d6bed804857cd27b,windows10-64-shippable-qr,True,False,,,102210fe594ee9b33d82058545b1ed14f4c8206e,custom.jsdebugger.open.DAMP,damp,True,damp custom.jsdebugger.open.DAMP opt e10s fission stylo webrender,4768565,77,ms,firefox,449537604,1852909233,2024-03-05T01:28:34,735.2394439944474,2b54764bcf2909b800951938d1f6fd47752c91b6,1386871
autoland,4768729,12,95f51e857a45cd76f1766c14d6bed804857cd27b,windows10-64-shippable-qr,True,False,,,102210fe594ee9b33d82058545b1ed14f4c8206e,custom.jsdebugger.open.DAMP,damp,True,damp custom.jsdebugger.open.DAMP opt e10s fission stylo webrender,4768565,77,ms,firefox,449549333,1853012412,2024-03-05T05:25:14,707.1708537379163,61bb37d1ba16985ef9e5cd99cd02912849f743a3,1386945
autoland,4768729,12,95f51e857a45cd76f1766c14d6bed804857cd27b,windows10-64-shippable-qr,True,False,,,102210fe594ee9b33d82058545b1ed14f4c8206e,custom.jsdebugger.open.DAMP,damp,True,damp custom.jsdebugger.open.DAMP opt e10s fission stylo webrender,4768565,77,ms,firefox,449576625,1853095695,2024-03-05T09:36:09,703.9031118671919,20859a1f25eb48ec31fdd24c0552b9fa83c5dcf2,1387072
autoland,4768729,12,95f51e857a45cd76f1766c14d6bed804857cd27b,windows10-64-shippable-qr,True,False,,,102210fe594ee9b33d82058545b1ed14f4c8206e,custom.jsdebugger.open.DAMP,damp,True,damp custom.jsdebugger.open.DAMP opt e10s fission stylo webrender,4768565,77,ms,firefox,449603191,1853176792,2024-03-05T11:43:18,711.9834425828594,300643546ea85a42a1f88a11595ebbb0b7157128,1387157
autoland,4768729,12,95f51e857a45cd76f1766c14d6bed804857cd27b,windows10-64-shippable-qr,True,False,,,102210fe594ee9b33d82058545b1ed14f4c8206e,custom.jsdebugger.open.DAMP,damp,True,damp custom.jsdebugger.open.DAMP opt e10s fission stylo webrender,4768565,77,ms,firefox,449629228,1853253726,2024-03-05T15:52:09,704.8049842867113,adf17fc47c84c0fa237aecff550ba42344a5c629,1387348
autoland,4768729,12,95f51e857a45cd76f1766c14d6bed804857cd27b,windows10-64-shippable-qr,True,False,,,102210fe594ee9b33d82058545b1ed14f4c8206e,custom.jsdebugger.open.DAMP,damp,True,damp custom.jsdebugger.open.DAMP opt e10s fission stylo webrender,4768565,77,ms,firefox,449669798,1853382960,2024-03-05T19:23:59,720.090876726259,c13ff57ddd8d6b9f971a631b45c6da97b3c14fb9,1387560
autoland,4768729,12,95f51e857a45cd76f1766c14d6bed804857cd27b,windows10-64-shippable-qr,True,False,,,102210fe594ee9b33d82058545b1ed14f4c8206e,custom.jsdebugger.open.DAMP,damp,True,damp custom.jsdebugger.open.DAMP opt e10s fission stylo webrender,4768565,77,ms,firefox,449688458,1853445768,2024-03-05T22:16:54,719.2782447022764,099f52f30c39008328dfbc02ff824310e082a8da,1387647
autoland,4768729,12,95f51e857a45cd76f1766c14d6bed804857cd27b,windows10-64-shippable-qr,True,False,,,102210fe594ee9b33d82058545b1ed14f4c8206e,custom.jsdebugger.open.DAMP,damp,True,damp custom.jsdebugger.open.DAMP opt e10s fission stylo webrender,4768565,77,ms,firefox,450045836,1855002419,2024-03-05T23:16:53,706.2030559599516,6970817bd4dfe97e3d666377e9a92611fed5eca7,1387795
autoland,4768729,12,95f51e857a45cd76f1766c14d6bed804857cd27b,windows10-64-shippable-qr,True,False,,,102210fe594ee9b33d82058545b1ed14f4c8206e,custom.jsdebugger.open.DAMP,damp,True,damp custom.jsdebugger.open.DAMP opt e10s fission stylo webrender,4768565,77,ms,firefox,450045843,1855002369,2024-03-05T23:32:56,707.0157300026476,5db20f4b09b27735d6e9a4b2223a9258adc3219e,1387805
autoland,4768729,12,95f51e857a45cd76f1766c14d6bed804857cd27b,windows10-64-shippable-qr,True,False,,,102210fe594ee9b33d82058545b1ed14f4c8206e,custom.jsdebugger.open.DAMP,damp,True,damp custom.jsdebugger.open.DAMP opt e10s fission stylo webrender,4768565,77,ms,firefox,450045844,1855002800,2024-03-06T00:01:12,709.2372419687454,1d4643ee0900deb22fddd831ef331373a680a310,1387809
autoland,4768729,12,95f51e857a45cd76f1766c14d6bed804857cd27b,windows10-64-shippable-qr,True,False,,,102210fe594ee9b33d82058545b1ed14f4c8206e,custom.jsdebugger.open.DAMP,damp,True,damp custom.jsdebugger.open.DAMP opt e10s fission stylo webrender,4768565,77,ms,firefox,450045849,1855002745,2024-03-06T00:34:10,705.4506468092732,ad694926aa451a86fcdc3a83a7bc49da3f66caa0,1387822
autoland,4768729,12,95f51e857a45cd76f1766c14d6bed804857cd27b,windows10-64-shippable-qr,True,False,,,102210fe594ee9b33d82058545b1ed14f4c8206e,custom.jsdebugger.open.DAMP,damp,True,damp custom.jsdebugger.open.DAMP opt e10s fission stylo webrender,4768565,77,ms,firefox,449713325,1853531674,2024-03-06T02:53:23,707.0313726667882,488c772c72746cdfbf99e927acee696c4d6a5aef,1387831
autoland,4768729,12,95f51e857a45cd76f1766c14d6bed804857cd27b,windows10-64-shippable-qr,True,False,,,102210fe594ee9b33d82058545b1ed14f4c8206e,custom.jsdebugger.open.DAMP,damp,True,damp custom.jsdebugger.open.DAMP opt e10s fission stylo webrender,4768565,77,ms,firefox,450088669,1855145438,2024-03-06T11:19:10,713.3382462569498,ef3fdc0aff0bd69c10f34c49f7927139364a24ce,1388047
autoland,4768729,12,95f51e857a45cd76f1766c14d6bed804857cd27b,windows10-64-shippable-qr,True,False,,,102210fe594ee9b33d82058545b1ed14f4c8206e,custom.jsdebugger.open.DAMP,damp,True,damp custom.jsdebugger.open.DAMP opt e10s fission stylo webrender,4768565,77,ms,firefox,450045778,1855000774,2024-03-06T12:16:51,702.5702054280409,61f3da99e7684e822395c1eff0faf2682eca88a2,1388090
autoland,4768729,12,95f51e857a45cd76f1766c14d6bed804857cd27b,windows10-64-shippable-qr,True,False,,,102210fe594ee9b33d82058545b1ed14f4c8206e,custom.jsdebugger.open.DAMP,damp,True,damp custom.jsdebugger.open.DAMP opt e10s fission stylo webrender,4768565,77,ms,firefox,450045807,1855001211,2024-03-06T12:41:15,710.9690519946234,82b372078219aab166b0117e915b02cfd70fb745,1388104
autoland,4768729,12,95f51e857a45cd76f1766c14d6bed804857cd27b,windows10-64-shippable-qr,True,False,,,102210fe594ee9b33d82058545b1ed14f4c8206e,custom.jsdebugger.open.DAMP,damp,True,damp custom.jsdebugger.open.DAMP opt e10s fission stylo webrender,4768565,77,ms,firefox,450045803,1855001600,2024-03-06T12:52:32,719.2822358475123,47bf37926b9178c037411b28e74629559fec02d1,1388108
autoland,4768729,12,95f51e857a45cd76f1766c14d6bed804857cd27b,windows10-64-shippable-qr,True,False,,,102210fe594ee9b33d82058545b1ed14f4c8206e,custom.jsdebugger.open.DAMP,damp,True,damp custom.jsdebugger.open.DAMP opt e10s fission stylo webrender,4768565,77,ms,firefox,450045802,1855001983,2024-03-06T12:59:52,724.362245463948,b0effc731d7c34ad59c6162167ce5b3bd4cc540e,1388114
autoland,4768729,12,95f51e857a45cd76f1766c14d6bed804857cd27b,windows10-64-shippable-qr,True,False,,,102210fe594ee9b33d82058545b1ed14f4c8206e,custom.jsdebugger.open.DAMP,damp,True,damp custom.jsdebugger.open.DAMP opt e10s fission stylo webrender,4768565,77,ms,firefox,450045820,1855001478,2024-03-06T13:01:45,709.8845919245214,7355b355fe4800c0490e18834f338946ab6d8ce6,1388115
autoland,4768729,12,95f51e857a45cd76f1766c14d6bed804857cd27b,windows10-64-shippable-qr,True,False,,,102210fe594ee9b33d82058545b1ed14f4c8206e,custom.jsdebugger.open.DAMP,damp,True,damp custom.jsdebugger.open.DAMP opt e10s fission stylo webrender,4768565,77,ms,firefox,450045824,1855001845,2024-03-06T13:03:07,705.279337103013,7e485c1acee5dbb9ce7c41e48293f26b362c161f,1388116
autoland,4768729,12,95f51e857a45cd76f1766c14d6bed804857cd27b,windows10-64-shippable-qr,True,False,,,102210fe594ee9b33d82058545b1ed14f4c8206e,custom.jsdebugger.open.DAMP,damp,True,damp custom.jsdebugger.open.DAMP opt e10s fission stylo webrender,4768565,77,ms,firefox,450045821,1855001724,2024-03-06T13:10:44,706.9244233515565,6ec2dda8f9355ec078f236324fea46332937e661,1388120
autoland,4768729,12,95f51e857a45cd76f1766c14d6bed804857cd27b,windows10-64-shippable-qr,True,False,,,102210fe594ee9b33d82058545b1ed14f4c8206e,custom.jsdebugger.open.DAMP,damp,True,damp custom.jsdebugger.open.DAMP opt e10s fission stylo webrender,4768565,77,ms,firefox,450045835,1855002066,2024-03-06T13:13:57,705.8619833968696,c0f5e735f3d237ee351267a4a6a2c68487deb755,1388123
autoland,4768729,12,95f51e857a45cd76f1766c14d6bed804857cd27b,windows10-64-shippable-qr,True,False,,,102210fe594ee9b33d82058545b1ed14f4c8206e,custom.jsdebugger.open.DAMP,damp,True,damp custom.jsdebugger.open.DAMP opt e10s fission stylo webrender,4768565,77,ms,firefox,450045841,1855002504,2024-03-06T13:47:02,709.7757234051533,b0285f8abf2e30e82646d30f9937b5ec72618dfa,1388142
autoland,4768729,12,95f51e857a45cd76f1766c14d6bed804857cd27b,windows10-64-shippable-qr,True,False,,,102210fe594ee9b33d82058545b1ed14f4c8206e,custom.jsdebugger.open.DAMP,damp,True,damp custom.jsdebugger.open.DAMP opt e10s fission stylo webrender,4768565,77,ms,firefox,449803831,1853872219,2024-03-06T14:00:28,721.0929017331509,143c3925806ed35200c2a71e650e7e74f58520a7,1388157
autoland,4768729,12,95f51e857a45cd76f1766c14d6bed804857cd27b,windows10-64-shippable-qr,True,False,,,102210fe594ee9b33d82058545b1ed14f4c8206e,custom.jsdebugger.open.DAMP,damp,True,damp custom.jsdebugger.open.DAMP opt e10s fission stylo webrender,4768565,77,ms,firefox,450087702,1855144213,2024-03-06T14:02:42,713.4044399297372,1590ebd92cf784cd72e78ffc973411f4795fc84b,1388161
autoland,4768729,12,95f51e857a45cd76f1766c14d6bed804857cd27b,windows10-64-shippable-qr,True,False,,,102210fe594ee9b33d82058545b1ed14f4c8206e,custom.jsdebugger.open.DAMP,damp,True,damp custom.jsdebugger.open.DAMP opt e10s fission stylo webrender,4768565,77,ms,firefox,450087834,1855144459,2024-03-06T14:05:36,726.0989907457797,ba378029cc4afd31eb15f374268ef60fea2ae0cd,1388163
autoland,4768729,12,95f51e857a45cd76f1766c14d6bed804857cd27b,windows10-64-shippable-qr,True,False,,,102210fe594ee9b33d82058545b1ed14f4c8206e,custom.jsdebugger.open.DAMP,damp,True,damp custom.jsdebugger.open.DAMP opt e10s fission stylo webrender,4768565,77,ms,firefox,450087704,1855144030,2024-03-06T14:40:00,709.6591415272051,e922054f18eb8200a2d0107b9973ec3c81410efe,1388191
autoland,4768729,12,95f51e857a45cd76f1766c14d6bed804857cd27b,windows10-64-shippable-qr,True,False,,,102210fe594ee9b33d82058545b1ed14f4c8206e,custom.jsdebugger.open.DAMP,damp,True,damp custom.jsdebugger.open.DAMP opt e10s fission stylo webrender,4768565,77,ms,firefox,450087915,1855144899,2024-03-06T15:20:45,722.4639620328162,899703a93bcf09a9d7537a7c2cd70feb23026efa,1388220
autoland,4768729,12,95f51e857a45cd76f1766c14d6bed804857cd27b,windows10-64-shippable-qr,True,False,,,102210fe594ee9b33d82058545b1ed14f4c8206e,custom.jsdebugger.open.DAMP,damp,True,damp custom.jsdebugger.open.DAMP opt e10s fission stylo webrender,4768565,77,ms,firefox,450087916,1855144165,2024-03-06T15:47:12,705.821163952889,459b7510116f3126162592657eb7ffeea2c71a83,1388250
autoland,4768729,12,95f51e857a45cd76f1766c14d6bed804857cd27b,windows10-64-shippable-qr,True,False,,,102210fe594ee9b33d82058545b1ed14f4c8206e,custom.jsdebugger.open.DAMP,damp,True,damp custom.jsdebugger.open.DAMP opt e10s fission stylo webrender,4768565,77,ms,firefox,450087932,1855144288,2024-03-06T16:11:43,708.476863779535,c798916c4d92bb446d01579b68edee9c24f2f2d5,1388268
autoland,4768729,12,95f51e857a45cd76f1766c14d6bed804857cd27b,windows10-64-shippable-qr,True,False,,,102210fe594ee9b33d82058545b1ed14f4c8206e,custom.jsdebugger.open.DAMP,damp,True,damp custom.jsdebugger.open.DAMP opt e10s fission stylo webrender,4768565,77,ms,firefox,450087991,1855144376,2024-03-06T16:12:35,716.18813464501,f249edb2247be3e0ef1c91b5c3369d1a9ae8947b,1388269
autoland,4768729,12,95f51e857a45cd76f1766c14d6bed804857cd27b,windows10-64-shippable-qr,True,False,,,102210fe594ee9b33d82058545b1ed14f4c8206e,custom.jsdebugger.open.DAMP,damp,True,damp custom.jsdebugger.open.DAMP opt e10s fission stylo webrender,4768565,77,ms,firefox,450045765,1855000722,2024-03-06T16:13:26,705.996820137043,c5cfb74b3a231009d1ee1001f4e0e846b741ddbc,1388270
autoland,4768729,12,95f51e857a45cd76f1766c14d6bed804857cd27b,windows10-64-shippable-qr,True,False,,,102210fe594ee9b33d82058545b1ed14f4c8206e,custom.jsdebugger.open.DAMP,damp,True,damp custom.jsdebugger.open.DAMP opt e10s fission stylo webrender,4768565,77,ms,firefox,450045774,1855000610,2024-03-06T16:14:27,699.6026876609758,76d0c1d1cb1d23a9e55c491242b4de7e96ec5061,1388271
autoland,4768729,12,95f51e857a45cd76f1766c14d6bed804857cd27b,windows10-64-shippable-qr,True,False,,,102210fe594ee9b33d82058545b1ed14f4c8206e,custom.jsdebugger.open.DAMP,damp,True,damp custom.jsdebugger.open.DAMP opt e10s fission stylo webrender,4768565,77,ms,firefox,450045777,1855000822,2024-03-06T16:15:16,701.8788677300327,80c146334cd815908f83c30a8b660e50cb63e210,1388272
autoland,4768729,12,95f51e857a45cd76f1766c14d6bed804857cd27b,windows10-64-shippable-qr,True,False,,,102210fe594ee9b33d82058545b1ed14f4c8206e,custom.jsdebugger.open.DAMP,damp,True,damp custom.jsdebugger.open.DAMP opt e10s fission stylo webrender,4768565,77,ms,firefox,450045788,1855001315,2024-03-06T16:16:13,713.2970177360112,7313404bc8236dd8af751622e86a6100420e29e4,1388275
autoland,4768729,12,95f51e857a45cd76f1766c14d6bed804857cd27b,windows10-64-shippable-qr,True,False,,,102210fe594ee9b33d82058545b1ed14f4c8206e,custom.jsdebugger.open.DAMP,damp,True,damp custom.jsdebugger.open.DAMP opt e10s fission stylo webrender,4768565,77,ms,firefox,450045789,1855000888,2024-03-06T16:17:03,703.7053787657205,3d00e3d951f74e1ccbed8d0e52893b0cc5a84ab1,1388276
autoland,4768729,12,95f51e857a45cd76f1766c14d6bed804857cd27b,windows10-64-shippable-qr,True,False,,,102210fe594ee9b33d82058545b1ed14f4c8206e,custom.jsdebugger.open.DAMP,damp,True,damp custom.jsdebugger.open.DAMP opt e10s fission stylo webrender,4768565,77,ms,firefox,450045837,1855001933,2024-03-06T16:18:13,700.8940899066511,994242ac700d11efd91b4923608b2165bf494d5b,1388277
autoland,4768729,12,95f51e857a45cd76f1766c14d6bed804857cd27b,windows10-64-shippable-qr,True,False,,,102210fe594ee9b33d82058545b1ed14f4c8206e,custom.jsdebugger.open.DAMP,damp,True,damp custom.jsdebugger.open.DAMP opt e10s fission stylo webrender,4768565,77,ms,firefox,450045805,1855001266,2024-03-06T16:21:17,702.3945935447409,5446741ad1f1dd0ade3b09e5d5de1672874662f4,1388283
autoland,4768729,12,95f51e857a45cd76f1766c14d6bed804857cd27b,windows10-64-shippable-qr,True,False,,,102210fe594ee9b33d82058545b1ed14f4c8206e,custom.jsdebugger.open.DAMP,damp,True,damp custom.jsdebugger.open.DAMP opt e10s fission stylo webrender,4768565,77,ms,firefox,450045806,1855001551,2024-03-06T16:35:59,702.4127450940068,2960ea3e50cafc5b4d6028e5ee359b461f7e2876,1388295
autoland,4768729,12,95f51e857a45cd76f1766c14d6bed804857cd27b,windows10-64-shippable-qr,True,False,,,102210fe594ee9b33d82058545b1ed14f4c8206e,custom.jsdebugger.open.DAMP,damp,True,damp custom.jsdebugger.open.DAMP opt e10s fission stylo webrender,4768565,77,ms,firefox,450045814,1855001675,2024-03-06T17:37:07,705.7413622201493,b17a76b674d0e150bff191b320fb958cc84c04c8,1388327
autoland,4768729,12,95f51e857a45cd76f1766c14d6bed804857cd27b,windows10-64-shippable-qr,True,False,,,102210fe594ee9b33d82058545b1ed14f4c8206e,custom.jsdebugger.open.DAMP,damp,True,damp custom.jsdebugger.open.DAMP opt e10s fission stylo webrender,4768565,77,ms,firefox,449831826,1853989443,2024-03-06T18:03:03,719.7021258875611,03e6d6ff8bde56b645cfbc34dee452ff375ff3ca,1388329
autoland,4768729,12,95f51e857a45cd76f1766c14d6bed804857cd27b,windows10-64-shippable-qr,True,False,,,102210fe594ee9b33d82058545b1ed14f4c8206e,custom.jsdebugger.open.DAMP,damp,True,damp custom.jsdebugger.open.DAMP opt e10s fission stylo webrender,4768565,77,ms,firefox,450045873,1855003022,2024-03-06T18:04:00,707.5980156235601,eb9bd67b5b8f9973a201d6b10eed98fb4e7f7d29,1388331
autoland,4768729,12,95f51e857a45cd76f1766c14d6bed804857cd27b,windows10-64-shippable-qr,True,False,,,102210fe594ee9b33d82058545b1ed14f4c8206e,custom.jsdebugger.open.DAMP,damp,True,damp custom.jsdebugger.open.DAMP opt e10s fission stylo webrender,4768565,77,ms,firefox,450045876,1855003497,2024-03-06T18:04:52,721.6703234888155,2a33c6ffb867576c11fa7edb2e13b7bf5b39d650,1388332
autoland,4768729,12,95f51e857a45cd76f1766c14d6bed804857cd27b,windows10-64-shippable-qr,True,False,,,102210fe594ee9b33d82058545b1ed14f4c8206e,custom.jsdebugger.open.DAMP,damp,True,damp custom.jsdebugger.open.DAMP opt e10s fission stylo webrender,4768565,77,ms,firefox,449831519,1853980400,2024-03-06T18:05:41,702.7634645553335,f408182c4687f0490084c35cc766e637d0bdfd0f,1388333
autoland,4768729,12,95f51e857a45cd76f1766c14d6bed804857cd27b,windows10-64-shippable-qr,True,False,,,102210fe594ee9b33d82058545b1ed14f4c8206e,custom.jsdebugger.open.DAMP,damp,True,damp custom.jsdebugger.open.DAMP opt e10s fission stylo webrender,4768565,77,ms,firefox,449857391,1854099586,2024-03-06T20:32:27,717.2283027014928,cbcc69d30489c534df28a444097bd87fcf8d8352,1388530
autoland,4768729,12,95f51e857a45cd76f1766c14d6bed804857cd27b,windows10-64-shippable-qr,True,False,,,102210fe594ee9b33d82058545b1ed14f4c8206e,custom.jsdebugger.open.DAMP,damp,True,damp custom.jsdebugger.open.DAMP opt e10s fission stylo webrender,4768565,77,ms,firefox,449875927,1854155839,2024-03-06T22:58:04,704.4604082279257,98eadcb9210580189dd1cb9eb2cad1362b0c2835,1388664
autoland,4768729,12,95f51e857a45cd76f1766c14d6bed804857cd27b,windows10-64-shippable-qr,True,False,,,102210fe594ee9b33d82058545b1ed14f4c8206e,custom.jsdebugger.open.DAMP,damp,True,damp custom.jsdebugger.open.DAMP opt e10s fission stylo webrender,4768565,77,ms,firefox,449896627,1854313679,2024-03-07T03:21:51,709.9980578143295,62ed755b7c5e2b357e66b4f19a5419c685e87a47,1388820
autoland,4768729,12,95f51e857a45cd76f1766c14d6bed804857cd27b,windows10-64-shippable-qr,True,False,,,102210fe594ee9b33d82058545b1ed14f4c8206e,custom.jsdebugger.open.DAMP,damp,True,damp custom.jsdebugger.open.DAMP opt e10s fission stylo webrender,4768565,77,ms,firefox,449902267,1854356108,2024-03-07T06:37:03,704.1530617190874,d48a42b340b69771d9dc99ddf1303d3f88ae9165,1388849
autoland,4768729,12,95f51e857a45cd76f1766c14d6bed804857cd27b,windows10-64-shippable-qr,True,False,,,102210fe594ee9b33d82058545b1ed14f4c8206e,custom.jsdebugger.open.DAMP,damp,True,damp custom.jsdebugger.open.DAMP opt e10s fission stylo webrender,4768565,77,ms,firefox,449924116,1854443276,2024-03-07T10:49:51,705.6433692894052,cfe658475285f9b5c867bcbd191d2e1332df885e,1388876
autoland,4768729,12,95f51e857a45cd76f1766c14d6bed804857cd27b,windows10-64-shippable-qr,True,False,,,102210fe594ee9b33d82058545b1ed14f4c8206e,custom.jsdebugger.open.DAMP,damp,True,damp custom.jsdebugger.open.DAMP opt e10s fission stylo webrender,4768565,77,ms,firefox,449937448,1854497224,2024-03-07T13:27:03,715.6647269808163,0027da61966ddaf727a4c543b4541d0e175cb354,1388885
autoland,4768729,12,95f51e857a45cd76f1766c14d6bed804857cd27b,windows10-64-shippable-qr,True,False,,,102210fe594ee9b33d82058545b1ed14f4c8206e,custom.jsdebugger.open.DAMP,damp,True,damp custom.jsdebugger.open.DAMP opt e10s fission stylo webrender,4768565,77,ms,firefox,449979010,1854671114,2024-03-07T20:11:01,699.1030431951094,c9b3f598aa024ffbe096094ee8845222b7483c50,1389147
autoland,4768729,12,95f51e857a45cd76f1766c14d6bed804857cd27b,windows10-64-shippable-qr,True,False,,,102210fe594ee9b33d82058545b1ed14f4c8206e,custom.jsdebugger.open.DAMP,damp,True,damp custom.jsdebugger.open.DAMP opt e10s fission stylo webrender,4768565,77,ms,firefox,450018734,1854861419,2024-03-08T00:14:27,707.1954711931903,f9c5e71ad2de0632a1d833b02eb16cd13e4eabc1,1389377
autoland,4768729,12,95f51e857a45cd76f1766c14d6bed804857cd27b,windows10-64-shippable-qr,True,False,,,102210fe594ee9b33d82058545b1ed14f4c8206e,custom.jsdebugger.open.DAMP,damp,True,damp custom.jsdebugger.open.DAMP opt e10s fission stylo webrender,4768565,77,ms,firefox,450018353,1854846202,2024-03-08T01:03:56,706.9643593447327,ac5529a784bdd0522e58c4bcdb3293674601ac52,1389404
autoland,4768729,12,95f51e857a45cd76f1766c14d6bed804857cd27b,windows10-64-shippable-qr,True,False,,,102210fe594ee9b33d82058545b1ed14f4c8206e,custom.jsdebugger.open.DAMP,damp,True,damp custom.jsdebugger.open.DAMP opt e10s fission stylo webrender,4768565,77,ms,firefox,450054845,1855055301,2024-03-08T09:44:20,705.859845000401,fe38c21e5d5ba7ab071d13411995b46f31d7862c,1389593
autoland,4768729,12,95f51e857a45cd76f1766c14d6bed804857cd27b,windows10-64-shippable-qr,True,False,,,102210fe594ee9b33d82058545b1ed14f4c8206e,custom.jsdebugger.open.DAMP,damp,True,damp custom.jsdebugger.open.DAMP opt e10s fission stylo webrender,4768565,77,ms,firefox,450077985,1855126432,2024-03-08T13:47:55,702.5821520926111,e38d79679348570701c9c0b244b0d905b241b83b,1389613
autoland,4768729,12,95f51e857a45cd76f1766c14d6bed804857cd27b,windows10-64-shippable-qr,True,False,,,102210fe594ee9b33d82058545b1ed14f4c8206e,custom.jsdebugger.open.DAMP,damp,True,damp custom.jsdebugger.open.DAMP opt e10s fission stylo webrender,4768565,77,ms,firefox,450096854,1855227240,2024-03-08T15:54:44,708.263928805989,c306d54c8963e4dda4426d48bf41774947f5138d,1389685
autoland,4768729,12,95f51e857a45cd76f1766c14d6bed804857cd27b,windows10-64-shippable-qr,True,False,,,102210fe594ee9b33d82058545b1ed14f4c8206e,custom.jsdebugger.open.DAMP,damp,True,damp custom.jsdebugger.open.DAMP opt e10s fission stylo webrender,4768565,77,ms,firefox,450443899,1856575636,2024-03-08T21:39:15,706.2366474461451,46d9d815c6a8b18ac0d3d1e58a1478edf656e127,1390021
autoland,4768729,12,95f51e857a45cd76f1766c14d6bed804857cd27b,windows10-64-shippable-qr,True,False,,,102210fe594ee9b33d82058545b1ed14f4c8206e,custom.jsdebugger.open.DAMP,damp,True,damp custom.jsdebugger.open.DAMP opt e10s fission stylo webrender,4768565,77,ms,firefox,450443928,1856576235,2024-03-08T22:07:21,720.5990676133806,1c8d25ae05efa1d553a52134e8ed6d5b71e682aa,1390042
autoland,4768729,12,95f51e857a45cd76f1766c14d6bed804857cd27b,windows10-64-shippable-qr,True,False,,,102210fe594ee9b33d82058545b1ed14f4c8206e,custom.jsdebugger.open.DAMP,damp,True,damp custom.jsdebugger.open.DAMP opt e10s fission stylo webrender,4768565,77,ms,firefox,450443956,1856577044,2024-03-08T22:09:08,722.0810051575681,8d1eb80b312313baa186f1fa68c28ed3488326dd,1390043
autoland,4768729,12,95f51e857a45cd76f1766c14d6bed804857cd27b,windows10-64-shippable-qr,True,False,,,102210fe594ee9b33d82058545b1ed14f4c8206e,custom.jsdebugger.open.DAMP,damp,True,damp custom.jsdebugger.open.DAMP opt e10s fission stylo webrender,4768565,77,ms,firefox,450146171,1855424348,2024-03-09T00:01:41,707.1961661407404,e40628b4cd80f3469e6fb5836c1e513e3e058225,1390115
autoland,4768729,12,95f51e857a45cd76f1766c14d6bed804857cd27b,windows10-64-shippable-qr,True,False,,,102210fe594ee9b33d82058545b1ed14f4c8206e,custom.jsdebugger.open.DAMP,damp,True,damp custom.jsdebugger.open.DAMP opt e10s fission stylo webrender,4768565,77,ms,firefox,450147713,1855448149,2024-03-09T00:02:45,712.5981120837032,4d67ec80ce46b924295e599b81d0db0071664eca,1390116
autoland,4768729,12,95f51e857a45cd76f1766c14d6bed804857cd27b,windows10-64-shippable-qr,True,False,,,102210fe594ee9b33d82058545b1ed14f4c8206e,custom.jsdebugger.open.DAMP,damp,True,damp custom.jsdebugger.open.DAMP opt e10s fission stylo webrender,4768565,77,ms,firefox,450147327,1855436066,2024-03-09T00:03:40,710.2127117799391,fb2eeb44f22026d0a1c7b18f8cb0786169300c1b,1390117
autoland,4768729,12,95f51e857a45cd76f1766c14d6bed804857cd27b,windows10-64-shippable-qr,True,False,,,102210fe594ee9b33d82058545b1ed14f4c8206e,custom.jsdebugger.open.DAMP,damp,True,damp custom.jsdebugger.open.DAMP opt e10s fission stylo webrender,4768565,77,ms,firefox,450443973,1856577319,2024-03-09T00:04:31,725.7396272978222,9f76e082c06443648a0c6a10bc93147c5f2f8d7e,1390118
autoland,4768729,12,95f51e857a45cd76f1766c14d6bed804857cd27b,windows10-64-shippable-qr,True,False,,,102210fe594ee9b33d82058545b1ed14f4c8206e,custom.jsdebugger.open.DAMP,damp,True,damp custom.jsdebugger.open.DAMP opt e10s fission stylo webrender,4768565,77,ms,firefox,450443985,1856576466,2024-03-09T00:04:31,705.8706974058005,9f76e082c06443648a0c6a10bc93147c5f2f8d7e,1390118
autoland,4768729,12,95f51e857a45cd76f1766c14d6bed804857cd27b,windows10-64-shippable-qr,True,False,,,102210fe594ee9b33d82058545b1ed14f4c8206e,custom.jsdebugger.open.DAMP,damp,True,damp custom.jsdebugger.open.DAMP opt e10s fission stylo webrender,4768565,77,ms,firefox,450443982,1856576717,2024-03-09T01:44:45,714.1683932429733,bb7f58e9746c8c734707536fdf71a59108fe4fd3,1390141
autoland,4768729,12,95f51e857a45cd76f1766c14d6bed804857cd27b,windows10-64-shippable-qr,True,False,,,102210fe594ee9b33d82058545b1ed14f4c8206e,custom.jsdebugger.open.DAMP,damp,True,damp custom.jsdebugger.open.DAMP opt e10s fission stylo webrender,4768565,77,ms,firefox,450443450,1856574834,2024-03-09T03:30:54,705.0140202786424,24857534f725bc1052f58296ab4a42191cfb44b6,1390153
autoland,4768729,12,95f51e857a45cd76f1766c14d6bed804857cd27b,windows10-64-shippable-qr,True,False,,,102210fe594ee9b33d82058545b1ed14f4c8206e,custom.jsdebugger.open.DAMP,damp,True,damp custom.jsdebugger.open.DAMP opt e10s fission stylo webrender,4768565,77,ms,firefox,450165867,1855519279,2024-03-09T05:38:15,705.7747728344157,efb6c465b7de5cb34b029bb51e5b445952bdd9b2,1390162
autoland,4768729,12,95f51e857a45cd76f1766c14d6bed804857cd27b,windows10-64-shippable-qr,True,False,,,102210fe594ee9b33d82058545b1ed14f4c8206e,custom.jsdebugger.open.DAMP,damp,True,damp custom.jsdebugger.open.DAMP opt e10s fission stylo webrender,4768565,77,ms,firefox,450443983,1856576314,2024-03-09T07:02:21,709.623560212116,df5a880018ea4d1f107ca1544b6b3d5323029db4,1390165
autoland,4768729,12,95f51e857a45cd76f1766c14d6bed804857cd27b,windows10-64-shippable-qr,True,False,,,102210fe594ee9b33d82058545b1ed14f4c8206e,custom.jsdebugger.open.DAMP,damp,True,damp custom.jsdebugger.open.DAMP opt e10s fission stylo webrender,4768565,77,ms,firefox,450443500,1856575090,2024-03-09T07:08:48,708.0286078439676,55305e127c70491555e873a0595541638d9e1f14,1390166
autoland,4768729,12,95f51e857a45cd76f1766c14d6bed804857cd27b,windows10-64-shippable-qr,True,False,,,102210fe594ee9b33d82058545b1ed14f4c8206e,custom.jsdebugger.open.DAMP,damp,True,damp custom.jsdebugger.open.DAMP opt e10s fission stylo webrender,4768565,77,ms,firefox,450443656,1856575258,2024-03-09T07:10:03,704.6903581299412,d14cacae84b9630ae3d682cc2dfb57a7d2f83087,1390167
autoland,4768729,12,95f51e857a45cd76f1766c14d6bed804857cd27b,windows10-64-shippable-qr,True,False,,,102210fe594ee9b33d82058545b1ed14f4c8206e,custom.jsdebugger.open.DAMP,damp,True,damp custom.jsdebugger.open.DAMP opt e10s fission stylo webrender,4768565,77,ms,firefox,450443651,1856575556,2024-03-09T07:23:41,725.0748542850315,de0a8ca2b26792c3fe5f516af2d48704b74221f5,1390170
autoland,4768729,12,95f51e857a45cd76f1766c14d6bed804857cd27b,windows10-64-shippable-qr,True,False,,,102210fe594ee9b33d82058545b1ed14f4c8206e,custom.jsdebugger.open.DAMP,damp,True,damp custom.jsdebugger.open.DAMP opt e10s fission stylo webrender,4768565,77,ms,firefox,450193978,1855604248,2024-03-09T10:41:02,707.2639500397563,1d530888568c2a44fc30d9b6567ab6195f238cb2,1390188
autoland,4768729,12,95f51e857a45cd76f1766c14d6bed804857cd27b,windows10-64-shippable-qr,True,False,,,102210fe594ee9b33d82058545b1ed14f4c8206e,custom.jsdebugger.open.DAMP,damp,True,damp custom.jsdebugger.open.DAMP opt e10s fission stylo webrender,4768565,77,ms,firefox,450465283,1856628202,2024-03-09T11:16:41,705.3008105993504,37af5c6d011a4040fa85d319bf8d87510f3d883a,1390194
autoland,4768729,12,95f51e857a45cd76f1766c14d6bed804857cd27b,windows10-64-shippable-qr,True,False,,,102210fe594ee9b33d82058545b1ed14f4c8206e,custom.jsdebugger.open.DAMP,damp,True,damp custom.jsdebugger.open.DAMP opt e10s fission stylo webrender,4768565,77,ms,firefox,450471470,1856651748,2024-03-09T11:16:41,709.4820335817276,37af5c6d011a4040fa85d319bf8d87510f3d883a,1390194
autoland,4768729,12,95f51e857a45cd76f1766c14d6bed804857cd27b,windows10-64-shippable-qr,True,False,,,102210fe594ee9b33d82058545b1ed14f4c8206e,custom.jsdebugger.open.DAMP,damp,True,damp custom.jsdebugger.open.DAMP opt e10s fission stylo webrender,4768565,77,ms,firefox,450465286,1856628318,2024-03-09T12:08:39,709.5292090929943,72df04c70412d500e1b0b6f8d8f452ae22683687,1390200
autoland,4768729,12,95f51e857a45cd76f1766c14d6bed804857cd27b,windows10-64-shippable-qr,True,False,,,102210fe594ee9b33d82058545b1ed14f4c8206e,custom.jsdebugger.open.DAMP,damp,True,damp custom.jsdebugger.open.DAMP opt e10s fission stylo webrender,4768565,77,ms,firefox,450205998,1855641381,2024-03-09T15:33:05,702.4925154222874,10af6b2ff03bd7512d53f3ed02f7e83dba7c57ba,1390221
autoland,4768729,12,95f51e857a45cd76f1766c14d6bed804857cd27b,windows10-64-shippable-qr,True,False,,,102210fe594ee9b33d82058545b1ed14f4c8206e,custom.jsdebugger.open.DAMP,damp,True,damp custom.jsdebugger.open.DAMP opt e10s fission stylo webrender,4768565,77,ms,firefox,450474506,1856660345,2024-03-09T17:16:59,707.7356150819251,5435f6734690fcc575faea455488886a8dc5f1ad,1390229
autoland,4768729,12,95f51e857a45cd76f1766c14d6bed804857cd27b,windows10-64-shippable-qr,True,False,,,102210fe594ee9b33d82058545b1ed14f4c8206e,custom.jsdebugger.open.DAMP,damp,True,damp custom.jsdebugger.open.DAMP opt e10s fission stylo webrender,4768565,77,ms,firefox,450465812,1856631768,2024-03-09T18:59:35,710.251371648701,dc32702a05992f84c7ba6db51fdd87ac09b92866,1390239
autoland,4768729,12,95f51e857a45cd76f1766c14d6bed804857cd27b,windows10-64-shippable-qr,True,False,,,102210fe594ee9b33d82058545b1ed14f4c8206e,custom.jsdebugger.open.DAMP,damp,True,damp custom.jsdebugger.open.DAMP opt e10s fission stylo webrender,4768565,77,ms,firefox,450221020,1855705176,2024-03-09T20:59:44,707.3747253114907,9768cd53e66eef4a715150196cfa1138f7edf7ba,1390244
autoland,4768729,12,95f51e857a45cd76f1766c14d6bed804857cd27b,windows10-64-shippable-qr,True,False,,,102210fe594ee9b33d82058545b1ed14f4c8206e,custom.jsdebugger.open.DAMP,damp,True,damp custom.jsdebugger.open.DAMP opt e10s fission stylo webrender,4768565,77,ms,firefox,450254611,1855805042,2024-03-10T13:59:13,707.650980137827,f8edec6de8b50f0f6809208600e5c8ab87dd12d4,1390283
autoland,4768729,12,95f51e857a45cd76f1766c14d6bed804857cd27b,windows10-64-shippable-qr,True,False,,,102210fe594ee9b33d82058545b1ed14f4c8206e,custom.jsdebugger.open.DAMP,damp,True,damp custom.jsdebugger.open.DAMP opt e10s fission stylo webrender,4768565,77,ms,firefox,450259714,1855833384,2024-03-10T18:05:45,713.2146836113388,059c20bed3da7a717ee144e4c2339499009d7c44,1390298
autoland,4768729,12,95f51e857a45cd76f1766c14d6bed804857cd27b,windows10-64-shippable-qr,True,False,,,102210fe594ee9b33d82058545b1ed14f4c8206e,custom.jsdebugger.open.DAMP,damp,True,damp custom.jsdebugger.open.DAMP opt e10s fission stylo webrender,4768565,77,ms,firefox,450282213,1855937964,2024-03-11T02:48:56,704.1012244998201,0f63ab5624960b1aa464bb2e3bd76c6cd196f186,1390365
autoland,4768729,12,95f51e857a45cd76f1766c14d6bed804857cd27b,windows10-64-shippable-qr,True,False,,,102210fe594ee9b33d82058545b1ed14f4c8206e,custom.jsdebugger.open.DAMP,damp,True,damp custom.jsdebugger.open.DAMP opt e10s fission stylo webrender,4768565,77,ms,firefox,450298205,1856008568,2024-03-11T09:18:44,706.6759623031612,343e945a502ea35f40687ffca3eab7543522fe79,1390442
autoland,4768729,12,95f51e857a45cd76f1766c14d6bed804857cd27b,windows10-64-shippable-qr,True,False,,,102210fe594ee9b33d82058545b1ed14f4c8206e,custom.jsdebugger.open.DAMP,damp,True,damp custom.jsdebugger.open.DAMP opt e10s fission stylo webrender,4768565,77,ms,firefox,450334549,1856133181,2024-03-11T13:24:20,706.7986420397065,23b4081496822ae44a0f120f8429c0c57a864325,1390505
autoland,4768729,12,95f51e857a45cd76f1766c14d6bed804857cd27b,windows10-64-shippable-qr,True,False,,,102210fe594ee9b33d82058545b1ed14f4c8206e,custom.jsdebugger.open.DAMP,damp,True,damp custom.jsdebugger.open.DAMP opt e10s fission stylo webrender,4768565,77,ms,firefox,450341972,1856166265,2024-03-11T14:23:46,703.6532937841403,ec25d27f83b73ab4fbd93c737d29b732042c2139,1390552
autoland,4768729,12,95f51e857a45cd76f1766c14d6bed804857cd27b,windows10-64-shippable-qr,True,False,,,102210fe594ee9b33d82058545b1ed14f4c8206e,custom.jsdebugger.open.DAMP,damp,True,damp custom.jsdebugger.open.DAMP opt e10s fission stylo webrender,4768565,77,ms,firefox,450375680,1856282505,2024-03-11T18:03:14,720.1387246223039,b5f646ecf7f3ca586020974d36c3f4c4fca4a3a3,1390747
autoland,4768729,12,95f51e857a45cd76f1766c14d6bed804857cd27b,windows10-64-shippable-qr,True,False,,,102210fe594ee9b33d82058545b1ed14f4c8206e,custom.jsdebugger.open.DAMP,damp,True,damp custom.jsdebugger.open.DAMP opt e10s fission stylo webrender,4768565,77,ms,firefox,450392671,1856326120,2024-03-11T19:41:42,704.154441229839,4984afdb79c55a76ef741d1667378c296f74240f,1390851
autoland,4768729,12,95f51e857a45cd76f1766c14d6bed804857cd27b,windows10-64-shippable-qr,True,False,,,102210fe594ee9b33d82058545b1ed14f4c8206e,custom.jsdebugger.open.DAMP,damp,True,damp custom.jsdebugger.open.DAMP opt e10s fission stylo webrender,4768565,77,ms,firefox,450424702,1856440580,2024-03-12T03:06:47,705.7649844505577,5dbe89396d7f52d57c4a21457fcf95d4e1ae24c3,1391174
autoland,4768729,12,95f51e857a45cd76f1766c14d6bed804857cd27b,windows10-64-shippable-qr,True,False,,,102210fe594ee9b33d82058545b1ed14f4c8206e,custom.jsdebugger.open.DAMP,damp,True,damp custom.jsdebugger.open.DAMP opt e10s fission stylo webrender,4768565,77,ms,firefox,450433966,1856535104,2024-03-12T07:06:36,704.880418966246,45bdb06ed9f6ae6b675b169c0b4dbd488363098d,1391218
autoland,4768729,12,95f51e857a45cd76f1766c14d6bed804857cd27b,windows10-64-shippable-qr,True,False,,,102210fe594ee9b33d82058545b1ed14f4c8206e,custom.jsdebugger.open.DAMP,damp,True,damp custom.jsdebugger.open.DAMP opt e10s fission stylo webrender,4768565,77,ms,firefox,450465377,1856628839,2024-03-12T11:26:19,704.8898139797966,8c1e5f6bca5a8f2ab2297cff5c736e61d3a3bd27,1391230
autoland,4768729,12,95f51e857a45cd76f1766c14d6bed804857cd27b,windows10-64-shippable-qr,True,False,,,102210fe594ee9b33d82058545b1ed14f4c8206e,custom.jsdebugger.open.DAMP,damp,True,damp custom.jsdebugger.open.DAMP opt e10s fission stylo webrender,4768565,77,ms,firefox,450499685,1856733876,2024-03-12T14:58:20,707.2531272954657,c93ce7649d8d7d874130caed9005d92be916b10e,1391396
autoland,4768729,12,95f51e857a45cd76f1766c14d6bed804857cd27b,windows10-64-shippable-qr,True,False,,,102210fe594ee9b33d82058545b1ed14f4c8206e,custom.jsdebugger.open.DAMP,damp,True,damp custom.jsdebugger.open.DAMP opt e10s fission stylo webrender,4768565,77,ms,firefox,450516147,1856813156,2024-03-12T19:37:06,705.535437744722,d91b0606279d7c22a0119cdc8061cdeffe233787,1391673
autoland,4768729,12,95f51e857a45cd76f1766c14d6bed804857cd27b,windows10-64-shippable-qr,True,False,,,102210fe594ee9b33d82058545b1ed14f4c8206e,custom.jsdebugger.open.DAMP,damp,True,damp custom.jsdebugger.open.DAMP opt e10s fission stylo webrender,4768565,77,ms,firefox,450557733,1856954310,2024-03-12T23:13:34,702.0956831936346,bb96cef2989d78eaa9d2485bb379b29449a815b2,1391824
autoland,4768729,12,95f51e857a45cd76f1766c14d6bed804857cd27b,windows10-64-shippable-qr,True,False,,,102210fe594ee9b33d82058545b1ed14f4c8206e,custom.jsdebugger.open.DAMP,damp,True,damp custom.jsdebugger.open.DAMP opt e10s fission stylo webrender,4768565,77,ms,firefox,450587724,1857150338,2024-03-13T07:01:16,726.1416899797186,2dfb9f01e06f190da79fb195ea51dac2be58dde7,1392060
autoland,4768729,12,95f51e857a45cd76f1766c14d6bed804857cd27b,windows10-64-shippable-qr,True,False,,,102210fe594ee9b33d82058545b1ed14f4c8206e,custom.jsdebugger.open.DAMP,damp,True,damp custom.jsdebugger.open.DAMP opt e10s fission stylo webrender,4768565,77,ms,firefox,450619318,1857278423,2024-03-13T11:15:45,710.3921894568048,ae0da9180abdc1990832791041b323e05082f6f8,1392165
autoland,4768729,12,95f51e857a45cd76f1766c14d6bed804857cd27b,windows10-64-shippable-qr,True,False,,,102210fe594ee9b33d82058545b1ed14f4c8206e,custom.jsdebugger.open.DAMP,damp,True,damp custom.jsdebugger.open.DAMP opt e10s fission stylo webrender,4768565,77,ms,firefox,450643716,1857351205,2024-03-13T15:23:46,709.922568467242,49e9b26b528b94a9db43d4b65112add1268f64fc,1392302
autoland,4768729,12,95f51e857a45cd76f1766c14d6bed804857cd27b,windows10-64-shippable-qr,True,False,,,102210fe594ee9b33d82058545b1ed14f4c8206e,custom.jsdebugger.open.DAMP,damp,True,damp custom.jsdebugger.open.DAMP opt e10s fission stylo webrender,4768565,77,ms,firefox,450643912,1857359289,2024-03-13T15:33:19,707.8312749237039,35c5c892ca1e96f731d20bc6edd310a5d4e13bad,1392307
autoland,4768729,12,95f51e857a45cd76f1766c14d6bed804857cd27b,windows10-64-shippable-qr,True,False,,,102210fe594ee9b33d82058545b1ed14f4c8206e,custom.jsdebugger.open.DAMP,damp,True,damp custom.jsdebugger.open.DAMP opt e10s fission stylo webrender,4768565,77,ms,firefox,450660227,1857451479,2024-03-13T18:41:03,719.9907566980764,ebcab57cf7cd8a64a561c831dc4d1bf6694f82b8,1392487
autoland,4768729,12,95f51e857a45cd76f1766c14d6bed804857cd27b,windows10-64-shippable-qr,True,False,,,102210fe594ee9b33d82058545b1ed14f4c8206e,custom.jsdebugger.open.DAMP,damp,True,damp custom.jsdebugger.open.DAMP opt e10s fission stylo webrender,4768565,77,ms,firefox,450679925,1857552940,2024-03-13T21:49:05,725.4876026174898,1f3b4df016ac965dd3a2c97cb547c495364fdeef,1392594
autoland,4768729,12,95f51e857a45cd76f1766c14d6bed804857cd27b,windows10-64-shippable-qr,True,False,,,102210fe594ee9b33d82058545b1ed14f4c8206e,custom.jsdebugger.open.DAMP,damp,True,damp custom.jsdebugger.open.DAMP opt e10s fission stylo webrender,4768565,77,ms,firefox,450712435,1857669474,2024-03-14T04:20:25,711.7921048957942,2333872b0f5028fa1f0e9236440fe58df07a0235,1392734
autoland,4768729,12,95f51e857a45cd76f1766c14d6bed804857cd27b,windows10-64-shippable-qr,True,False,,,102210fe594ee9b33d82058545b1ed14f4c8206e,custom.jsdebugger.open.DAMP,damp,True,damp custom.jsdebugger.open.DAMP opt e10s fission stylo webrender,4768565,77,ms,firefox,450725729,1857730489,2024-03-14T06:52:21,717.7001743874571,0c82ff77321a85c36f1c5b27c99d25bad8603028,1392758
autoland,4768729,12,95f51e857a45cd76f1766c14d6bed804857cd27b,windows10-64-shippable-qr,True,False,,,102210fe594ee9b33d82058545b1ed14f4c8206e,custom.jsdebugger.open.DAMP,damp,True,damp custom.jsdebugger.open.DAMP opt e10s fission stylo webrender,4768565,77,ms,firefox,450758135,1857840354,2024-03-14T10:59:46,705.4488489027572,1f30bd08be619a6ea06444a2a6e36123f7baad65,1392883
autoland,4768729,12,95f51e857a45cd76f1766c14d6bed804857cd27b,windows10-64-shippable-qr,True,False,,,102210fe594ee9b33d82058545b1ed14f4c8206e,custom.jsdebugger.open.DAMP,damp,True,damp custom.jsdebugger.open.DAMP opt e10s fission stylo webrender,4768565,77,ms,firefox,450804835,1858013756,2024-03-14T17:45:33,706.0914294686372,e0d1a1dbfd5c36a2527b566ff831a989ca5ae5f5,1393195
autoland,4768729,12,95f51e857a45cd76f1766c14d6bed804857cd27b,windows10-64-shippable-qr,True,False,,,102210fe594ee9b33d82058545b1ed14f4c8206e,custom.jsdebugger.open.DAMP,damp,True,damp custom.jsdebugger.open.DAMP opt e10s fission stylo webrender,4768565,77,ms,firefox,450827238,1858093082,2024-03-14T21:51:03,700.0951980128884,278273f1c1fdca23ad419f0bd277a616aa240d1e,1393332
autoland,4768729,12,95f51e857a45cd76f1766c14d6bed804857cd27b,windows10-64-shippable-qr,True,False,,,102210fe594ee9b33d82058545b1ed14f4c8206e,custom.jsdebugger.open.DAMP,damp,True,damp custom.jsdebugger.open.DAMP opt e10s fission stylo webrender,4768565,77,ms,firefox,450846935,1858164697,2024-03-15T00:00:33,706.5482740824282,e18af9ec05f36a6f63a2e3889d5bc27f11be4267,1393414
autoland,4768729,12,95f51e857a45cd76f1766c14d6bed804857cd27b,windows10-64-shippable-qr,True,False,,,102210fe594ee9b33d82058545b1ed14f4c8206e,custom.jsdebugger.open.DAMP,damp,True,damp custom.jsdebugger.open.DAMP opt e10s fission stylo webrender,4768565,77,ms,firefox,450865114,1858372299,2024-03-15T06:02:39,700.1695401798643,0eb2b661743e4b5d2ed6cf61116bc5ade9da405b,1393511
autoland,4768729,12,95f51e857a45cd76f1766c14d6bed804857cd27b,windows10-64-shippable-qr,True,False,,,102210fe594ee9b33d82058545b1ed14f4c8206e,custom.jsdebugger.open.DAMP,damp,True,damp custom.jsdebugger.open.DAMP opt e10s fission stylo webrender,4768565,77,ms,firefox,450894573,1858494381,2024-03-15T09:39:32,718.688378656123,02d8b0bd788352c236ca20d0163498e5ee3faa07,1393552
autoland,4768729,12,95f51e857a45cd76f1766c14d6bed804857cd27b,windows10-64-shippable-qr,True,False,,,102210fe594ee9b33d82058545b1ed14f4c8206e,custom.jsdebugger.open.DAMP,damp,True,damp custom.jsdebugger.open.DAMP opt e10s fission stylo webrender,4768565,77,ms,firefox,450916764,1858585365,2024-03-15T14:14:34,714.3042681619845,4b69d32113781e4489234ce2c9cf8f5b5dcbce5a,1393636
autoland,4768729,12,95f51e857a45cd76f1766c14d6bed804857cd27b,windows10-64-shippable-qr,True,False,,,102210fe594ee9b33d82058545b1ed14f4c8206e,custom.jsdebugger.open.DAMP,damp,True,damp custom.jsdebugger.open.DAMP opt e10s fission stylo webrender,4768565,77,ms,firefox,450927408,1858634564,2024-03-15T16:14:11,706.4936310580742,eff5ebeb21a902d6ed24f356b4a4b41e89ff1172,1393715
autoland,4768729,12,95f51e857a45cd76f1766c14d6bed804857cd27b,windows10-64-shippable-qr,True,False,,,102210fe594ee9b33d82058545b1ed14f4c8206e,custom.jsdebugger.open.DAMP,damp,True,damp custom.jsdebugger.open.DAMP opt e10s fission stylo webrender,4768565,77,ms,firefox,450956432,1858740921,2024-03-15T20:55:49,718.9186827530502,f4367b1826eb51a4bbcde0cd6ae1a5b1644115d0,1393941
autoland,4768729,12,95f51e857a45cd76f1766c14d6bed804857cd27b,windows10-64-shippable-qr,True,False,,,102210fe594ee9b33d82058545b1ed14f4c8206e,custom.jsdebugger.open.DAMP,damp,True,damp custom.jsdebugger.open.DAMP opt e10s fission stylo webrender,4768565,77,ms,firefox,450975729,1858834392,2024-03-16T01:29:19,699.2637099923741,bbe046e25d1447071e399f377b669bbe9cbf3bf3,1394036
autoland,4768729,12,95f51e857a45cd76f1766c14d6bed804857cd27b,windows10-64-shippable-qr,True,False,,,102210fe594ee9b33d82058545b1ed14f4c8206e,custom.jsdebugger.open.DAMP,damp,True,damp custom.jsdebugger.open.DAMP opt e10s fission stylo webrender,4768565,77,ms,firefox,450982327,1858890409,2024-03-16T06:01:10,704.9712920963066,a7134d792577d5d0529bf81b769c32138f7bb0c0,1394058
autoland,4768729,12,95f51e857a45cd76f1766c14d6bed804857cd27b,windows10-64-shippable-qr,True,False,,,102210fe594ee9b33d82058545b1ed14f4c8206e,custom.jsdebugger.open.DAMP,damp,True,damp custom.jsdebugger.open.DAMP opt e10s fission stylo webrender,4768565,77,ms,firefox,451016894,1859012934,2024-03-16T15:16:53,704.7848147497089,a65344e02551e44aca46a84016a3a07cce9d23e6,1394103
autoland,4768729,12,95f51e857a45cd76f1766c14d6bed804857cd27b,windows10-64-shippable-qr,True,False,,,102210fe594ee9b33d82058545b1ed14f4c8206e,custom.jsdebugger.open.DAMP,damp,True,damp custom.jsdebugger.open.DAMP opt e10s fission stylo webrender,4768565,77,ms,firefox,451021762,1859051872,2024-03-16T21:40:10,713.8731648241665,bc06944d050ccff5aed2248b83d51d946814e90d,1394130
autoland,4768729,12,95f51e857a45cd76f1766c14d6bed804857cd27b,windows10-64-shippable-qr,True,False,,,102210fe594ee9b33d82058545b1ed14f4c8206e,custom.jsdebugger.open.DAMP,damp,True,damp custom.jsdebugger.open.DAMP opt e10s fission stylo webrender,4768565,77,ms,firefox,451042062,1859136723,2024-03-17T07:03:06,706.8121952959482,7ef716435af3dee46482a893f4a3b29a4d3faafe,1394146
autoland,4768729,12,95f51e857a45cd76f1766c14d6bed804857cd27b,windows10-64-shippable-qr,True,False,,,102210fe594ee9b33d82058545b1ed14f4c8206e,custom.jsdebugger.open.DAMP,damp,True,damp custom.jsdebugger.open.DAMP opt e10s fission stylo webrender,4768565,77,ms,firefox,451051281,1859164819,2024-03-17T13:56:17,702.3659174628556,47d63b18299914bf2eecdeb64fe8df0a52605aec,1394162
autoland,4768729,12,95f51e857a45cd76f1766c14d6bed804857cd27b,windows10-64-shippable-qr,True,False,,,102210fe594ee9b33d82058545b1ed14f4c8206e,custom.jsdebugger.open.DAMP,damp,True,damp custom.jsdebugger.open.DAMP opt e10s fission stylo webrender,4768565,77,ms,firefox,451056468,1859196777,2024-03-17T19:02:19,707.8673987135116,164fcac77feead59372521b0072049f25a4c9692,1394171
autoland,4768729,12,95f51e857a45cd76f1766c14d6bed804857cd27b,windows10-64-shippable-qr,True,False,,,102210fe594ee9b33d82058545b1ed14f4c8206e,custom.jsdebugger.open.DAMP,damp,True,damp custom.jsdebugger.open.DAMP opt e10s fission stylo webrender,4768565,77,ms,firefox,451076768,1859317147,2024-03-18T01:14:25,703.4928610194183,469d4a744966c133ae480dc66643d47b77aa3209,1394186
autoland,4768729,12,95f51e857a45cd76f1766c14d6bed804857cd27b,windows10-64-shippable-qr,True,False,,,102210fe594ee9b33d82058545b1ed14f4c8206e,custom.jsdebugger.open.DAMP,damp,True,damp custom.jsdebugger.open.DAMP opt e10s fission stylo webrender,4768565,77,ms,firefox,451088294,1859402282,2024-03-18T07:02:14,703.2043707073026,9ae71156ef3c731f44e2af8d1d9c34b7eb7c6c9b,1394207
autoland,4768729,12,95f51e857a45cd76f1766c14d6bed804857cd27b,windows10-64-shippable-qr,True,False,,,102210fe594ee9b33d82058545b1ed14f4c8206e,custom.jsdebugger.open.DAMP,damp,True,damp custom.jsdebugger.open.DAMP opt e10s fission stylo webrender,4768565,77,ms,firefox,451101193,1859458250,2024-03-18T09:15:45,710.7776175789113,d3946837037d31a7b6f83b1977e57c4ea384c904,1394248
autoland,4768729,12,95f51e857a45cd76f1766c14d6bed804857cd27b,windows10-64-shippable-qr,True,False,,,102210fe594ee9b33d82058545b1ed14f4c8206e,custom.jsdebugger.open.DAMP,damp,True,damp custom.jsdebugger.open.DAMP opt e10s fission stylo webrender,4768565,77,ms,firefox,451163186,1859687332,2024-03-18T16:13:31,706.7910210356567,9a84c7a992c26cd844507c8b4a7215e1aa1dd56e,1394426
autoland,4768729,12,95f51e857a45cd76f1766c14d6bed804857cd27b,windows10-64-shippable-qr,True,False,,,102210fe594ee9b33d82058545b1ed14f4c8206e,custom.jsdebugger.open.DAMP,damp,True,damp custom.jsdebugger.open.DAMP opt e10s fission stylo webrender,4768565,77,ms,firefox,451196874,1859839801,2024-03-18T17:45:54,705.4750825257725,ab4a4d632bcfcdcb0f37c6791a75467e73c47795,1394460
autoland,4768729,12,95f51e857a45cd76f1766c14d6bed804857cd27b,windows10-64-shippable-qr,True,False,,,102210fe594ee9b33d82058545b1ed14f4c8206e,custom.jsdebugger.open.DAMP,damp,True,damp custom.jsdebugger.open.DAMP opt e10s fission stylo webrender,4768565,77,ms,firefox,451199559,1859852209,2024-03-18T20:20:59,709.6791535481025,3d0c771e9c28d7bad460e8683406e4a832de5d93,1394525
autoland,4768729,12,95f51e857a45cd76f1766c14d6bed804857cd27b,windows10-64-shippable-qr,True,False,,,102210fe594ee9b33d82058545b1ed14f4c8206e,custom.jsdebugger.open.DAMP,damp,True,damp custom.jsdebugger.open.DAMP opt e10s fission stylo webrender,4768565,77,ms,firefox,451222095,1859945258,2024-03-19T01:00:45,705.0590983625443,0febedb51783638cc944e4b495547ccfedb4c43f,1394573
autoland,4768729,12,95f51e857a45cd76f1766c14d6bed804857cd27b,windows10-64-shippable-qr,True,False,,,102210fe594ee9b33d82058545b1ed14f4c8206e,custom.jsdebugger.open.DAMP,damp,True,damp custom.jsdebugger.open.DAMP opt e10s fission stylo webrender,4768565,77,ms,firefox,451224838,1859969861,2024-03-19T02:26:21,709.5024859319456,16ddc2d8ba870a73f3a200338e1400a51d2299c1,1394599
autoland,4768729,12,95f51e857a45cd76f1766c14d6bed804857cd27b,windows10-64-shippable-qr,True,False,,,102210fe594ee9b33d82058545b1ed14f4c8206e,custom.jsdebugger.open.DAMP,damp,True,damp custom.jsdebugger.open.DAMP opt e10s fission stylo webrender,4768565,77,ms,firefox,451283285,1860162445,2024-03-19T08:17:39,709.3348037950927,bd45b4ccb1292ec35d0fb6c623cb70b62fecd87b,1394665
autoland,4768729,12,95f51e857a45cd76f1766c14d6bed804857cd27b,windows10-64-shippable-qr,True,False,,,102210fe594ee9b33d82058545b1ed14f4c8206e,custom.jsdebugger.open.DAMP,damp,True,damp custom.jsdebugger.open.DAMP opt e10s fission stylo webrender,4768565,77,ms,firefox,451293917,1860195289,2024-03-19T11:15:16,709.0456669476953,a4280d9d04d7841f3a7286d7cb6d9667ed276e03,1394711
autoland,4768729,12,95f51e857a45cd76f1766c14d6bed804857cd27b,windows10-64-shippable-qr,True,False,,,102210fe594ee9b33d82058545b1ed14f4c8206e,custom.jsdebugger.open.DAMP,damp,True,damp custom.jsdebugger.open.DAMP opt e10s fission stylo webrender,4768565,77,ms,firefox,451321305,1860278537,2024-03-19T13:28:22,703.3226370972261,43d89580ba9c295f67bc3df94ba1aac23b435b63,1394763
autoland,4768729,12,95f51e857a45cd76f1766c14d6bed804857cd27b,windows10-64-shippable-qr,True,False,,,102210fe594ee9b33d82058545b1ed14f4c8206e,custom.jsdebugger.open.DAMP,damp,True,damp custom.jsdebugger.open.DAMP opt e10s fission stylo webrender,4768565,77,ms,firefox,451362427,1860441680,2024-03-19T17:03:22,702.9072398885182,3d4f500d317cd4c54e93299c01efed1c4354deb7,1394873
autoland,4768729,12,95f51e857a45cd76f1766c14d6bed804857cd27b,windows10-64-shippable-qr,True,False,,,102210fe594ee9b33d82058545b1ed14f4c8206e,custom.jsdebugger.open.DAMP,damp,True,damp custom.jsdebugger.open.DAMP opt e10s fission stylo webrender,4768565,77,ms,firefox,451378118,1860515173,2024-03-19T19:48:40,699.4646182098004,7c0de707e2a448dd3846c81f12ee9bae3ebca9d3,1394945
autoland,4768729,12,95f51e857a45cd76f1766c14d6bed804857cd27b,windows10-64-shippable-qr,True,False,,,102210fe594ee9b33d82058545b1ed14f4c8206e,custom.jsdebugger.open.DAMP,damp,True,damp custom.jsdebugger.open.DAMP opt e10s fission stylo webrender,4768565,77,ms,firefox,451410272,1860649988,2024-03-20T00:04:56,698.5594365541692,25a7b6dcdd27704494317e01334be69707ff521f,1395012
autoland,4768729,12,95f51e857a45cd76f1766c14d6bed804857cd27b,windows10-64-shippable-qr,True,False,,,102210fe594ee9b33d82058545b1ed14f4c8206e,custom.jsdebugger.open.DAMP,damp,True,damp custom.jsdebugger.open.DAMP opt e10s fission stylo webrender,4768565,77,ms,firefox,451433300,1860798631,2024-03-20T06:31:28,700.4631897285726,dbb1856b4f3345f0353d4ea33ed0f83a90420827,1395067
autoland,4768729,12,95f51e857a45cd76f1766c14d6bed804857cd27b,windows10-64-shippable-qr,True,False,,,102210fe594ee9b33d82058545b1ed14f4c8206e,custom.jsdebugger.open.DAMP,damp,True,damp custom.jsdebugger.open.DAMP opt e10s fission stylo webrender,4768565,77,ms,firefox,451458845,1860898806,2024-03-20T10:14:04,705.8047398839408,89f62e190e69ddb95685488010b5807b31491168,1395103
autoland,4768729,12,95f51e857a45cd76f1766c14d6bed804857cd27b,windows10-64-shippable-qr,True,False,,,102210fe594ee9b33d82058545b1ed14f4c8206e,custom.jsdebugger.open.DAMP,damp,True,damp custom.jsdebugger.open.DAMP opt e10s fission stylo webrender,4768565,77,ms,firefox,451530548,1861110535,2024-03-20T14:37:05,697.8642435644724,533a3c2e587f7ea99fde847c499dbb77d1d7c623,1395197
autoland,4768729,12,95f51e857a45cd76f1766c14d6bed804857cd27b,windows10-64-shippable-qr,True,False,,,102210fe594ee9b33d82058545b1ed14f4c8206e,custom.jsdebugger.open.DAMP,damp,True,damp custom.jsdebugger.open.DAMP opt e10s fission stylo webrender,4768565,77,ms,firefox,451593917,1861406336,2024-03-20T21:30:57,699.2368139722457,7e65c2e3fa5893e80c6f6f8ef4deef5861f82edc,1395367
autoland,4768729,12,95f51e857a45cd76f1766c14d6bed804857cd27b,windows10-64-shippable-qr,True,False,,,102210fe594ee9b33d82058545b1ed14f4c8206e,custom.jsdebugger.open.DAMP,damp,True,damp custom.jsdebugger.open.DAMP opt e10s fission stylo webrender,4768565,77,ms,firefox,451746869,1861985389,2024-03-21T18:47:13,716.2127106323751,c83258a2f5a9fd7b7107508c07827d9aa1a83035,1396360
autoland,4768729,12,95f51e857a45cd76f1766c14d6bed804857cd27b,windows10-64-shippable-qr,True,False,,,102210fe594ee9b33d82058545b1ed14f4c8206e,custom.jsdebugger.open.DAMP,damp,True,damp custom.jsdebugger.open.DAMP opt e10s fission stylo webrender,4768565,77,ms,firefox,451775911,1862097826,2024-03-21T21:19:12,696.3239771607186,3e3e5631944ec7d9d81a7c8ca0c3b5998ad044b3,1396573
autoland,4768729,12,95f51e857a45cd76f1766c14d6bed804857cd27b,windows10-64-shippable-qr,True,False,,,102210fe594ee9b33d82058545b1ed14f4c8206e,custom.jsdebugger.open.DAMP,damp,True,damp custom.jsdebugger.open.DAMP opt e10s fission stylo webrender,4768565,77,ms,firefox,451848965,1862312324,2024-03-22T05:34:14,699.14025004016,5d6efea5e0bbc9c3cb2231d09450c2c7dd045122,1397066
autoland,4768729,12,95f51e857a45cd76f1766c14d6bed804857cd27b,windows10-64-shippable-qr,True,False,,,102210fe594ee9b33d82058545b1ed14f4c8206e,custom.jsdebugger.open.DAMP,damp,True,damp custom.jsdebugger.open.DAMP opt e10s fission stylo webrender,4768565,77,ms,firefox,451878338,1862476627,2024-03-22T10:08:21,704.3093608474883,48b19f0a3ca9e2d02e502182cb41095a870c3c30,1397249
autoland,4768729,12,95f51e857a45cd76f1766c14d6bed804857cd27b,windows10-64-shippable-qr,True,False,,,102210fe594ee9b33d82058545b1ed14f4c8206e,custom.jsdebugger.open.DAMP,damp,True,damp custom.jsdebugger.open.DAMP opt e10s fission stylo webrender,4768565,77,ms,firefox,451912586,1862594735,2024-03-22T13:22:55,699.3120420796113,640f274ba8d721083e3a62631c1c96e652d0965c,1397337
autoland,4768729,12,95f51e857a45cd76f1766c14d6bed804857cd27b,windows10-64-shippable-qr,True,False,,,102210fe594ee9b33d82058545b1ed14f4c8206e,custom.jsdebugger.open.DAMP,damp,True,damp custom.jsdebugger.open.DAMP opt e10s fission stylo webrender,4768565,77,ms,firefox,451951425,1862738001,2024-03-22T17:28:16,719.173242738907,d12a19660d53686074475ffbbed160cc788ebe05,1397524
autoland,4768729,12,95f51e857a45cd76f1766c14d6bed804857cd27b,windows10-64-shippable-qr,True,False,,,102210fe594ee9b33d82058545b1ed14f4c8206e,custom.jsdebugger.open.DAMP,damp,True,damp custom.jsdebugger.open.DAMP opt e10s fission stylo webrender,4768565,77,ms,firefox,451972865,1862833503,2024-03-22T22:43:04,697.6708782641799,a008405a9171acdb92d2997564e16713185f054f,1397682
autoland,4768729,12,95f51e857a45cd76f1766c14d6bed804857cd27b,windows10-64-shippable-qr,True,False,,,102210fe594ee9b33d82058545b1ed14f4c8206e,custom.jsdebugger.open.DAMP,damp,True,damp custom.jsdebugger.open.DAMP opt e10s fission stylo webrender,4768565,77,ms,firefox,451985233,1862924113,2024-03-23T04:11:22,694.6456414471468,341c752f9f931ed8ca1220eb7006bdfcd026038e,1397768
autoland,4768729,12,95f51e857a45cd76f1766c14d6bed804857cd27b,windows10-64-shippable-qr,True,False,,,102210fe594ee9b33d82058545b1ed14f4c8206e,custom.jsdebugger.open.DAMP,damp,True,damp custom.jsdebugger.open.DAMP opt e10s fission stylo webrender,4768565,77,ms,firefox,452000088,1862990000,2024-03-23T08:45:37,696.1672986462991,7575296d6781e483bc76a289f68623eb548baac4,1397819
autoland,4768729,12,95f51e857a45cd76f1766c14d6bed804857cd27b,windows10-64-shippable-qr,True,False,,,102210fe594ee9b33d82058545b1ed14f4c8206e,custom.jsdebugger.open.DAMP,damp,True,damp custom.jsdebugger.open.DAMP opt e10s fission stylo webrender,4768565,77,ms,firefox,452019082,1863051295,2024-03-23T13:51:59,699.9784277590952,47e43ed2bb6cad873900cd00ccf834a51f3dfe83,1397843
autoland,4768729,12,95f51e857a45cd76f1766c14d6bed804857cd27b,windows10-64-shippable-qr,True,False,,,102210fe594ee9b33d82058545b1ed14f4c8206e,custom.jsdebugger.open.DAMP,damp,True,damp custom.jsdebugger.open.DAMP opt e10s fission stylo webrender,4768565,77,ms,firefox,452029182,1863091076,2024-03-23T18:44:13,701.5507117313246,69c342123c6fdb9190169823dd12a42a77559b9f,1397871
autoland,4768729,12,95f51e857a45cd76f1766c14d6bed804857cd27b,windows10-64-shippable-qr,True,False,,,102210fe594ee9b33d82058545b1ed14f4c8206e,custom.jsdebugger.open.DAMP,damp,True,damp custom.jsdebugger.open.DAMP opt e10s fission stylo webrender,4768565,77,ms,firefox,452047310,1863161634,2024-03-24T00:54:50,703.1549093282283,c43bc8bba8a808b2f5005002f96936afa3697b34,1397899
autoland,4768729,12,95f51e857a45cd76f1766c14d6bed804857cd27b,windows10-64-shippable-qr,True,False,,,102210fe594ee9b33d82058545b1ed14f4c8206e,custom.jsdebugger.open.DAMP,damp,True,damp custom.jsdebugger.open.DAMP opt e10s fission stylo webrender,4768565,77,ms,firefox,452054033,1863224595,2024-03-24T07:02:41,702.0705262331412,fa1b327e74e89e08f7fff24dbb35f11e48736aab,1397916
autoland,4768729,12,95f51e857a45cd76f1766c14d6bed804857cd27b,windows10-64-shippable-qr,True,False,,,102210fe594ee9b33d82058545b1ed14f4c8206e,custom.jsdebugger.open.DAMP,damp,True,damp custom.jsdebugger.open.DAMP opt e10s fission stylo webrender,4768565,77,ms,firefox,452077673,1863303336,2024-03-24T11:13:54,694.1793420864706,f0597fea22797603c0e45ec1c43433afa5ed6dcd,1397937
autoland,4768729,12,95f51e857a45cd76f1766c14d6bed804857cd27b,windows10-64-shippable-qr,True,False,,,102210fe594ee9b33d82058545b1ed14f4c8206e,custom.jsdebugger.open.DAMP,damp,True,damp custom.jsdebugger.open.DAMP opt e10s fission stylo webrender,4768565,77,ms,firefox,452092766,1863357069,2024-03-24T18:59:17,698.7307530830949,6ec4249c788c48dc30dfb8737228af711e49fde2,1397954
autoland,4768729,12,95f51e857a45cd76f1766c14d6bed804857cd27b,windows10-64-shippable-qr,True,False,,,102210fe594ee9b33d82058545b1ed14f4c8206e,custom.jsdebugger.open.DAMP,damp,True,damp custom.jsdebugger.open.DAMP opt e10s fission stylo webrender,4768565,77,ms,firefox,452107136,1863411339,2024-03-24T23:02:44,698.5791661091644,f16b84d2aab6142f8b4fd6de574e96c2f551ebc7,1397973
autoland,4768729,12,95f51e857a45cd76f1766c14d6bed804857cd27b,windows10-64-shippable-qr,True,False,,,102210fe594ee9b33d82058545b1ed14f4c8206e,custom.jsdebugger.open.DAMP,damp,True,damp custom.jsdebugger.open.DAMP opt e10s fission stylo webrender,4768565,77,ms,firefox,452116040,1863461942,2024-03-25T03:31:22,694.4069167727712,19d905446a32ebc5b281e61c8ee49718ee784a25,1397989
autoland,4768729,12,95f51e857a45cd76f1766c14d6bed804857cd27b,windows10-64-shippable-qr,True,False,,,102210fe594ee9b33d82058545b1ed14f4c8206e,custom.jsdebugger.open.DAMP,damp,True,damp custom.jsdebugger.open.DAMP opt e10s fission stylo webrender,4768565,77,ms,firefox,452136986,1863554289,2024-03-25T08:43:58,697.3195789723832,db7773c959d542b2327b7158f769c657e46e2992,1398035
autoland,4768729,12,95f51e857a45cd76f1766c14d6bed804857cd27b,windows10-64-shippable-qr,True,False,,,102210fe594ee9b33d82058545b1ed14f4c8206e,custom.jsdebugger.open.DAMP,damp,True,damp custom.jsdebugger.open.DAMP opt e10s fission stylo webrender,4768565,77,ms,firefox,452139764,1863581376,2024-03-25T09:25:18,699.8860287805437,71c813e27dff32e4664eb9116e60097837485bfb,1398057
autoland,4768729,12,95f51e857a45cd76f1766c14d6bed804857cd27b,windows10-64-shippable-qr,True,False,,,102210fe594ee9b33d82058545b1ed14f4c8206e,custom.jsdebugger.open.DAMP,damp,True,damp custom.jsdebugger.open.DAMP opt e10s fission stylo webrender,4768565,77,ms,firefox,452193138,1863750602,2024-03-25T13:40:37,700.7600129297198,5969005dae85cc8ac486b2f0bdbb7454b660f252,1398214
autoland,4768729,12,95f51e857a45cd76f1766c14d6bed804857cd27b,windows10-64-shippable-qr,True,False,,,102210fe594ee9b33d82058545b1ed14f4c8206e,custom.jsdebugger.open.DAMP,damp,True,damp custom.jsdebugger.open.DAMP opt e10s fission stylo webrender,4768565,77,ms,firefox,452193857,1863757155,2024-03-25T14:05:55,699.2799567188922,19dcff1ee3fcbb431110e0639c80a3ba51ee0a34,1398235
autoland,4768729,12,95f51e857a45cd76f1766c14d6bed804857cd27b,windows10-64-shippable-qr,True,False,,,102210fe594ee9b33d82058545b1ed14f4c8206e,custom.jsdebugger.open.DAMP,damp,True,damp custom.jsdebugger.open.DAMP opt e10s fission stylo webrender,4768565,77,ms,firefox,452220192,1863911750,2024-03-25T17:00:38,699.0527312483318,9b5934ed0d6138133e3cab84d859a8e38bd43683,1398374
autoland,4768729,12,95f51e857a45cd76f1766c14d6bed804857cd27b,windows10-64-shippable-qr,True,False,,,102210fe594ee9b33d82058545b1ed14f4c8206e,custom.jsdebugger.open.DAMP,damp,True,damp custom.jsdebugger.open.DAMP opt e10s fission stylo webrender,4768565,77,ms,firefox,452241535,1864002776,2024-03-25T20:16:40,698.2802611471561,05ef22f3485b9acca72235e56c8e11abea982310,1398545
autoland,4768729,12,95f51e857a45cd76f1766c14d6bed804857cd27b,windows10-64-shippable-qr,True,False,,,102210fe594ee9b33d82058545b1ed14f4c8206e,custom.jsdebugger.open.DAMP,damp,True,damp custom.jsdebugger.open.DAMP opt e10s fission stylo webrender,4768565,77,ms,firefox,452274075,1864102619,2024-03-26T00:18:31,701.5833751750615,af6fe1ffacb6272ced1d27e874f376c671a19461,1398725
autoland,4768729,12,95f51e857a45cd76f1766c14d6bed804857cd27b,windows10-64-shippable-qr,True,False,,,102210fe594ee9b33d82058545b1ed14f4c8206e,custom.jsdebugger.open.DAMP,damp,True,damp custom.jsdebugger.open.DAMP opt e10s fission stylo webrender,4768565,77,ms,firefox,452284444,1864125908,2024-03-26T01:24:19,695.9440063433431,f0c093accca57074b185d7b3a5a76937ae8c57ed,1398741
autoland,4768729,12,95f51e857a45cd76f1766c14d6bed804857cd27b,windows10-64-shippable-qr,True,False,,,102210fe594ee9b33d82058545b1ed14f4c8206e,custom.jsdebugger.open.DAMP,damp,True,damp custom.jsdebugger.open.DAMP opt e10s fission stylo webrender,4768565,77,ms,firefox,452305464,1864258416,2024-03-26T06:19:49,699.8520661080693,f76227b1c05f51b70e7d261e993b5cfa5fd8ee70,1398803
autoland,4768729,12,95f51e857a45cd76f1766c14d6bed804857cd27b,windows10-64-shippable-qr,True,False,,,102210fe594ee9b33d82058545b1ed14f4c8206e,custom.jsdebugger.open.DAMP,damp,True,damp custom.jsdebugger.open.DAMP opt e10s fission stylo webrender,4768565,77,ms,firefox,452321001,1864314188,2024-03-26T09:05:54,697.7643398935325,e02aed8fb19856047df1d2cb7de887404e2b6956,1398850
autoland,4768729,12,95f51e857a45cd76f1766c14d6bed804857cd27b,windows10-64-shippable-qr,True,False,,,102210fe594ee9b33d82058545b1ed14f4c8206e,custom.jsdebugger.open.DAMP,damp,True,damp custom.jsdebugger.open.DAMP opt e10s fission stylo webrender,4768565,77,ms,firefox,452350584,1864423507,2024-03-26T12:57:56,716.9076937990612,8bfc3595e66f8c45af3a35d0489015d7522799d3,1398965
autoland,4768729,12,95f51e857a45cd76f1766c14d6bed804857cd27b,windows10-64-shippable-qr,True,False,,,102210fe594ee9b33d82058545b1ed14f4c8206e,custom.jsdebugger.open.DAMP,damp,True,damp custom.jsdebugger.open.DAMP opt e10s fission stylo webrender,4768565,77,ms,firefox,452384772,1864539522,2024-03-26T16:59:38,696.1260708055052,a95909edf99f57b3e1ff98f748fd9e2ff57447da,1399161
autoland,4768729,12,95f51e857a45cd76f1766c14d6bed804857cd27b,windows10-64-shippable-qr,True,False,,,102210fe594ee9b33d82058545b1ed14f4c8206e,custom.jsdebugger.open.DAMP,damp,True,damp custom.jsdebugger.open.DAMP opt e10s fission stylo webrender,4768565,77,ms,firefox,452396993,1864587446,2024-03-26T17:44:32,717.3252637568585,a93eeb987e4a1e533ac94ec0d1703c6f9b52b9ef,1399196
autoland,4768729,12,95f51e857a45cd76f1766c14d6bed804857cd27b,windows10-64-shippable-qr,True,False,,,102210fe594ee9b33d82058545b1ed14f4c8206e,custom.jsdebugger.open.DAMP,damp,True,damp custom.jsdebugger.open.DAMP opt e10s fission stylo webrender,4768565,77,ms,firefox,452406367,1864632404,2024-03-26T19:19:03,695.4147320174379,dfd96ba0e09153e6f98c22d8adcaf944059434ac,1399261
autoland,4768729,12,95f51e857a45cd76f1766c14d6bed804857cd27b,windows10-64-shippable-qr,True,False,,,102210fe594ee9b33d82058545b1ed14f4c8206e,custom.jsdebugger.open.DAMP,damp,True,damp custom.jsdebugger.open.DAMP opt e10s fission stylo webrender,4768565,77,ms,firefox,452438392,1864764652,2024-03-26T22:59:31,696.2016394254024,babb5943701ffb0ddb6991106d28f73ad2061bb6,1399480
autoland,4768729,12,95f51e857a45cd76f1766c14d6bed804857cd27b,windows10-64-shippable-qr,True,False,,,102210fe594ee9b33d82058545b1ed14f4c8206e,custom.jsdebugger.open.DAMP,damp,True,damp custom.jsdebugger.open.DAMP opt e10s fission stylo webrender,4768565,77,ms,firefox,452464178,1864935491,2024-03-27T06:25:00,699.0432766366866,1e79b6199559c2d8acfccdb5e9d5bc62033e6c15,1399622
autoland,4768729,12,95f51e857a45cd76f1766c14d6bed804857cd27b,windows10-64-shippable-qr,True,False,,,102210fe594ee9b33d82058545b1ed14f4c8206e,custom.jsdebugger.open.DAMP,damp,True,damp custom.jsdebugger.open.DAMP opt e10s fission stylo webrender,4768565,77,ms,firefox,452497597,1865068249,2024-03-27T09:31:11,701.96341659475,7f2993771f48536c575137e4b51984ab6d3de136,1399694
autoland,4768729,12,95f51e857a45cd76f1766c14d6bed804857cd27b,windows10-64-shippable-qr,True,False,,,102210fe594ee9b33d82058545b1ed14f4c8206e,custom.jsdebugger.open.DAMP,damp,True,damp custom.jsdebugger.open.DAMP opt e10s fission stylo webrender,4768565,77,ms,firefox,452537047,1865241704,2024-03-27T13:38:48,698.6930380124977,bc7ca80e302a788b0c3cc63cb148c628351b4946,1399827
autoland,4768729,12,95f51e857a45cd76f1766c14d6bed804857cd27b,windows10-64-shippable-qr,True,False,,,102210fe594ee9b33d82058545b1ed14f4c8206e,custom.jsdebugger.open.DAMP,damp,True,damp custom.jsdebugger.open.DAMP opt e10s fission stylo webrender,4768565,77,ms,firefox,452554292,1865324620,2024-03-27T15:45:41,696.2648228291946,f8ac03b3c764017d5704deed413c8d35c99978fd,1399897
autoland,4768729,12,95f51e857a45cd76f1766c14d6bed804857cd27b,windows10-64-shippable-qr,True,False,,,102210fe594ee9b33d82058545b1ed14f4c8206e,custom.jsdebugger.open.DAMP,damp,True,damp custom.jsdebugger.open.DAMP opt e10s fission stylo webrender,4768565,77,ms,firefox,452565659,1865383349,2024-03-27T17:44:07,693.7584885231845,5937312af5ae37b411939c2dcddbf6072d8d9cfc,1400012
autoland,4768729,12,95f51e857a45cd76f1766c14d6bed804857cd27b,windows10-64-shippable-qr,True,False,,,102210fe594ee9b33d82058545b1ed14f4c8206e,custom.jsdebugger.open.DAMP,damp,True,damp custom.jsdebugger.open.DAMP opt e10s fission stylo webrender,4768565,77,ms,firefox,452621427,1865541862,2024-03-28T01:10:01,698.7156315909233,b1cc62489fae8d475f67dec2d9abdf69e2d47614,1400291
autoland,4768729,12,95f51e857a45cd76f1766c14d6bed804857cd27b,windows10-64-shippable-qr,True,False,,,102210fe594ee9b33d82058545b1ed14f4c8206e,custom.jsdebugger.open.DAMP,damp,True,damp custom.jsdebugger.open.DAMP opt e10s fission stylo webrender,4768565,77,ms,firefox,452661709,1865694405,2024-03-28T09:47:39,701.2340230318296,1e7411c6b6399b5f5595f99e8d08576e473af625,1400442
autoland,4768729,12,95f51e857a45cd76f1766c14d6bed804857cd27b,windows10-64-shippable-qr,True,False,,,102210fe594ee9b33d82058545b1ed14f4c8206e,custom.jsdebugger.open.DAMP,damp,True,damp custom.jsdebugger.open.DAMP opt e10s fission stylo webrender,4768565,77,ms,firefox,452665460,1865702065,2024-03-28T10:32:02,702.2607542241603,55aaac6352fb1fbc44f600408b2bd5a63b4ae440,1400466
autoland,4768729,12,95f51e857a45cd76f1766c14d6bed804857cd27b,windows10-64-shippable-qr,True,False,,,102210fe594ee9b33d82058545b1ed14f4c8206e,custom.jsdebugger.open.DAMP,damp,True,damp custom.jsdebugger.open.DAMP opt e10s fission stylo webrender,4768565,77,ms,firefox,452705825,1865860769,2024-03-28T14:53:03,699.7143042437929,1c98db62bb1a20d26f812d28d86672158450e71c,1400606
autoland,4768729,12,95f51e857a45cd76f1766c14d6bed804857cd27b,windows10-64-shippable-qr,True,False,,,102210fe594ee9b33d82058545b1ed14f4c8206e,custom.jsdebugger.open.DAMP,damp,True,damp custom.jsdebugger.open.DAMP opt e10s fission stylo webrender,4768565,77,ms,firefox,452700208,1865833027,2024-03-28T15:08:02,701.8199877802672,2b1a58a2fa54e47a357b20bda28512cebd79f732,1400620
autoland,4768729,12,95f51e857a45cd76f1766c14d6bed804857cd27b,windows10-64-shippable-qr,True,False,,,102210fe594ee9b33d82058545b1ed14f4c8206e,custom.jsdebugger.open.DAMP,damp,True,damp custom.jsdebugger.open.DAMP opt e10s fission stylo webrender,4768565,77,ms,firefox,452736446,1865980506,2024-03-28T19:06:21,692.8687115894281,b9f38a3edd45f19c8f1f0e6f96e11dea269f3399,1400789
autoland,4768729,12,95f51e857a45cd76f1766c14d6bed804857cd27b,windows10-64-shippable-qr,True,False,,,102210fe594ee9b33d82058545b1ed14f4c8206e,custom.jsdebugger.open.DAMP,damp,True,damp custom.jsdebugger.open.DAMP opt e10s fission stylo webrender,4768565,77,ms,firefox,452759383,1866067711,2024-03-28T23:11:00,696.1553585228112,8b46ddebfb7e99c2dd8d13182e11398381eda976,1400928
autoland,4768729,12,95f51e857a45cd76f1766c14d6bed804857cd27b,windows10-64-shippable-qr,True,False,,,102210fe594ee9b33d82058545b1ed14f4c8206e,custom.jsdebugger.open.DAMP,damp,True,damp custom.jsdebugger.open.DAMP opt e10s fission stylo webrender,4768565,77,ms,firefox,452762583,1866085211,2024-03-29T00:03:22,698.8244490031211,28b4eaeb70285be21ee6612c4e891e41c7949b68,1400956
autoland,4768729,12,95f51e857a45cd76f1766c14d6bed804857cd27b,windows10-64-shippable-qr,True,False,,,102210fe594ee9b33d82058545b1ed14f4c8206e,custom.jsdebugger.open.DAMP,damp,True,damp custom.jsdebugger.open.DAMP opt e10s fission stylo webrender,4768565,77,ms,firefox,452777378,1866162687,2024-03-29T04:27:46,694.4840865252854,4120fb3d12f57159ca2e6809f555312e00adda5d,1401028
autoland,4768729,12,95f51e857a45cd76f1766c14d6bed804857cd27b,windows10-64-shippable-qr,True,False,,,102210fe594ee9b33d82058545b1ed14f4c8206e,custom.jsdebugger.open.DAMP,damp,True,damp custom.jsdebugger.open.DAMP opt e10s fission stylo webrender,4768565,77,ms,firefox,452828118,1866363968,2024-03-29T12:22:16,710.0148992126997,39124d8575b2fb025ca7fd37b91e052f28e88e67,1401116
autoland,4768729,12,95f51e857a45cd76f1766c14d6bed804857cd27b,windows10-64-shippable-qr,True,False,,,102210fe594ee9b33d82058545b1ed14f4c8206e,custom.jsdebugger.open.DAMP,damp,True,damp custom.jsdebugger.open.DAMP opt e10s fission stylo webrender,4768565,77,ms,firefox,452852589,1866433451,2024-03-29T16:11:04,706.8480058436398,33becba24b3c497daf0c1180e5c659ed3cc9028c,1401211
autoland,4768729,12,95f51e857a45cd76f1766c14d6bed804857cd27b,windows10-64-shippable-qr,True,False,,,102210fe594ee9b33d82058545b1ed14f4c8206e,custom.jsdebugger.open.DAMP,damp,True,damp custom.jsdebugger.open.DAMP opt e10s fission stylo webrender,4768565,77,ms,firefox,452880089,1866561822,2024-03-29T20:24:43,692.8071032965527,dd4f0b5931701d3aa7f7ed94fd3ba8c45816316c,1401326
autoland,4768729,12,95f51e857a45cd76f1766c14d6bed804857cd27b,windows10-64-shippable-qr,True,False,,,102210fe594ee9b33d82058545b1ed14f4c8206e,custom.jsdebugger.open.DAMP,damp,True,damp custom.jsdebugger.open.DAMP opt e10s fission stylo webrender,4768565,77,ms,firefox,452901356,1866686238,2024-03-30T04:38:25,694.4824556582971,2fe1ab05c8fa00d73df88b20df9bc87301a46d46,1401437
autoland,4768729,12,95f51e857a45cd76f1766c14d6bed804857cd27b,windows10-64-shippable-qr,True,False,,,102210fe594ee9b33d82058545b1ed14f4c8206e,custom.jsdebugger.open.DAMP,damp,True,damp custom.jsdebugger.open.DAMP opt e10s fission stylo webrender,4768565,77,ms,firefox,452934915,1866820623,2024-03-30T16:23:17,696.7228250926273,dea770591ed30035f88966bbf45cbbcc6557cdcc,1401476
autoland,4768729,12,95f51e857a45cd76f1766c14d6bed804857cd27b,windows10-64-shippable-qr,True,False,,,102210fe594ee9b33d82058545b1ed14f4c8206e,custom.jsdebugger.open.DAMP,damp,True,damp custom.jsdebugger.open.DAMP opt e10s fission stylo webrender,4768565,77,ms,firefox,452939598,1866843699,2024-03-30T17:37:54,696.279774501585,d7916bbe3cb4118dd9464ef3af064b13b3b0d0c4,1401479
autoland,4768729,12,95f51e857a45cd76f1766c14d6bed804857cd27b,windows10-64-shippable-qr,True,False,,,102210fe594ee9b33d82058545b1ed14f4c8206e,custom.jsdebugger.open.DAMP,damp,True,damp custom.jsdebugger.open.DAMP opt e10s fission stylo webrender,4768565,77,ms,firefox,452966917,1866936568,2024-03-31T07:04:36,692.1181601838307,579426b2f39c365731042d79d87533ac3f616461,1401509
autoland,4768729,12,95f51e857a45cd76f1766c14d6bed804857cd27b,windows10-64-shippable-qr,True,False,,,102210fe594ee9b33d82058545b1ed14f4c8206e,custom.jsdebugger.open.DAMP,damp,True,damp custom.jsdebugger.open.DAMP opt e10s fission stylo webrender,4768565,77,ms,firefox,452989926,1867022212,2024-03-31T14:47:20,698.8923063900147,dfc3fd176c4fcd62b5a28dcfedea3c509f24ebf5,1401533
autoland,4768729,12,95f51e857a45cd76f1766c14d6bed804857cd27b,windows10-64-shippable-qr,True,False,,,102210fe594ee9b33d82058545b1ed14f4c8206e,custom.jsdebugger.open.DAMP,damp,True,damp custom.jsdebugger.open.DAMP opt e10s fission stylo webrender,4768565,77,ms,firefox,452994816,1867048285,2024-03-31T19:03:22,696.5472397203121,334eacacff83840ceed0bb2077c0a2a527e491a5,1401545
autoland,4768729,12,95f51e857a45cd76f1766c14d6bed804857cd27b,windows10-64-shippable-qr,True,False,,,102210fe594ee9b33d82058545b1ed14f4c8206e,custom.jsdebugger.open.DAMP,damp,True,damp custom.jsdebugger.open.DAMP opt e10s fission stylo webrender,4768565,77,ms,firefox,453014909,1867126538,2024-04-01T07:03:36,696.8108836348474,5d97e037b69610f99c35f4bbd65d27bafc5605fc,1401600
autoland,4768729,12,95f51e857a45cd76f1766c14d6bed804857cd27b,windows10-64-shippable-qr,True,False,,,102210fe594ee9b33d82058545b1ed14f4c8206e,custom.jsdebugger.open.DAMP,damp,True,damp custom.jsdebugger.open.DAMP opt e10s fission stylo webrender,4768565,77,ms,firefox,453043253,1867213723,2024-04-01T11:30:18,695.6714815171326,9546c05d8f57091e5d3e12129a49f11b8b027da7,1401661
autoland,4768729,12,95f51e857a45cd76f1766c14d6bed804857cd27b,windows10-64-shippable-qr,True,False,,,102210fe594ee9b33d82058545b1ed14f4c8206e,custom.jsdebugger.open.DAMP,damp,True,damp custom.jsdebugger.open.DAMP opt e10s fission stylo webrender,4768565,77,ms,firefox,453069721,1867259300,2024-04-01T13:16:41,697.1257641185148,26157b52a8c30d72d8e065cc4a8286633ee85b63,1401687
autoland,4768729,12,95f51e857a45cd76f1766c14d6bed804857cd27b,windows10-64-shippable-qr,True,False,,,102210fe594ee9b33d82058545b1ed14f4c8206e,custom.jsdebugger.open.DAMP,damp,True,damp custom.jsdebugger.open.DAMP opt e10s fission stylo webrender,4768565,77,ms,firefox,453089682,1867345094,2024-04-01T17:19:53,711.1551051476199,cdd16ab5df10333f1a1eb637ecf2692e15271d17,1401785
autoland,4768729,12,95f51e857a45cd76f1766c14d6bed804857cd27b,windows10-64-shippable-qr,True,False,,,102210fe594ee9b33d82058545b1ed14f4c8206e,custom.jsdebugger.open.DAMP,damp,True,damp custom.jsdebugger.open.DAMP opt e10s fission stylo webrender,4768565,77,ms,firefox,453094322,1867369615,2024-04-01T18:19:29,701.754556631684,57354c5689ef8a5f598978d912570706445e1034,1401826
autoland,4768729,12,95f51e857a45cd76f1766c14d6bed804857cd27b,windows10-64-shippable-qr,True,False,,,102210fe594ee9b33d82058545b1ed14f4c8206e,custom.jsdebugger.open.DAMP,damp,True,damp custom.jsdebugger.open.DAMP opt e10s fission stylo webrender,4768565,77,ms,firefox,453137140,1867517395,2024-04-01T22:35:55,698.1357710032098,13111643fbf4557d26174a12b2cde1954182b0ab,1402004
autoland,4768729,12,95f51e857a45cd76f1766c14d6bed804857cd27b,windows10-64-shippable-qr,True,False,,,102210fe594ee9b33d82058545b1ed14f4c8206e,custom.jsdebugger.open.DAMP,damp,True,damp custom.jsdebugger.open.DAMP opt e10s fission stylo webrender,4768565,77,ms,firefox,453137013,1867516909,2024-04-01T22:39:43,696.3655161797069,e7ec5d35ae0d80f4a77b6705e1a393c637da672e,1402007
autoland,4768729,12,95f51e857a45cd76f1766c14d6bed804857cd27b,windows10-64-shippable-qr,True,False,,,102210fe594ee9b33d82058545b1ed14f4c8206e,custom.jsdebugger.open.DAMP,damp,True,damp custom.jsdebugger.open.DAMP opt e10s fission stylo webrender,4768565,77,ms,firefox,453149687,1867604612,2024-04-02T04:32:43,698.6160277408926,de086751acb845c252c37aab95a7e6b265df39a6,1402085
autoland,4768729,12,95f51e857a45cd76f1766c14d6bed804857cd27b,windows10-64-shippable-qr,True,False,,,102210fe594ee9b33d82058545b1ed14f4c8206e,custom.jsdebugger.open.DAMP,damp,True,damp custom.jsdebugger.open.DAMP opt e10s fission stylo webrender,4768565,77,ms,firefox,453172962,1867681480,2024-04-02T08:47:33,701.7579340332595,4df6842cb470c27ca949eaaa6d3a9b6b37d9c8fe,1402179
autoland,4768729,12,95f51e857a45cd76f1766c14d6bed804857cd27b,windows10-64-shippable-qr,True,False,,,102210fe594ee9b33d82058545b1ed14f4c8206e,custom.jsdebugger.open.DAMP,damp,True,damp custom.jsdebugger.open.DAMP opt e10s fission stylo webrender,4768565,77,ms,firefox,453174269,1867690765,2024-04-02T08:57:49,701.8002953217801,52bb75377d06cfb305446ca966c7526c9c9729c7,1402180
autoland,4768729,12,95f51e857a45cd76f1766c14d6bed804857cd27b,windows10-64-shippable-qr,True,False,,,102210fe594ee9b33d82058545b1ed14f4c8206e,custom.jsdebugger.open.DAMP,damp,True,damp custom.jsdebugger.open.DAMP opt e10s fission stylo webrender,4768565,77,ms,firefox,453216714,1867876505,2024-04-02T13:00:14,706.7010207230342,1eb7fb5dab3b7003052fa7fa8e85566bd5fa2a73,1402287
autoland,4768729,12,95f51e857a45cd76f1766c14d6bed804857cd27b,windows10-64-shippable-qr,True,False,,,102210fe594ee9b33d82058545b1ed14f4c8206e,custom.jsdebugger.open.DAMP,damp,True,damp custom.jsdebugger.open.DAMP opt e10s fission stylo webrender,4768565,77,ms,firefox,453217248,1867884596,2024-04-02T13:21:01,703.4947443155252,083657141f799bed9b0e401403d144e76c1f3c63,1402293
autoland,4768729,12,95f51e857a45cd76f1766c14d6bed804857cd27b,windows10-64-shippable-qr,True,False,,,102210fe594ee9b33d82058545b1ed14f4c8206e,custom.jsdebugger.open.DAMP,damp,True,damp custom.jsdebugger.open.DAMP opt e10s fission stylo webrender,4768565,77,ms,firefox,453240814,1867972419,2024-04-02T16:51:17,698.5259206340043,b1212fb9438edc5930a3e8228dd52ff3c068031c,1402473
autoland,4768729,12,95f51e857a45cd76f1766c14d6bed804857cd27b,windows10-64-shippable-qr,True,False,,,102210fe594ee9b33d82058545b1ed14f4c8206e,custom.jsdebugger.open.DAMP,damp,True,damp custom.jsdebugger.open.DAMP opt e10s fission stylo webrender,4768565,77,ms,firefox,453263542,1868060130,2024-04-02T20:58:38,703.2398319412023,96cda2b1a568a48c3d201417fa49e8fc852ef641,1402671
autoland,4768729,12,95f51e857a45cd76f1766c14d6bed804857cd27b,windows10-64-shippable-qr,True,False,,,102210fe594ee9b33d82058545b1ed14f4c8206e,custom.jsdebugger.open.DAMP,damp,True,damp custom.jsdebugger.open.DAMP opt e10s fission stylo webrender,4768565,77,ms,firefox,453301369,1868226649,2024-04-03T06:21:18,699.5974320850219,c720e2e99bf375c24b09c0a1415f15ba911c56ce,1402898
autoland,4768729,12,95f51e857a45cd76f1766c14d6bed804857cd27b,windows10-64-shippable-qr,True,False,,,102210fe594ee9b33d82058545b1ed14f4c8206e,custom.jsdebugger.open.DAMP,damp,True,damp custom.jsdebugger.open.DAMP opt e10s fission stylo webrender,4768565,77,ms,firefox,453310297,1868269987,2024-04-03T08:00:33,700.6070618513622,8c92b17c7b2805a83d5a80fa103b82ae132d8320,1402944
autoland,4768729,12,95f51e857a45cd76f1766c14d6bed804857cd27b,windows10-64-shippable-qr,True,False,,,102210fe594ee9b33d82058545b1ed14f4c8206e,custom.jsdebugger.open.DAMP,damp,True,damp custom.jsdebugger.open.DAMP opt e10s fission stylo webrender,4768565,77,ms,firefox,453347703,1868360689,2024-04-03T12:19:12,712.4835733473592,81ea9950a766d85ced5d1db992689422649c3b26,1403087
autoland,4768729,12,95f51e857a45cd76f1766c14d6bed804857cd27b,windows10-64-shippable-qr,True,False,,,102210fe594ee9b33d82058545b1ed14f4c8206e,custom.jsdebugger.open.DAMP,damp,True,damp custom.jsdebugger.open.DAMP opt e10s fission stylo webrender,4768565,77,ms,firefox,453401559,1868552961,2024-04-03T19:17:19,697.5916889443606,26f475fb8d5ae5cb0b3bd5fb9d77aa7fc2df2665,1403406
autoland,4768729,12,95f51e857a45cd76f1766c14d6bed804857cd27b,windows10-64-shippable-qr,True,False,,,102210fe594ee9b33d82058545b1ed14f4c8206e,custom.jsdebugger.open.DAMP,damp,True,damp custom.jsdebugger.open.DAMP opt e10s fission stylo webrender,4768565,77,ms,firefox,453451844,1868724395,2024-04-04T04:04:35,704.7557623883476,f2360b4c9b8a110f0b1c40841a767a47da5b85be,1403674
autoland,4768729,12,95f51e857a45cd76f1766c14d6bed804857cd27b,windows10-64-shippable-qr,True,False,,,102210fe594ee9b33d82058545b1ed14f4c8206e,custom.jsdebugger.open.DAMP,damp,True,damp custom.jsdebugger.open.DAMP opt e10s fission stylo webrender,4768565,77,ms,firefox,453475509,1868843882,2024-04-04T08:28:09,706.0058654750028,08ea8edc42ee204a4f50aae52417198c7a11d742,1403757
autoland,4768729,12,95f51e857a45cd76f1766c14d6bed804857cd27b,windows10-64-shippable-qr,True,False,,,102210fe594ee9b33d82058545b1ed14f4c8206e,custom.jsdebugger.open.DAMP,damp,True,damp custom.jsdebugger.open.DAMP opt e10s fission stylo webrender,4768565,77,ms,firefox,453512023,1869014561,2024-04-04T12:29:27,694.998143149518,a260c2683052c9aa36748f1ded4e99c0d2bcf63e,1403877
autoland,4768729,12,95f51e857a45cd76f1766c14d6bed804857cd27b,windows10-64-shippable-qr,True,False,,,102210fe594ee9b33d82058545b1ed14f4c8206e,custom.jsdebugger.open.DAMP,damp,True,damp custom.jsdebugger.open.DAMP opt e10s fission stylo webrender,4768565,77,ms,firefox,453535341,1869109971,2024-04-04T15:41:47,695.5119452992949,e633b6ff34e81c89b87f1d4e3b18fcae399b3d37,1404042
autoland,4768729,12,95f51e857a45cd76f1766c14d6bed804857cd27b,windows10-64-shippable-qr,True,False,,,102210fe594ee9b33d82058545b1ed14f4c8206e,custom.jsdebugger.open.DAMP,damp,True,damp custom.jsdebugger.open.DAMP opt e10s fission stylo webrender,4768565,77,ms,firefox,453547852,1869167438,2024-04-04T17:55:39,698.7566922723636,2b8e4c563c2fa403003707729e7fd66dd5909763,1404131
autoland,4768729,12,95f51e857a45cd76f1766c14d6bed804857cd27b,windows10-64-shippable-qr,True,False,,,102210fe594ee9b33d82058545b1ed14f4c8206e,custom.jsdebugger.open.DAMP,damp,True,damp custom.jsdebugger.open.DAMP opt e10s fission stylo webrender,4768565,77,ms,firefox,453577171,1869273267,2024-04-04T22:08:58,697.4530087121684,7689f9c266fcdf019b8bea308bf5569885d72ed3,1404331
autoland,4768729,12,95f51e857a45cd76f1766c14d6bed804857cd27b,windows10-64-shippable-qr,True,False,,,102210fe594ee9b33d82058545b1ed14f4c8206e,custom.jsdebugger.open.DAMP,damp,True,damp custom.jsdebugger.open.DAMP opt e10s fission stylo webrender,4768565,77,ms,firefox,453584596,1869301372,2024-04-05T00:24:01,713.0656664229473,8600529acb2a250f255ea4d80486fecb2b7dc31b,1404399
autoland,4768729,12,95f51e857a45cd76f1766c14d6bed804857cd27b,windows10-64-shippable-qr,True,False,,,102210fe594ee9b33d82058545b1ed14f4c8206e,custom.jsdebugger.open.DAMP,damp,True,damp custom.jsdebugger.open.DAMP opt e10s fission stylo webrender,4768565,77,ms,firefox,453599058,1869364865,2024-04-05T04:36:57,696.2741425025451,ea8ea972270ddb95f071f900f9199fb7ff95bb10,1404445
autoland,4768729,12,95f51e857a45cd76f1766c14d6bed804857cd27b,windows10-64-shippable-qr,True,False,,,102210fe594ee9b33d82058545b1ed14f4c8206e,custom.jsdebugger.open.DAMP,damp,True,damp custom.jsdebugger.open.DAMP opt e10s fission stylo webrender,4768565,77,ms,firefox,453621650,1869463457,2024-04-05T09:55:10,698.6031296122674,bb1591f8008a0b1f33fe132528ee339ab149082f,1404555
autoland,4768729,12,95f51e857a45cd76f1766c14d6bed804857cd27b,windows10-64-shippable-qr,True,False,,,102210fe594ee9b33d82058545b1ed14f4c8206e,custom.jsdebugger.open.DAMP,damp,True,damp custom.jsdebugger.open.DAMP opt e10s fission stylo webrender,4768565,77,ms,firefox,453655606,1869580329,2024-04-05T13:56:08,694.1842350663264,e25a9624d6d92e1a88da8b414e3ea781e4e25a07,1404693
autoland,4768729,12,95f51e857a45cd76f1766c14d6bed804857cd27b,windows10-64-shippable-qr,True,False,,,102210fe594ee9b33d82058545b1ed14f4c8206e,custom.jsdebugger.open.DAMP,damp,True,damp custom.jsdebugger.open.DAMP opt e10s fission stylo webrender,4768565,77,ms,firefox,453681221,1869685360,2024-04-05T18:34:00,694.7271913659206,c230ec8f9514326a6e5081ee8e2d677ccf10ab67,1404901
autoland,4768729,12,95f51e857a45cd76f1766c14d6bed804857cd27b,windows10-64-shippable-qr,True,False,,,102210fe594ee9b33d82058545b1ed14f4c8206e,custom.jsdebugger.open.DAMP,damp,True,damp custom.jsdebugger.open.DAMP opt e10s fission stylo webrender,4768565,77,ms,firefox,453700569,1869761168,2024-04-05T19:40:01,718.7475680037314,2168f88afb52aa0c93febc62156a315d08963dda,1404957
autoland,4768729,12,95f51e857a45cd76f1766c14d6bed804857cd27b,windows10-64-shippable-qr,True,False,,,102210fe594ee9b33d82058545b1ed14f4c8206e,custom.jsdebugger.open.DAMP,damp,True,damp custom.jsdebugger.open.DAMP opt e10s fission stylo webrender,4768565,77,ms,firefox,453711351,1869811230,2024-04-05T21:23:25,700.0964950486232,bcbab342eed82aec3d4dd40516bf07e1ee96e716,1405041
autoland,4768729,12,95f51e857a45cd76f1766c14d6bed804857cd27b,windows10-64-shippable-qr,True,False,,,102210fe594ee9b33d82058545b1ed14f4c8206e,custom.jsdebugger.open.DAMP,damp,True,damp custom.jsdebugger.open.DAMP opt e10s fission stylo webrender,4768565,77,ms,firefox,453729961,1869927375,2024-04-06T02:12:01,693.3080997279294,5695ee1969a8c3cddf47affcdc2358c67fa09729,1405161
autoland,4768729,12,95f51e857a45cd76f1766c14d6bed804857cd27b,windows10-64-shippable-qr,True,False,,,102210fe594ee9b33d82058545b1ed14f4c8206e,custom.jsdebugger.open.DAMP,damp,True,damp custom.jsdebugger.open.DAMP opt e10s fission stylo webrender,4768565,77,ms,firefox,453744745,1869999263,2024-04-06T08:07:05,695.0000785067095,9fc8fef3e3ad12973fa215fac0d8ce85b8476e0a,1405200
autoland,4768729,12,95f51e857a45cd76f1766c14d6bed804857cd27b,windows10-64-shippable-qr,True,False,,,102210fe594ee9b33d82058545b1ed14f4c8206e,custom.jsdebugger.open.DAMP,damp,True,damp custom.jsdebugger.open.DAMP opt e10s fission stylo webrender,4768565,77,ms,firefox,453769285,1870096913,2024-04-06T12:49:36,697.0366448827481,0f5a5f081afbca1abac9185c32c792b9c3550264,1405245
autoland,4768729,12,95f51e857a45cd76f1766c14d6bed804857cd27b,windows10-64-shippable-qr,True,False,,,102210fe594ee9b33d82058545b1ed14f4c8206e,custom.jsdebugger.open.DAMP,damp,True,damp custom.jsdebugger.open.DAMP opt e10s fission stylo webrender,4768565,77,ms,firefox,453780481,1870149269,2024-04-06T19:13:32,693.0803259047898,3719e5d315bba4fd2d01a2bb964ff7d7c6521282,1405288
autoland,4768729,12,95f51e857a45cd76f1766c14d6bed804857cd27b,windows10-64-shippable-qr,True,False,,,102210fe594ee9b33d82058545b1ed14f4c8206e,custom.jsdebugger.open.DAMP,damp,True,damp custom.jsdebugger.open.DAMP opt e10s fission stylo webrender,4768565,77,ms,firefox,453796005,1870207707,2024-04-07T00:18:02,694.8554484752822,7362d727c60c8a1b15c8e7357969595c93c659c6,1405303
autoland,4768729,12,95f51e857a45cd76f1766c14d6bed804857cd27b,windows10-64-shippable-qr,True,False,,,102210fe594ee9b33d82058545b1ed14f4c8206e,custom.jsdebugger.open.DAMP,damp,True,damp custom.jsdebugger.open.DAMP opt e10s fission stylo webrender,4768565,77,ms,firefox,453827641,1870335186,2024-04-07T12:29:26,695.375478677408,56daf0a3e72bc04ceb0b6d6a5e8b51b32333fe11,1405334
autoland,4768729,12,95f51e857a45cd76f1766c14d6bed804857cd27b,windows10-64-shippable-qr,True,False,,,102210fe594ee9b33d82058545b1ed14f4c8206e,custom.jsdebugger.open.DAMP,damp,True,damp custom.jsdebugger.open.DAMP opt e10s fission stylo webrender,4768565,77,ms,firefox,453837756,1870369106,2024-04-07T17:34:38,700.224938858606,c59be65c8118a8e4c60719162c4426e511ee042c,1405352
autoland,4768729,12,95f51e857a45cd76f1766c14d6bed804857cd27b,windows10-64-shippable-qr,True,False,,,102210fe594ee9b33d82058545b1ed14f4c8206e,custom.jsdebugger.open.DAMP,damp,True,damp custom.jsdebugger.open.DAMP opt e10s fission stylo webrender,4768565,77,ms,firefox,453851309,1870425844,2024-04-07T22:40:32,696.2003475454185,a5f6bf0601900e20973b195443e8431788bf1494,1405368
autoland,4768729,12,95f51e857a45cd76f1766c14d6bed804857cd27b,windows10-64-shippable-qr,True,False,,,102210fe594ee9b33d82058545b1ed14f4c8206e,custom.jsdebugger.open.DAMP,damp,True,damp custom.jsdebugger.open.DAMP opt e10s fission stylo webrender,4768565,77,ms,firefox,453860137,1870474389,2024-04-08T04:43:41,696.0664713100414,93d08e6b3d615ead541eee15f876af2c74e90d53,1405385
autoland,4768729,12,95f51e857a45cd76f1766c14d6bed804857cd27b,windows10-64-shippable-qr,True,False,,,102210fe594ee9b33d82058545b1ed14f4c8206e,custom.jsdebugger.open.DAMP,damp,True,damp custom.jsdebugger.open.DAMP opt e10s fission stylo webrender,4768565,77,ms,firefox,453877008,1870554384,2024-04-08T09:12:14,694.0639433059332,7fdec039f49159c7769bb304ab5f0a97f9dde43f,1405465
autoland,4768729,12,95f51e857a45cd76f1766c14d6bed804857cd27b,windows10-64-shippable-qr,True,False,,,102210fe594ee9b33d82058545b1ed14f4c8206e,custom.jsdebugger.open.DAMP,damp,True,damp custom.jsdebugger.open.DAMP opt e10s fission stylo webrender,4768565,77,ms,firefox,453912093,1870696165,2024-04-08T13:49:41,696.3589334165299,1b56c653a5ee3a14ec0955b092498999e9333bfa,1405618
autoland,4768729,12,95f51e857a45cd76f1766c14d6bed804857cd27b,windows10-64-shippable-qr,True,False,,,102210fe594ee9b33d82058545b1ed14f4c8206e,custom.jsdebugger.open.DAMP,damp,True,damp custom.jsdebugger.open.DAMP opt e10s fission stylo webrender,4768565,77,ms,firefox,453960165,1870842088,2024-04-08T19:08:45,711.0404626842355,79551503d77c8353439905d86ec3033546f0c874,1405880
autoland,4768729,12,95f51e857a45cd76f1766c14d6bed804857cd27b,windows10-64-shippable-qr,True,False,,,102210fe594ee9b33d82058545b1ed14f4c8206e,custom.jsdebugger.open.DAMP,damp,True,damp custom.jsdebugger.open.DAMP opt e10s fission stylo webrender,4768565,77,ms,firefox,453998009,1870981820,2024-04-08T23:24:57,697.7480195843464,c19d16f89e851b3d8052fb11a8e8f0ae3f4cb9b7,1406026
autoland,4768729,12,95f51e857a45cd76f1766c14d6bed804857cd27b,windows10-64-shippable-qr,True,False,,,102210fe594ee9b33d82058545b1ed14f4c8206e,custom.jsdebugger.open.DAMP,damp,True,damp custom.jsdebugger.open.DAMP opt e10s fission stylo webrender,4768565,77,ms,firefox,454020239,1871144959,2024-04-09T06:15:12,698.2784868023518,643848d855ebb8ab8d9d7009ca7ce9d21d267b34,1406147
autoland,4768729,12,95f51e857a45cd76f1766c14d6bed804857cd27b,windows10-64-shippable-qr,True,False,,,102210fe594ee9b33d82058545b1ed14f4c8206e,custom.jsdebugger.open.DAMP,damp,True,damp custom.jsdebugger.open.DAMP opt e10s fission stylo webrender,4768565,77,ms,firefox,454046535,1871242703,2024-04-09T10:19:15,700.4512092263831,7cd4aaac69823ebb7b440d4e14d05275ba50a073,1406264
autoland,4768729,12,95f51e857a45cd76f1766c14d6bed804857cd27b,windows10-64-shippable-qr,True,False,,,102210fe594ee9b33d82058545b1ed14f4c8206e,custom.jsdebugger.open.DAMP,damp,True,damp custom.jsdebugger.open.DAMP opt e10s fission stylo webrender,4768565,77,ms,firefox,454084718,1871428391,2024-04-09T14:26:21,696.3664731534809,34fef7e7706b912024aa3ba8826647e5ddc0a0ab,1406452
autoland,4768729,12,95f51e857a45cd76f1766c14d6bed804857cd27b,windows10-64-shippable-qr,True,False,,,102210fe594ee9b33d82058545b1ed14f4c8206e,custom.jsdebugger.open.DAMP,damp,True,damp custom.jsdebugger.open.DAMP opt e10s fission stylo webrender,4768565,77,ms,firefox,454089060,1871467036,2024-04-09T17:03:26,700.3980634089094,e3c9c90141d0f6b39792470ce489a5af6123cc15,1406581
autoland,4768729,12,95f51e857a45cd76f1766c14d6bed804857cd27b,windows10-64-shippable-qr,True,False,,,102210fe594ee9b33d82058545b1ed14f4c8206e,custom.jsdebugger.open.DAMP,damp,True,damp custom.jsdebugger.open.DAMP opt e10s fission stylo webrender,4768565,77,ms,firefox,454113244,1871554512,2024-04-09T20:18:20,699.0539259156067,42fe954d2d47356658d58a292876a6f15d6cbc51,1406718
autoland,4768729,12,95f51e857a45cd76f1766c14d6bed804857cd27b,windows10-64-shippable-qr,True,False,,,102210fe594ee9b33d82058545b1ed14f4c8206e,custom.jsdebugger.open.DAMP,damp,True,damp custom.jsdebugger.open.DAMP opt e10s fission stylo webrender,4768565,77,ms,firefox,454135099,1871660366,2024-04-10T00:18:40,698.6609154285688,c6228adca1a9c453ab8514c86ee26ee9a7903d27,1406841
autoland,4768729,12,95f51e857a45cd76f1766c14d6bed804857cd27b,windows10-64-shippable-qr,True,False,,,102210fe594ee9b33d82058545b1ed14f4c8206e,custom.jsdebugger.open.DAMP,damp,True,damp custom.jsdebugger.open.DAMP opt e10s fission stylo webrender,4768565,77,ms,firefox,454142019,1871737052,2024-04-10T05:00:45,705.825290107372,a3f0d7e2d176a84f97e08088b78e1abe8da0a5f7,1406899
autoland,4768729,12,95f51e857a45cd76f1766c14d6bed804857cd27b,windows10-64-shippable-qr,True,False,,,102210fe594ee9b33d82058545b1ed14f4c8206e,custom.jsdebugger.open.DAMP,damp,True,damp custom.jsdebugger.open.DAMP opt e10s fission stylo webrender,4768565,77,ms,firefox,454158789,1871813987,2024-04-10T09:31:15,694.7373936277872,cb449d228d38790ba76f64d551817f6a804c044e,1406973
autoland,4768729,12,95f51e857a45cd76f1766c14d6bed804857cd27b,windows10-64-shippable-qr,True,False,,,102210fe594ee9b33d82058545b1ed14f4c8206e,custom.jsdebugger.open.DAMP,damp,True,damp custom.jsdebugger.open.DAMP opt e10s fission stylo webrender,4768565,77,ms,firefox,454189284,1871922132,2024-04-10T13:31:55,695.215876082395,53228f89fadff09aff9d51b46652c77d94059014,1407087
autoland,4768729,12,95f51e857a45cd76f1766c14d6bed804857cd27b,windows10-64-shippable-qr,True,False,,,102210fe594ee9b33d82058545b1ed14f4c8206e,custom.jsdebugger.open.DAMP,damp,True,damp custom.jsdebugger.open.DAMP opt e10s fission stylo webrender,4768565,77,ms,firefox,454209625,1872033091,2024-04-10T17:21:37,712.4299584119481,a30d53cfa601940935af0c765cccbdde2178bb67,1407259
autoland,4768729,12,95f51e857a45cd76f1766c14d6bed804857cd27b,windows10-64-shippable-qr,True,False,,,102210fe594ee9b33d82058545b1ed14f4c8206e,custom.jsdebugger.open.DAMP,damp,True,damp custom.jsdebugger.open.DAMP opt e10s fission stylo webrender,4768565,77,ms,firefox,454235964,1872171260,2024-04-10T20:55:18,698.289032825327,bc425d90bbe9987cc754323772553d4be3e6de83,1407422
autoland,4768729,12,95f51e857a45cd76f1766c14d6bed804857cd27b,windows10-64-shippable-qr,True,False,,,102210fe594ee9b33d82058545b1ed14f4c8206e,custom.jsdebugger.open.DAMP,damp,True,damp custom.jsdebugger.open.DAMP opt e10s fission stylo webrender,4768565,77,ms,firefox,454679535,1874595749,2024-04-10T22:44:57,700.3855018008908,6a91dbb21815c1d287eccca8d1f5d07d22e708fb,1407499
autoland,4768729,12,95f51e857a45cd76f1766c14d6bed804857cd27b,windows10-64-shippable-qr,True,False,,,102210fe594ee9b33d82058545b1ed14f4c8206e,custom.jsdebugger.open.DAMP,damp,True,damp custom.jsdebugger.open.DAMP opt e10s fission stylo webrender,4768565,77,ms,firefox,454679536,1874595876,2024-04-10T22:53:15,693.7637407929724,29c59d5d9bee7049b944c2348bf39c2f40072ab6,1407501
autoland,4768729,12,95f51e857a45cd76f1766c14d6bed804857cd27b,windows10-64-shippable-qr,True,False,,,102210fe594ee9b33d82058545b1ed14f4c8206e,custom.jsdebugger.open.DAMP,damp,True,damp custom.jsdebugger.open.DAMP opt e10s fission stylo webrender,4768565,77,ms,firefox,454679537,1874595697,2024-04-10T23:59:24,702.0389891479917,d716a1ee0fdad80a3f1cbaa89295e06b1584de7c,1407516
autoland,4768729,12,95f51e857a45cd76f1766c14d6bed804857cd27b,windows10-64-shippable-qr,True,False,,,102210fe594ee9b33d82058545b1ed14f4c8206e,custom.jsdebugger.open.DAMP,damp,True,damp custom.jsdebugger.open.DAMP opt e10s fission stylo webrender,4768565,77,ms,firefox,454679540,1874595628,2024-04-11T00:00:27,695.479956200048,ddf7cf138e84a89a14caea423aa92187f045c84e,1407517
autoland,4768729,12,95f51e857a45cd76f1766c14d6bed804857cd27b,windows10-64-shippable-qr,True,False,,,102210fe594ee9b33d82058545b1ed14f4c8206e,custom.jsdebugger.open.DAMP,damp,True,damp custom.jsdebugger.open.DAMP opt e10s fission stylo webrender,4768565,77,ms,firefox,454679943,1874596351,2024-04-11T00:24:59,698.5184765471786,9e68b3a29602e46de4e4c067d0e144415fa59e69,1407529
autoland,4768729,12,95f51e857a45cd76f1766c14d6bed804857cd27b,windows10-64-shippable-qr,True,False,,,102210fe594ee9b33d82058545b1ed14f4c8206e,custom.jsdebugger.open.DAMP,damp,True,damp custom.jsdebugger.open.DAMP opt e10s fission stylo webrender,4768565,77,ms,firefox,454256525,1872290307,2024-04-11T01:15:30,705.1080576922104,1ae79ee05e2fe6a64e1916d65c78979921af1e5e,1407545
autoland,4768729,12,95f51e857a45cd76f1766c14d6bed804857cd27b,windows10-64-shippable-qr,True,False,,,102210fe594ee9b33d82058545b1ed14f4c8206e,custom.jsdebugger.open.DAMP,damp,True,damp custom.jsdebugger.open.DAMP opt e10s fission stylo webrender,4768565,77,ms,firefox,454680164,1874596490,2024-04-11T02:18:25,697.2350677136055,bd8757fdd446e0a18e554916d0b23447eac66a9b,1407562
autoland,4768729,12,95f51e857a45cd76f1766c14d6bed804857cd27b,windows10-64-shippable-qr,True,False,,,102210fe594ee9b33d82058545b1ed14f4c8206e,custom.jsdebugger.open.DAMP,damp,True,damp custom.jsdebugger.open.DAMP opt e10s fission stylo webrender,4768565,77,ms,firefox,454679538,1874595979,2024-04-11T02:30:54,699.5917987003486,4ad2cddade30eeb0867b582b3d756c3efa4d758f,1407563
autoland,4768729,12,95f51e857a45cd76f1766c14d6bed804857cd27b,windows10-64-shippable-qr,True,False,,,102210fe594ee9b33d82058545b1ed14f4c8206e,custom.jsdebugger.open.DAMP,damp,True,damp custom.jsdebugger.open.DAMP opt e10s fission stylo webrender,4768565,77,ms,firefox,454679539,1874595800,2024-04-11T03:03:57,694.3031701051659,10c2302e10c8ddea78bf47529ae22679808097d0,1407568
autoland,4768729,12,95f51e857a45cd76f1766c14d6bed804857cd27b,windows10-64-shippable-qr,True,False,,,102210fe594ee9b33d82058545b1ed14f4c8206e,custom.jsdebugger.open.DAMP,damp,True,damp custom.jsdebugger.open.DAMP opt e10s fission stylo webrender,4768565,77,ms,firefox,454275026,1872439070,2024-04-11T06:36:24,695.6235612802557,7a8a0223fffe0f06dd2e7aad79bf1920cf1430c0,1407612
autoland,4768729,12,95f51e857a45cd76f1766c14d6bed804857cd27b,windows10-64-shippable-qr,True,False,,,102210fe594ee9b33d82058545b1ed14f4c8206e,custom.jsdebugger.open.DAMP,damp,True,damp custom.jsdebugger.open.DAMP opt e10s fission stylo webrender,4768565,77,ms,firefox,454678783,1874594405,2024-04-11T08:13:17,695.056673289655,2fa86d1e18cd8b55231333bdd04b33b68a2f2aa8,1407648
autoland,4768729,12,95f51e857a45cd76f1766c14d6bed804857cd27b,windows10-64-shippable-qr,True,False,,,102210fe594ee9b33d82058545b1ed14f4c8206e,custom.jsdebugger.open.DAMP,damp,True,damp custom.jsdebugger.open.DAMP opt e10s fission stylo webrender,4768565,77,ms,firefox,454678863,1874594663,2024-04-11T08:17:15,698.0082507135521,620be7c98ea0c1971c2052c2ce32d529637eb5a8,1407654
autoland,4768729,12,95f51e857a45cd76f1766c14d6bed804857cd27b,windows10-64-shippable-qr,True,False,,,102210fe594ee9b33d82058545b1ed14f4c8206e,custom.jsdebugger.open.DAMP,damp,True,damp custom.jsdebugger.open.DAMP opt e10s fission stylo webrender,4768565,77,ms,firefox,454678864,1874594430,2024-04-11T08:40:57,697.521882060275,6a7c866d716d4150c8061e2db4715d4c9aa8b7bd,1407662
autoland,4768729,12,95f51e857a45cd76f1766c14d6bed804857cd27b,windows10-64-shippable-qr,True,False,,,102210fe594ee9b33d82058545b1ed14f4c8206e,custom.jsdebugger.open.DAMP,damp,True,damp custom.jsdebugger.open.DAMP opt e10s fission stylo webrender,4768565,77,ms,firefox,454678788,1874594183,2024-04-11T08:46:18,697.7697299031715,ee82a2666efedf1e3fcb19c5a699f9bc57be44b0,1407663
autoland,4768729,12,95f51e857a45cd76f1766c14d6bed804857cd27b,windows10-64-shippable-qr,True,False,,,102210fe594ee9b33d82058545b1ed14f4c8206e,custom.jsdebugger.open.DAMP,damp,True,damp custom.jsdebugger.open.DAMP opt e10s fission stylo webrender,4768565,77,ms,firefox,454678892,1874594298,2024-04-11T08:46:18,699.8986239134974,ee82a2666efedf1e3fcb19c5a699f9bc57be44b0,1407663
autoland,4768729,12,95f51e857a45cd76f1766c14d6bed804857cd27b,windows10-64-shippable-qr,True,False,,,102210fe594ee9b33d82058545b1ed14f4c8206e,custom.jsdebugger.open.DAMP,damp,True,damp custom.jsdebugger.open.DAMP opt e10s fission stylo webrender,4768565,77,ms,firefox,454678784,1874594354,2024-04-11T08:47:51,696.0651728991925,94afb0a819376bd1115f3d00d775fa9beb02eb25,1407664
autoland,4768729,12,95f51e857a45cd76f1766c14d6bed804857cd27b,windows10-64-shippable-qr,True,False,,,102210fe594ee9b33d82058545b1ed14f4c8206e,custom.jsdebugger.open.DAMP,damp,True,damp custom.jsdebugger.open.DAMP opt e10s fission stylo webrender,4768565,77,ms,firefox,454678893,1874594923,2024-04-11T08:47:51,712.8309777379254,94afb0a819376bd1115f3d00d775fa9beb02eb25,1407664
autoland,4768729,12,95f51e857a45cd76f1766c14d6bed804857cd27b,windows10-64-shippable-qr,True,False,,,102210fe594ee9b33d82058545b1ed14f4c8206e,custom.jsdebugger.open.DAMP,damp,True,damp custom.jsdebugger.open.DAMP opt e10s fission stylo webrender,4768565,77,ms,firefox,454678803,1874594241,2024-04-11T08:54:23,698.0547751346894,9d1a0dcb7da6db6424b17ada3828dee863bc2535,1407668
autoland,4768729,12,95f51e857a45cd76f1766c14d6bed804857cd27b,windows10-64-shippable-qr,True,False,,,102210fe594ee9b33d82058545b1ed14f4c8206e,custom.jsdebugger.open.DAMP,damp,True,damp custom.jsdebugger.open.DAMP opt e10s fission stylo webrender,4768565,77,ms,firefox,454678899,1874595034,2024-04-11T09:38:02,692.8857270808294,e7baaaa8ede3377cfc35993fb41875c1aeece484,1407694
autoland,4768729,12,95f51e857a45cd76f1766c14d6bed804857cd27b,windows10-64-shippable-qr,True,False,,,102210fe594ee9b33d82058545b1ed14f4c8206e,custom.jsdebugger.open.DAMP,damp,True,damp custom.jsdebugger.open.DAMP opt e10s fission stylo webrender,4768565,77,ms,firefox,454678903,1874594820,2024-04-11T09:38:02,696.3123718293573,e7baaaa8ede3377cfc35993fb41875c1aeece484,1407694
autoland,4768729,12,95f51e857a45cd76f1766c14d6bed804857cd27b,windows10-64-shippable-qr,True,False,,,102210fe594ee9b33d82058545b1ed14f4c8206e,custom.jsdebugger.open.DAMP,damp,True,damp custom.jsdebugger.open.DAMP opt e10s fission stylo webrender,4768565,77,ms,firefox,454678900,1874595185,2024-04-11T09:41:46,710.8138892700372,cc4b3483c5c11d0e39498a2a349af2c684ec87e8,1407695
autoland,4768729,12,95f51e857a45cd76f1766c14d6bed804857cd27b,windows10-64-shippable-qr,True,False,,,102210fe594ee9b33d82058545b1ed14f4c8206e,custom.jsdebugger.open.DAMP,damp,True,damp custom.jsdebugger.open.DAMP opt e10s fission stylo webrender,4768565,77,ms,firefox,454678901,1874594790,2024-04-11T09:41:46,695.8530410566018,cc4b3483c5c11d0e39498a2a349af2c684ec87e8,1407695
autoland,4768729,12,95f51e857a45cd76f1766c14d6bed804857cd27b,windows10-64-shippable-qr,True,False,,,102210fe594ee9b33d82058545b1ed14f4c8206e,custom.jsdebugger.open.DAMP,damp,True,damp custom.jsdebugger.open.DAMP opt e10s fission stylo webrender,4768565,77,ms,firefox,454678902,1874594974,2024-04-11T10:02:03,702.2181891785804,3531a1b13af357c4ab8ab15a364be1acf47aa2ce,1407706
autoland,4768729,12,95f51e857a45cd76f1766c14d6bed804857cd27b,windows10-64-shippable-qr,True,False,,,102210fe594ee9b33d82058545b1ed14f4c8206e,custom.jsdebugger.open.DAMP,damp,True,damp custom.jsdebugger.open.DAMP opt e10s fission stylo webrender,4768565,77,ms,firefox,454308560,1872655888,2024-04-11T11:27:44,696.6237042144348,747c6705d00627b032063055173575d6e6043880,1407747
autoland,4768729,12,95f51e857a45cd76f1766c14d6bed804857cd27b,windows10-64-shippable-qr,True,False,,,102210fe594ee9b33d82058545b1ed14f4c8206e,custom.jsdebugger.open.DAMP,damp,True,damp custom.jsdebugger.open.DAMP opt e10s fission stylo webrender,4768565,77,ms,firefox,454649441,1874482163,2024-04-11T12:39:55,695.4866494224843,a7387ba1c7ff2f93a2c669a769d4019f378a2367,1407760
autoland,4768729,12,95f51e857a45cd76f1766c14d6bed804857cd27b,windows10-64-shippable-qr,True,False,,,102210fe594ee9b33d82058545b1ed14f4c8206e,custom.jsdebugger.open.DAMP,damp,True,damp custom.jsdebugger.open.DAMP opt e10s fission stylo webrender,4768565,77,ms,firefox,454649450,1874482292,2024-04-11T12:45:54,694.6562605599902,9ab1d7dce7f9adb7949888f5cebf370a4b32e03d,1407766
autoland,4768729,12,95f51e857a45cd76f1766c14d6bed804857cd27b,windows10-64-shippable-qr,True,False,,,102210fe594ee9b33d82058545b1ed14f4c8206e,custom.jsdebugger.open.DAMP,damp,True,damp custom.jsdebugger.open.DAMP opt e10s fission stylo webrender,4768565,77,ms,firefox,454649455,1874482483,2024-04-11T13:00:14,712.5148778590446,215c06cd23e09a69b95b734a56c475d84bfae2c4,1407773
autoland,4768729,12,95f51e857a45cd76f1766c14d6bed804857cd27b,windows10-64-shippable-qr,True,False,,,102210fe594ee9b33d82058545b1ed14f4c8206e,custom.jsdebugger.open.DAMP,damp,True,damp custom.jsdebugger.open.DAMP opt e10s fission stylo webrender,4768565,77,ms,firefox,454649453,1874482597,2024-04-11T13:04:00,700.593714085393,41fc5b7b0cad294da1f833d864326334e978facc,1407775
autoland,4768729,12,95f51e857a45cd76f1766c14d6bed804857cd27b,windows10-64-shippable-qr,True,False,,,102210fe594ee9b33d82058545b1ed14f4c8206e,custom.jsdebugger.open.DAMP,damp,True,damp custom.jsdebugger.open.DAMP opt e10s fission stylo webrender,4768565,77,ms,firefox,454649458,1874482412,2024-04-11T13:22:05,700.2667522276388,c400464776b40839926cc31272254e4e93ea8dc8,1407785
autoland,4768729,12,95f51e857a45cd76f1766c14d6bed804857cd27b,windows10-64-shippable-qr,True,False,,,102210fe594ee9b33d82058545b1ed14f4c8206e,custom.jsdebugger.open.DAMP,damp,True,damp custom.jsdebugger.open.DAMP opt e10s fission stylo webrender,4768565,77,ms,firefox,454649459,1874482796,2024-04-11T14:04:15,714.330648403964,17135ba9a5bdc8b973501d571b5bfca4887c82f8,1407804
autoland,4768729,12,95f51e857a45cd76f1766c14d6bed804857cd27b,windows10-64-shippable-qr,True,False,,,102210fe594ee9b33d82058545b1ed14f4c8206e,custom.jsdebugger.open.DAMP,damp,True,damp custom.jsdebugger.open.DAMP opt e10s fission stylo webrender,4768565,77,ms,firefox,454649460,1874482853,2024-04-11T14:09:41,711.3007101087715,73c4fc7fe1d9ee695aedcc0faa81bc86cab42807,1407805
autoland,4768729,12,95f51e857a45cd76f1766c14d6bed804857cd27b,windows10-64-shippable-qr,True,False,,,102210fe594ee9b33d82058545b1ed14f4c8206e,custom.jsdebugger.open.DAMP,damp,True,damp custom.jsdebugger.open.DAMP opt e10s fission stylo webrender,4768565,77,ms,firefox,454649461,1874482648,2024-04-11T14:38:33,695.3043106652767,5d0cc46227fdf500d7e9050cabcd7d3a0224c0f5,1407811
autoland,4768729,12,95f51e857a45cd76f1766c14d6bed804857cd27b,windows10-64-shippable-qr,True,False,,,102210fe594ee9b33d82058545b1ed14f4c8206e,custom.jsdebugger.open.DAMP,damp,True,damp custom.jsdebugger.open.DAMP opt e10s fission stylo webrender,4768565,77,ms,firefox,454649462,1874482547,2024-04-11T14:40:54,695.3130519997139,0950c4616758eb5d81b9211a79f2895d5dae58ab,1407812
autoland,4768729,12,95f51e857a45cd76f1766c14d6bed804857cd27b,windows10-64-shippable-qr,True,False,,,102210fe594ee9b33d82058545b1ed14f4c8206e,custom.jsdebugger.open.DAMP,damp,True,damp custom.jsdebugger.open.DAMP opt e10s fission stylo webrender,4768565,77,ms,firefox,454325306,1872779399,2024-04-11T15:41:30,698.2373561707991,bbca818d6385ef61c987f967ebccfe9df63fc36b,1407834
autoland,4768729,12,95f51e857a45cd76f1766c14d6bed804857cd27b,windows10-64-shippable-qr,True,False,,,102210fe594ee9b33d82058545b1ed14f4c8206e,custom.jsdebugger.open.DAMP,damp,True,damp custom.jsdebugger.open.DAMP opt e10s fission stylo webrender,4768565,77,ms,firefox,454649399,1874481184,2024-04-11T16:26:59,695.0822441964838,283a71abb547740e1fe56c6d669272379b47afcb,1407898
autoland,4768729,12,95f51e857a45cd76f1766c14d6bed804857cd27b,windows10-64-shippable-qr,True,False,,,102210fe594ee9b33d82058545b1ed14f4c8206e,custom.jsdebugger.open.DAMP,damp,True,damp custom.jsdebugger.open.DAMP opt e10s fission stylo webrender,4768565,77,ms,firefox,454649400,1874481133,2024-04-11T16:31:51,699.2856233447383,6f6f52f31d0ea3327cccb71a33a9fa0fc277e3c8,1407900
autoland,4768729,12,95f51e857a45cd76f1766c14d6bed804857cd27b,windows10-64-shippable-qr,True,False,,,102210fe594ee9b33d82058545b1ed14f4c8206e,custom.jsdebugger.open.DAMP,damp,True,damp custom.jsdebugger.open.DAMP opt e10s fission stylo webrender,4768565,77,ms,firefox,454648633,1874480200,2024-04-11T16:41:43,696.2026699070411,dfb5d254ae9b9e389928c3c00565c88008e4f149,1407912
autoland,4768729,12,95f51e857a45cd76f1766c14d6bed804857cd27b,windows10-64-shippable-qr,True,False,,,102210fe594ee9b33d82058545b1ed14f4c8206e,custom.jsdebugger.open.DAMP,damp,True,damp custom.jsdebugger.open.DAMP opt e10s fission stylo webrender,4768565,77,ms,firefox,454649412,1874481941,2024-04-11T16:47:37,709.0963983524562,5b59e4e6d45269d16dec932ae191f20373a91ad2,1407918
autoland,4768729,12,95f51e857a45cd76f1766c14d6bed804857cd27b,windows10-64-shippable-qr,True,False,,,102210fe594ee9b33d82058545b1ed14f4c8206e,custom.jsdebugger.open.DAMP,damp,True,damp custom.jsdebugger.open.DAMP opt e10s fission stylo webrender,4768565,77,ms,firefox,454649413,1874481368,2024-04-11T17:41:46,695.9735316615579,731e5421d3f065e32273bacc5e95f6a6aed729c8,1407943
autoland,4768729,12,95f51e857a45cd76f1766c14d6bed804857cd27b,windows10-64-shippable-qr,True,False,,,102210fe594ee9b33d82058545b1ed14f4c8206e,custom.jsdebugger.open.DAMP,damp,True,damp custom.jsdebugger.open.DAMP opt e10s fission stylo webrender,4768565,77,ms,firefox,454649426,1874481586,2024-04-11T17:49:03,696.5319832910245,cbddb05bac5ced15374533e0d900be95be4c1c1d,1407951
autoland,4768729,12,95f51e857a45cd76f1766c14d6bed804857cd27b,windows10-64-shippable-qr,True,False,,,102210fe594ee9b33d82058545b1ed14f4c8206e,custom.jsdebugger.open.DAMP,damp,True,damp custom.jsdebugger.open.DAMP opt e10s fission stylo webrender,4768565,77,ms,firefox,454649425,1874481802,2024-04-11T17:49:56,695.8137137610393,8ca96280f57ee85077280094f993fdd2f6b5ecd3,1407953
autoland,4768729,12,95f51e857a45cd76f1766c14d6bed804857cd27b,windows10-64-shippable-qr,True,False,,,102210fe594ee9b33d82058545b1ed14f4c8206e,custom.jsdebugger.open.DAMP,damp,True,damp custom.jsdebugger.open.DAMP opt e10s fission stylo webrender,4768565,77,ms,firefox,454649431,1874481893,2024-04-11T17:56:32,693.1433948894191,68a7a8a3bb0f5d9c599ea38faad3b26d9f5b5161,1407959
autoland,4768729,12,95f51e857a45cd76f1766c14d6bed804857cd27b,windows10-64-shippable-qr,True,False,,,102210fe594ee9b33d82058545b1ed14f4c8206e,custom.jsdebugger.open.DAMP,damp,True,damp custom.jsdebugger.open.DAMP opt e10s fission stylo webrender,4768565,77,ms,firefox,454649454,1874482361,2024-04-11T17:58:48,699.8989310447796,ca072e51b5e017ff15f810bf352c95e7d91a456f,1407963
autoland,4768729,12,95f51e857a45cd76f1766c14d6bed804857cd27b,windows10-64-shippable-qr,True,False,,,102210fe594ee9b33d82058545b1ed14f4c8206e,custom.jsdebugger.open.DAMP,damp,True,damp custom.jsdebugger.open.DAMP opt e10s fission stylo webrender,4768565,77,ms,firefox,454339453,1872862317,2024-04-11T18:08:24,696.883898137894,036ac9a41b52b5af1836d103d3a7aefad37e2b87,1407970
autoland,4768729,12,95f51e857a45cd76f1766c14d6bed804857cd27b,windows10-64-shippable-qr,True,False,,,102210fe594ee9b33d82058545b1ed14f4c8206e,custom.jsdebugger.open.DAMP,damp,True,damp custom.jsdebugger.open.DAMP opt e10s fission stylo webrender,4768565,77,ms,firefox,454648632,1874480093,2024-04-11T20:08:16,701.6387069203347,4222b068c5cf9f09b6a97392dfbe8742be51e15a,1408063
autoland,4768729,12,95f51e857a45cd76f1766c14d6bed804857cd27b,windows10-64-shippable-qr,True,False,,,102210fe594ee9b33d82058545b1ed14f4c8206e,custom.jsdebugger.open.DAMP,damp,True,damp custom.jsdebugger.open.DAMP opt e10s fission stylo webrender,4768565,77,ms,firefox,454649216,1874480351,2024-04-11T20:11:10,698.530252549157,3626f12014e3b6a289f0c340167341005d1d1e57,1408065
autoland,4768729,12,95f51e857a45cd76f1766c14d6bed804857cd27b,windows10-64-shippable-qr,True,False,,,102210fe594ee9b33d82058545b1ed14f4c8206e,custom.jsdebugger.open.DAMP,damp,True,damp custom.jsdebugger.open.DAMP opt e10s fission stylo webrender,4768565,77,ms,firefox,454649427,1874482028,2024-04-11T20:12:00,697.6659289316885,65f4e0d8bf314c819aa650a1a0ab0bd48ef773d6,1408066
autoland,4768729,12,95f51e857a45cd76f1766c14d6bed804857cd27b,windows10-64-shippable-qr,True,False,,,102210fe594ee9b33d82058545b1ed14f4c8206e,custom.jsdebugger.open.DAMP,damp,True,damp custom.jsdebugger.open.DAMP opt e10s fission stylo webrender,4768565,77,ms,firefox,454649054,1874480489,2024-04-11T20:15:57,697.1288410233446,4ce27c3a6125dac6a21adfbf45af4e319dfeb3ef,1408069
autoland,4768729,12,95f51e857a45cd76f1766c14d6bed804857cd27b,windows10-64-shippable-qr,True,False,,,102210fe594ee9b33d82058545b1ed14f4c8206e,custom.jsdebugger.open.DAMP,damp,True,damp custom.jsdebugger.open.DAMP opt e10s fission stylo webrender,4768565,77,ms,firefox,454649451,1874482108,2024-04-11T20:49:35,697.0605071050086,1307b3a06f06d64bd900ce3ce04ad099097c79d6,1408085
autoland,4768729,12,95f51e857a45cd76f1766c14d6bed804857cd27b,windows10-64-shippable-qr,True,False,,,102210fe594ee9b33d82058545b1ed14f4c8206e,custom.jsdebugger.open.DAMP,damp,True,damp custom.jsdebugger.open.DAMP opt e10s fission stylo webrender,4768565,77,ms,firefox,454649382,1874481316,2024-04-11T21:20:44,717.7277481120836,2fdf8ec3f0d5c0f484e9ae9fb0dacd301ce37aac,1408113
autoland,4768729,12,95f51e857a45cd76f1766c14d6bed804857cd27b,windows10-64-shippable-qr,True,False,,,102210fe594ee9b33d82058545b1ed14f4c8206e,custom.jsdebugger.open.DAMP,damp,True,damp custom.jsdebugger.open.DAMP opt e10s fission stylo webrender,4768565,77,ms,firefox,454649381,1874480832,2024-04-11T21:46:22,695.2415345818908,765c4d95a3d8d397fb0e8bb54aa7e92eb143bf99,1408134
autoland,4768729,12,95f51e857a45cd76f1766c14d6bed804857cd27b,windows10-64-shippable-qr,True,False,,,102210fe594ee9b33d82058545b1ed14f4c8206e,custom.jsdebugger.open.DAMP,damp,True,damp custom.jsdebugger.open.DAMP opt e10s fission stylo webrender,4768565,77,ms,firefox,454649383,1874480774,2024-04-11T21:53:11,695.2265240440174,0591015c67d4fa8cf02dc3a321f5beee9c2e264b,1408141
autoland,4768729,12,95f51e857a45cd76f1766c14d6bed804857cd27b,windows10-64-shippable-qr,True,False,,,102210fe594ee9b33d82058545b1ed14f4c8206e,custom.jsdebugger.open.DAMP,damp,True,damp custom.jsdebugger.open.DAMP opt e10s fission stylo webrender,4768565,77,ms,firefox,454649463,1874482695,2024-04-11T22:00:28,694.4212148187944,c55dd0e2acb2c53e45920a9d5bf2bd045ecd843b,1408145
autoland,4768729,12,95f51e857a45cd76f1766c14d6bed804857cd27b,windows10-64-shippable-qr,True,False,,,102210fe594ee9b33d82058545b1ed14f4c8206e,custom.jsdebugger.open.DAMP,damp,True,damp custom.jsdebugger.open.DAMP opt e10s fission stylo webrender,4768565,77,ms,firefox,454371877,1872993098,2024-04-11T23:15:25,695.846622575511,90ef908ff18573cca9f4f0e5d676df56875c68b5,1408175
autoland,4768729,12,95f51e857a45cd76f1766c14d6bed804857cd27b,windows10-64-shippable-qr,True,False,,,102210fe594ee9b33d82058545b1ed14f4c8206e,custom.jsdebugger.open.DAMP,damp,True,damp custom.jsdebugger.open.DAMP opt e10s fission stylo webrender,4768565,77,ms,firefox,454660799,1874523005,2024-04-11T23:55:48,712.3409429061721,e8a43c54c24e62590218e7f638ff70449440d3d6,1408183
autoland,4768729,12,95f51e857a45cd76f1766c14d6bed804857cd27b,windows10-64-shippable-qr,True,False,,,102210fe594ee9b33d82058545b1ed14f4c8206e,custom.jsdebugger.open.DAMP,damp,True,damp custom.jsdebugger.open.DAMP opt e10s fission stylo webrender,4768565,77,ms,firefox,454660696,1874521641,2024-04-12T00:19:25,697.8738045249047,79d338fad31c5c2daf713d7b2b00216860b1892a,1408193
autoland,4768729,12,95f51e857a45cd76f1766c14d6bed804857cd27b,windows10-64-shippable-qr,True,False,,,102210fe594ee9b33d82058545b1ed14f4c8206e,custom.jsdebugger.open.DAMP,damp,True,damp custom.jsdebugger.open.DAMP opt e10s fission stylo webrender,4768565,77,ms,firefox,454660539,1874520473,2024-04-12T00:54:31,698.440855737339,165dba755ef021ba0500b7c9a2e6ca67011e41e0,1408200
autoland,4768729,12,95f51e857a45cd76f1766c14d6bed804857cd27b,windows10-64-shippable-qr,True,False,,,102210fe594ee9b33d82058545b1ed14f4c8206e,custom.jsdebugger.open.DAMP,damp,True,damp custom.jsdebugger.open.DAMP opt e10s fission stylo webrender,4768565,77,ms,firefox,454660232,1874518798,2024-04-12T07:02:13,692.518386763928,c4be4674be1b97309e8fd79c9787dbaeebf4cb56,1408236
autoland,4768729,12,95f51e857a45cd76f1766c14d6bed804857cd27b,windows10-64-shippable-qr,True,False,,,102210fe594ee9b33d82058545b1ed14f4c8206e,custom.jsdebugger.open.DAMP,damp,True,damp custom.jsdebugger.open.DAMP opt e10s fission stylo webrender,4768565,77,ms,firefox,454660572,1874521249,2024-04-12T14:12:09,697.2090543429931,a65ef2dc959b5fe431d3fcaa757b423aeec2677b,1408316
autoland,4768729,12,95f51e857a45cd76f1766c14d6bed804857cd27b,windows10-64-shippable-qr,True,False,,,102210fe594ee9b33d82058545b1ed14f4c8206e,custom.jsdebugger.open.DAMP,damp,True,damp custom.jsdebugger.open.DAMP opt e10s fission stylo webrender,4768565,77,ms,firefox,454660569,1874520889,2024-04-12T14:12:58,696.389720414154,c456039f9e460880e07f7272b70456e6a937d7ca,1408317
autoland,4768729,12,95f51e857a45cd76f1766c14d6bed804857cd27b,windows10-64-shippable-qr,True,False,,,102210fe594ee9b33d82058545b1ed14f4c8206e,custom.jsdebugger.open.DAMP,damp,True,damp custom.jsdebugger.open.DAMP opt e10s fission stylo webrender,4768565,77,ms,firefox,454404696,1873199593,2024-04-12T14:13:45,698.2554438446386,be4463b26a49bdb9c791eaf7d0b41ff9eb0294d3,1408318
autoland,4768729,12,95f51e857a45cd76f1766c14d6bed804857cd27b,windows10-64-shippable-qr,True,False,,,102210fe594ee9b33d82058545b1ed14f4c8206e,custom.jsdebugger.open.DAMP,damp,True,damp custom.jsdebugger.open.DAMP opt e10s fission stylo webrender,4768565,77,ms,firefox,454423366,1873302464,2024-04-12T20:21:58,697.509697291578,5e5bc998487f4e6ee9fe6fe52ca5eb66cd37de03,1408379
autoland,4768729,12,95f51e857a45cd76f1766c14d6bed804857cd27b,windows10-64-shippable-qr,True,False,,,102210fe594ee9b33d82058545b1ed14f4c8206e,custom.jsdebugger.open.DAMP,damp,True,damp custom.jsdebugger.open.DAMP opt e10s fission stylo webrender,4768565,77,ms,firefox,454440911,1873414695,2024-04-13T06:05:05,710.5958759417026,39657b697a7ffcda0f07cae917b68f1e84f57d54,1408439
autoland,4768729,12,95f51e857a45cd76f1766c14d6bed804857cd27b,windows10-64-shippable-qr,True,False,,,102210fe594ee9b33d82058545b1ed14f4c8206e,custom.jsdebugger.open.DAMP,damp,True,damp custom.jsdebugger.open.DAMP opt e10s fission stylo webrender,4768565,77,ms,firefox,454464363,1873517728,2024-04-13T20:36:37,695.0302950038094,1dc823d4e96db6fe0450fcb588466eff7038b4cc,1408512
autoland,4768729,12,95f51e857a45cd76f1766c14d6bed804857cd27b,windows10-64-shippable-qr,True,False,,,102210fe594ee9b33d82058545b1ed14f4c8206e,custom.jsdebugger.open.DAMP,damp,True,damp custom.jsdebugger.open.DAMP opt e10s fission stylo webrender,4768565,77,ms,firefox,454484943,1873671046,2024-04-14T12:41:18,695.808838412544,25a22c2f939167a119d912b3fe61312db879d576,1408562
autoland,4768729,12,95f51e857a45cd76f1766c14d6bed804857cd27b,windows10-64-shippable-qr,True,False,,,102210fe594ee9b33d82058545b1ed14f4c8206e,custom.jsdebugger.open.DAMP,damp,True,damp custom.jsdebugger.open.DAMP opt e10s fission stylo webrender,4768565,77,ms,firefox,454506077,1873815626,2024-04-15T00:20:26,697.6916638848197,8c457b0d7626241855c3c025a2531eb5f00b8cfc,1408605
autoland,4768729,12,95f51e857a45cd76f1766c14d6bed804857cd27b,windows10-64-shippable-qr,True,False,,,102210fe594ee9b33d82058545b1ed14f4c8206e,custom.jsdebugger.open.DAMP,damp,True,damp custom.jsdebugger.open.DAMP opt e10s fission stylo webrender,4768565,77,ms,firefox,454512118,1873850135,2024-04-15T05:51:41,695.3975692316963,4b17d2a2a7ae64b3c8d364d200a6b97cc636dffd,1408627
autoland,4768729,12,95f51e857a45cd76f1766c14d6bed804857cd27b,windows10-64-shippable-qr,True,False,,,102210fe594ee9b33d82058545b1ed14f4c8206e,custom.jsdebugger.open.DAMP,damp,True,damp custom.jsdebugger.open.DAMP opt e10s fission stylo webrender,4768565,77,ms,firefox,454540236,1873988068,2024-04-15T10:25:42,696.0357512838336,177f569e862519d4372977ba20b630f95e24ef1c,1408738
autoland,4768729,12,95f51e857a45cd76f1766c14d6bed804857cd27b,windows10-64-shippable-qr,True,False,,,102210fe594ee9b33d82058545b1ed14f4c8206e,custom.jsdebugger.open.DAMP,damp,True,damp custom.jsdebugger.open.DAMP opt e10s fission stylo webrender,4768565,77,ms,firefox,454575140,1874104767,2024-04-15T14:58:12,695.137540149306,4897460458d13272e6016fd9e4c184c3c41cbd74,1408898
autoland,4768729,12,95f51e857a45cd76f1766c14d6bed804857cd27b,windows10-64-shippable-qr,True,False,,,102210fe594ee9b33d82058545b1ed14f4c8206e,custom.jsdebugger.open.DAMP,damp,True,damp custom.jsdebugger.open.DAMP opt e10s fission stylo webrender,4768565,77,ms,firefox,454611591,1874281372,2024-04-15T18:18:39,694.0783073681232,d49ecc17e4ae83fbccee8ffbe50a119039d1e408,1409057
autoland,4768729,12,95f51e857a45cd76f1766c14d6bed804857cd27b,windows10-64-shippable-qr,True,False,,,102210fe594ee9b33d82058545b1ed14f4c8206e,custom.jsdebugger.open.DAMP,damp,True,damp custom.jsdebugger.open.DAMP opt e10s fission stylo webrender,4768565,77,ms,firefox,454619704,1874336086,2024-04-15T20:13:44,697.252781010975,8d488b7ac977a67ba128a580f6959fe058df2fe5,1409141
autoland,4768729,12,95f51e857a45cd76f1766c14d6bed804857cd27b,windows10-64-shippable-qr,True,False,,,102210fe594ee9b33d82058545b1ed14f4c8206e,custom.jsdebugger.open.DAMP,damp,True,damp custom.jsdebugger.open.DAMP opt e10s fission stylo webrender,4768565,77,ms,firefox,454632156,1874405372,2024-04-15T21:50:25,696.3957912213036,547363a98ae60f0645c5cc21aeecffb7e0ddb047,1409212
autoland,4768729,12,95f51e857a45cd76f1766c14d6bed804857cd27b,windows10-64-shippable-qr,True,False,,,102210fe594ee9b33d82058545b1ed14f4c8206e,custom.jsdebugger.open.DAMP,damp,True,damp custom.jsdebugger.open.DAMP opt e10s fission stylo webrender,4768565,77,ms,firefox,454646214,1874465492,2024-04-16T00:41:18,697.5114039602922,5a31505f08c64efa6eb7a8ed02d5e9c0db448e37,1409277
autoland,4768729,12,95f51e857a45cd76f1766c14d6bed804857cd27b,windows10-64-shippable-qr,True,False,,,102210fe594ee9b33d82058545b1ed14f4c8206e,custom.jsdebugger.open.DAMP,damp,True,damp custom.jsdebugger.open.DAMP opt e10s fission stylo webrender,4768565,77,ms,firefox,454675876,1874585094,2024-04-16T05:04:40,698.2103878062189,69a1a1d802b357216fef131d6ad99816defddc1f,1409360
autoland,4768729,12,95f51e857a45cd76f1766c14d6bed804857cd27b,windows10-64-shippable-qr,True,False,,,102210fe594ee9b33d82058545b1ed14f4c8206e,custom.jsdebugger.open.DAMP,damp,True,damp custom.jsdebugger.open.DAMP opt e10s fission stylo webrender,4768565,77,ms,firefox,454698437,1874659180,2024-04-16T09:18:49,695.8673770492314,2949cb403e680d76f7bcb101117ceefeb480b064,1409480
autoland,4768729,12,95f51e857a45cd76f1766c14d6bed804857cd27b,windows10-64-shippable-qr,True,False,,,102210fe594ee9b33d82058545b1ed14f4c8206e,custom.jsdebugger.open.DAMP,damp,True,damp custom.jsdebugger.open.DAMP opt e10s fission stylo webrender,4768565,77,ms,firefox,454714043,1874741629,2024-04-16T13:28:04,697.5778649467038,11d1c89ad8b2dad0cee1caf733cd833e448945eb,1409649
autoland,4768729,12,95f51e857a45cd76f1766c14d6bed804857cd27b,windows10-64-shippable-qr,True,False,,,102210fe594ee9b33d82058545b1ed14f4c8206e,custom.jsdebugger.open.DAMP,damp,True,damp custom.jsdebugger.open.DAMP opt e10s fission stylo webrender,4768565,77,ms,firefox,454741349,1874907636,2024-04-16T17:33:30,696.9755151485442,12c7f0b00cd7ce4e2edde6ff37daf12e807388b1,1409875
autoland,4768729,12,95f51e857a45cd76f1766c14d6bed804857cd27b,windows10-64-shippable-qr,True,False,,,102210fe594ee9b33d82058545b1ed14f4c8206e,custom.jsdebugger.open.DAMP,damp,True,damp custom.jsdebugger.open.DAMP opt e10s fission stylo webrender,4768565,77,ms,firefox,454760152,1874985998,2024-04-16T20:13:25,696.3999604053533,852d3945e38d8d16c4cf17918e862882d7ef363c,1409984
autoland,4768729,12,95f51e857a45cd76f1766c14d6bed804857cd27b,windows10-64-shippable-qr,True,False,,,102210fe594ee9b33d82058545b1ed14f4c8206e,custom.jsdebugger.open.DAMP,damp,True,damp custom.jsdebugger.open.DAMP opt e10s fission stylo webrender,4768565,77,ms,firefox,454778111,1875076506,2024-04-17T00:00:12,701.1037337713497,3f5bf473ca3cf95233298d16ad833028500755e6,1410132
autoland,4768729,12,95f51e857a45cd76f1766c14d6bed804857cd27b,windows10-64-shippable-qr,True,False,,,102210fe594ee9b33d82058545b1ed14f4c8206e,custom.jsdebugger.open.DAMP,damp,True,damp custom.jsdebugger.open.DAMP opt e10s fission stylo webrender,4768565,77,ms,firefox,454795246,1875213674,2024-04-17T04:14:52,711.6606392837275,7900ea0538965c6aba695fd896a6e2833d781007,1410204
autoland,4768729,12,95f51e857a45cd76f1766c14d6bed804857cd27b,windows10-64-shippable-qr,True,False,,,102210fe594ee9b33d82058545b1ed14f4c8206e,custom.jsdebugger.open.DAMP,damp,True,damp custom.jsdebugger.open.DAMP opt e10s fission stylo webrender,4768565,77,ms,firefox,454825530,1875313400,2024-04-17T08:24:06,697.2457789830514,acabdf625d68e5d96c49e0eebb5c71f4286e5ffd,1410333
autoland,4768729,12,95f51e857a45cd76f1766c14d6bed804857cd27b,windows10-64-shippable-qr,True,False,,,102210fe594ee9b33d82058545b1ed14f4c8206e,custom.jsdebugger.open.DAMP,damp,True,damp custom.jsdebugger.open.DAMP opt e10s fission stylo webrender,4768565,77,ms,firefox,454874152,1875485330,2024-04-17T13:57:03,695.516694422724,57f6925a520cf97f4af35e42db00435e817475dc,1410569
autoland,4768729,12,95f51e857a45cd76f1766c14d6bed804857cd27b,windows10-64-shippable-qr,True,False,,,102210fe594ee9b33d82058545b1ed14f4c8206e,custom.jsdebugger.open.DAMP,damp,True,damp custom.jsdebugger.open.DAMP opt e10s fission stylo webrender,4768565,77,ms,firefox,454897109,1875583350,2024-04-17T18:33:15,696.0766142754446,25500210a453fec07cc9d95612bbe778bae07f71,1410800
autoland,4768729,12,95f51e857a45cd76f1766c14d6bed804857cd27b,windows10-64-shippable-qr,True,False,,,102210fe594ee9b33d82058545b1ed14f4c8206e,custom.jsdebugger.open.DAMP,damp,True,damp custom.jsdebugger.open.DAMP opt e10s fission stylo webrender,4768565,77,ms,firefox,454938512,1875748775,2024-04-18T00:20:10,696.416271231792,1bf7d54b4913d7994ed2ce4b07f0426fc70b4b7e,1411120
autoland,4768729,12,95f51e857a45cd76f1766c14d6bed804857cd27b,windows10-64-shippable-qr,True,False,,,102210fe594ee9b33d82058545b1ed14f4c8206e,custom.jsdebugger.open.DAMP,damp,True,damp custom.jsdebugger.open.DAMP opt e10s fission stylo webrender,4768565,77,ms,firefox,454954469,1875818799,2024-04-18T03:49:51,695.3774599889002,12adf93b9ad4085d4f0b493c368533bb040dce46,1411204
autoland,4768729,12,95f51e857a45cd76f1766c14d6bed804857cd27b,windows10-64-shippable-qr,True,False,,,102210fe594ee9b33d82058545b1ed14f4c8206e,custom.jsdebugger.open.DAMP,damp,True,damp custom.jsdebugger.open.DAMP opt e10s fission stylo webrender,4768565,77,ms,firefox,454970439,1875925039,2024-04-18T07:53:55,695.2323852102854,d4cde5148929d0d9587580bca2d37027d7424348,1411277
autoland,4768729,12,95f51e857a45cd76f1766c14d6bed804857cd27b,windows10-64-shippable-qr,True,False,,,102210fe594ee9b33d82058545b1ed14f4c8206e,custom.jsdebugger.open.DAMP,damp,True,damp custom.jsdebugger.open.DAMP opt e10s fission stylo webrender,4768565,77,ms,firefox,455011237,1876095832,2024-04-18T12:14:33,698.7593201177997,123e0c272c21270c6f9a5e2fca3bfbc72c7b5ef9,1411435
autoland,4768729,12,95f51e857a45cd76f1766c14d6bed804857cd27b,windows10-64-shippable-qr,True,False,,,102210fe594ee9b33d82058545b1ed14f4c8206e,custom.jsdebugger.open.DAMP,damp,True,damp custom.jsdebugger.open.DAMP opt e10s fission stylo webrender,4768565,77,ms,firefox,455046940,1876244888,2024-04-18T15:42:46,700.1972911717312,257d3013546c7ec40031343c459162a0b69fa6f2,1411573
autoland,4768729,12,95f51e857a45cd76f1766c14d6bed804857cd27b,windows10-64-shippable-qr,True,False,,,102210fe594ee9b33d82058545b1ed14f4c8206e,custom.jsdebugger.open.DAMP,damp,True,damp custom.jsdebugger.open.DAMP opt e10s fission stylo webrender,4768565,77,ms,firefox,455065596,1876323467,2024-04-18T18:28:28,696.5050544631376,0f5d446707971afc1fab01c0a28b208101241b8a,1411727
autoland,4768729,12,95f51e857a45cd76f1766c14d6bed804857cd27b,windows10-64-shippable-qr,True,False,,,102210fe594ee9b33d82058545b1ed14f4c8206e,custom.jsdebugger.open.DAMP,damp,True,damp custom.jsdebugger.open.DAMP opt e10s fission stylo webrender,4768565,77,ms,firefox,455087901,1876471297,2024-04-18T21:15:15,699.4298712252421,eed297665148d999a1c59d7d6e66f6973e0dd84c,1411845
autoland,4768729,12,95f51e857a45cd76f1766c14d6bed804857cd27b,windows10-64-shippable-qr,True,False,,,102210fe594ee9b33d82058545b1ed14f4c8206e,custom.jsdebugger.open.DAMP,damp,True,damp custom.jsdebugger.open.DAMP opt e10s fission stylo webrender,4768565,77,ms,firefox,455109591,1876647103,2024-04-19T01:55:54,698.9932364742417,3e097fca93b9af809ad16ed1d5f0bdd874f8f8e2,1411981
autoland,4768729,12,95f51e857a45cd76f1766c14d6bed804857cd27b,windows10-64-shippable-qr,True,False,,,102210fe594ee9b33d82058545b1ed14f4c8206e,custom.jsdebugger.open.DAMP,damp,True,damp custom.jsdebugger.open.DAMP opt e10s fission stylo webrender,4768565,77,ms,firefox,455120056,1876808948,2024-04-19T06:08:52,698.2203218296054,99364906cd1d11016d0fc2dc03a8b7fd11705aa4,1412057
autoland,4768729,12,95f51e857a45cd76f1766c14d6bed804857cd27b,windows10-64-shippable-qr,True,False,,,102210fe594ee9b33d82058545b1ed14f4c8206e,custom.jsdebugger.open.DAMP,damp,True,damp custom.jsdebugger.open.DAMP opt e10s fission stylo webrender,4768565,77,ms,firefox,455148106,1876974196,2024-04-19T10:27:22,697.1506190588843,465ebfc7da3d3a6de812574016249ab37ab8605c,1412150
autoland,4768729,12,95f51e857a45cd76f1766c14d6bed804857cd27b,windows10-64-shippable-qr,True,False,,,102210fe594ee9b33d82058545b1ed14f4c8206e,custom.jsdebugger.open.DAMP,damp,True,damp custom.jsdebugger.open.DAMP opt e10s fission stylo webrender,4768565,77,ms,firefox,455215060,1877266082,2024-04-19T18:48:31,700.3096569129557,cf54488baa94dff90075eb1c2e96afc7353a4eee,1412477
autoland,4768729,12,95f51e857a45cd76f1766c14d6bed804857cd27b,windows10-64-shippable-qr,True,False,,,102210fe594ee9b33d82058545b1ed14f4c8206e,custom.jsdebugger.open.DAMP,damp,True,damp custom.jsdebugger.open.DAMP opt e10s fission stylo webrender,4768565,77,ms,firefox,455243054,1877437024,2024-04-19T22:58:06,695.9068678985495,fd56e5907d69d8a14032cc7ec308f013a266ee16,1412613
autoland,4768729,12,95f51e857a45cd76f1766c14d6bed804857cd27b,windows10-64-shippable-qr,True,False,,,102210fe594ee9b33d82058545b1ed14f4c8206e,custom.jsdebugger.open.DAMP,damp,True,damp custom.jsdebugger.open.DAMP opt e10s fission stylo webrender,4768565,77,ms,firefox,455253724,1877516452,2024-04-20T05:31:24,698.8686846069177,4797f0a19ccc6dca6f6aa6710f76967e23ba6276,1412701
autoland,4768729,12,95f51e857a45cd76f1766c14d6bed804857cd27b,windows10-64-shippable-qr,True,False,,,102210fe594ee9b33d82058545b1ed14f4c8206e,custom.jsdebugger.open.DAMP,damp,True,damp custom.jsdebugger.open.DAMP opt e10s fission stylo webrender,4768565,77,ms,firefox,455283762,1877632550,2024-04-20T15:42:35,692.275199927928,f5d9ea237d971478f314e77299398079989b786c,1412749
autoland,4768729,12,95f51e857a45cd76f1766c14d6bed804857cd27b,windows10-64-shippable-qr,True,False,,,102210fe594ee9b33d82058545b1ed14f4c8206e,custom.jsdebugger.open.DAMP,damp,True,damp custom.jsdebugger.open.DAMP opt e10s fission stylo webrender,4768565,77,ms,firefox,455289514,1877674690,2024-04-21T00:18:25,704.0031921498849,65ceed609eb489d653eefc7e22fa34f869027a26,1412781
autoland,4768729,12,95f51e857a45cd76f1766c14d6bed804857cd27b,windows10-64-shippable-qr,True,False,,,102210fe594ee9b33d82058545b1ed14f4c8206e,custom.jsdebugger.open.DAMP,damp,True,damp custom.jsdebugger.open.DAMP opt e10s fission stylo webrender,4768565,77,ms,firefox,455326012,1877875174,2024-04-21T21:40:30,699.8064981003117,400d4e6908a3aef8f83ae4db204d62e3e028f704,1412843
autoland,4768729,12,95f51e857a45cd76f1766c14d6bed804857cd27b,windows10-64-shippable-qr,True,False,,,102210fe594ee9b33d82058545b1ed14f4c8206e,custom.jsdebugger.open.DAMP,damp,True,damp custom.jsdebugger.open.DAMP opt e10s fission stylo webrender,4768565,77,ms,firefox,455334932,1877963293,2024-04-22T04:00:04,697.04927925847,d4a6129fdbbe32300d5069df6ce47dd92f665c96,1412913
autoland,4768729,12,95f51e857a45cd76f1766c14d6bed804857cd27b,windows10-64-shippable-qr,True,False,,,102210fe594ee9b33d82058545b1ed14f4c8206e,custom.jsdebugger.open.DAMP,damp,True,damp custom.jsdebugger.open.DAMP opt e10s fission stylo webrender,4768565,77,ms,firefox,455348732,1878038108,2024-04-22T08:07:09,709.6514229189488,5a83d047329402d960e6c402c6deb27927a436c9,1412944
autoland,4768729,12,95f51e857a45cd76f1766c14d6bed804857cd27b,windows10-64-shippable-qr,True,False,,,102210fe594ee9b33d82058545b1ed14f4c8206e,custom.jsdebugger.open.DAMP,damp,True,damp custom.jsdebugger.open.DAMP opt e10s fission stylo webrender,4768565,77,ms,firefox,455389376,1878181861,2024-04-22T12:07:57,696.66131227804,1c34b0b26d5a556ee695c70bd744ca9f129f456e,1413048
autoland,4768729,12,95f51e857a45cd76f1766c14d6bed804857cd27b,windows10-64-shippable-qr,True,False,,,102210fe594ee9b33d82058545b1ed14f4c8206e,custom.jsdebugger.open.DAMP,damp,True,damp custom.jsdebugger.open.DAMP opt e10s fission stylo webrender,4768565,77,ms,firefox,455437887,1878375060,2024-04-22T19:20:17,701.1833350058587,ed724b89a2c25252a6eab99f0fa48f85f2523b66,1413379
autoland,4768729,12,95f51e857a45cd76f1766c14d6bed804857cd27b,windows10-64-shippable-qr,True,False,,,102210fe594ee9b33d82058545b1ed14f4c8206e,custom.jsdebugger.open.DAMP,damp,True,damp custom.jsdebugger.open.DAMP opt e10s fission stylo webrender,4768565,77,ms,firefox,455469799,1878536813,2024-04-22T23:20:55,702.8049412787077,294255d7250372c7cd6256cb6d1da23325d1f728,1413581
autoland,4768729,12,95f51e857a45cd76f1766c14d6bed804857cd27b,windows10-64-shippable-qr,True,False,,,102210fe594ee9b33d82058545b1ed14f4c8206e,custom.jsdebugger.open.DAMP,damp,True,damp custom.jsdebugger.open.DAMP opt e10s fission stylo webrender,4768565,77,ms,firefox,455487993,1878661725,2024-04-23T03:59:43,701.6990181903166,074d29b6e81d7fbf5ac7dea664ffea6a59b41b80,1413693
autoland,4768729,12,95f51e857a45cd76f1766c14d6bed804857cd27b,windows10-64-shippable-qr,True,False,,,102210fe594ee9b33d82058545b1ed14f4c8206e,custom.jsdebugger.open.DAMP,damp,True,damp custom.jsdebugger.open.DAMP opt e10s fission stylo webrender,4768565,77,ms,firefox,455500608,1878753939,2024-04-23T08:01:00,697.5879342783301,5519716422b3e14060894caded45bac7a3aeb773,1413770
autoland,4768729,12,95f51e857a45cd76f1766c14d6bed804857cd27b,windows10-64-shippable-qr,True,False,,,102210fe594ee9b33d82058545b1ed14f4c8206e,custom.jsdebugger.open.DAMP,damp,True,damp custom.jsdebugger.open.DAMP opt e10s fission stylo webrender,4768565,77,ms,firefox,455540661,1878909541,2024-04-23T11:54:58,699.6047700658892,d0b5d121d8fc8ffddbec3e026a455ecfe0071347,1413921
autoland,4768729,12,95f51e857a45cd76f1766c14d6bed804857cd27b,windows10-64-shippable-qr,True,False,,,102210fe594ee9b33d82058545b1ed14f4c8206e,custom.jsdebugger.open.DAMP,damp,True,damp custom.jsdebugger.open.DAMP opt e10s fission stylo webrender,4768565,77,ms,firefox,455563334,1879068631,2024-04-23T15:44:45,696.2769098436984,058dc2e8394c7361874508e49f2bbbfc3173f1a9,1414120
autoland,4768729,12,95f51e857a45cd76f1766c14d6bed804857cd27b,windows10-64-shippable-qr,True,False,,,102210fe594ee9b33d82058545b1ed14f4c8206e,custom.jsdebugger.open.DAMP,damp,True,damp custom.jsdebugger.open.DAMP opt e10s fission stylo webrender,4768565,77,ms,firefox,455587390,1879213852,2024-04-23T18:21:27,698.1846171175421,1c40eb01d534a1c361c5c6fe0b3fdc64aed2c883,1414216
autoland,4768729,12,95f51e857a45cd76f1766c14d6bed804857cd27b,windows10-64-shippable-qr,True,False,,,102210fe594ee9b33d82058545b1ed14f4c8206e,custom.jsdebugger.open.DAMP,damp,True,damp custom.jsdebugger.open.DAMP opt e10s fission stylo webrender,4768565,77,ms,firefox,455614407,1879345013,2024-04-23T22:59:53,701.317955591876,b516592332299274cdbcfd113f1d8a97cc0ee8af,1414419
autoland,4768729,12,95f51e857a45cd76f1766c14d6bed804857cd27b,windows10-64-shippable-qr,True,False,,,102210fe594ee9b33d82058545b1ed14f4c8206e,custom.jsdebugger.open.DAMP,damp,True,damp custom.jsdebugger.open.DAMP opt e10s fission stylo webrender,4768565,77,ms,firefox,455629255,1879438461,2024-04-24T03:55:37,698.7394220818242,3de3f9428f138bf269718fceb36c5112a195ca37,1414529
autoland,4768729,12,95f51e857a45cd76f1766c14d6bed804857cd27b,windows10-64-shippable-qr,True,False,,,102210fe594ee9b33d82058545b1ed14f4c8206e,custom.jsdebugger.open.DAMP,damp,True,damp custom.jsdebugger.open.DAMP opt e10s fission stylo webrender,4768565,77,ms,firefox,455653763,1879610225,2024-04-24T07:56:15,704.123620200553,fd7d96cffddb9a76a1ecc148c3b284e8003fe6b9,1414632
autoland,4768729,12,95f51e857a45cd76f1766c14d6bed804857cd27b,windows10-64-shippable-qr,True,False,,,102210fe594ee9b33d82058545b1ed14f4c8206e,custom.jsdebugger.open.DAMP,damp,True,damp custom.jsdebugger.open.DAMP opt e10s fission stylo webrender,4768565,77,ms,firefox,455698979,1879790623,2024-04-24T12:15:38,696.88291039865,87963547052db96296ae50e55c8266cbfc3bd922,1414844
autoland,4768729,12,95f51e857a45cd76f1766c14d6bed804857cd27b,windows10-64-shippable-qr,True,False,,,102210fe594ee9b33d82058545b1ed14f4c8206e,custom.jsdebugger.open.DAMP,damp,True,damp custom.jsdebugger.open.DAMP opt e10s fission stylo webrender,4768565,77,ms,firefox,455758074,166768,2024-04-25T00:20:54,696.2444465076078,ec5140ea1b1384a44d1ce6e0271fc97472399e96,1415370
autoland,4768729,12,95f51e857a45cd76f1766c14d6bed804857cd27b,windows10-64-shippable-qr,True,False,,,102210fe594ee9b33d82058545b1ed14f4c8206e,custom.jsdebugger.open.DAMP,damp,True,damp custom.jsdebugger.open.DAMP opt e10s fission stylo webrender,4768565,77,ms,firefox,455774587,222324,2024-04-25T02:34:18,707.7915517226065,cffa531d3b2e833bda2b3f035d37edb92f838428,1415633
autoland,4768729,12,95f51e857a45cd76f1766c14d6bed804857cd27b,windows10-64-shippable-qr,True,False,,,102210fe594ee9b33d82058545b1ed14f4c8206e,custom.jsdebugger.open.DAMP,damp,True,damp custom.jsdebugger.open.DAMP opt e10s fission stylo webrender,4768565,77,ms,firefox,455789727,339463,2024-04-25T05:01:58,699.7617491300334,792c9892791495e8f13e77e5a78bfda83ab7a455,1415718
autoland,4768729,12,95f51e857a45cd76f1766c14d6bed804857cd27b,windows10-64-shippable-qr,True,False,,,102210fe594ee9b33d82058545b1ed14f4c8206e,custom.jsdebugger.open.DAMP,damp,True,damp custom.jsdebugger.open.DAMP opt e10s fission stylo webrender,4768565,77,ms,firefox,455809219,489000,2024-04-25T09:09:49,700.0482645250859,5b0d6bb6f3780aaf074d79548381fd6e7a565b85,1415822
autoland,4768729,12,95f51e857a45cd76f1766c14d6bed804857cd27b,windows10-64-shippable-qr,True,False,,,102210fe594ee9b33d82058545b1ed14f4c8206e,custom.jsdebugger.open.DAMP,damp,True,damp custom.jsdebugger.open.DAMP opt e10s fission stylo webrender,4768565,77,ms,firefox,455865178,696777,2024-04-25T13:10:04,708.1010277538153,88f7b12683ce863c6ca742ac14e176ee045383bd,1416008
autoland,4768729,12,95f51e857a45cd76f1766c14d6bed804857cd27b,windows10-64-shippable-qr,True,False,,,102210fe594ee9b33d82058545b1ed14f4c8206e,custom.jsdebugger.open.DAMP,damp,True,damp custom.jsdebugger.open.DAMP opt e10s fission stylo webrender,4768565,77,ms,firefox,455879525,774724,2024-04-25T16:29:00,696.5329402083007,6611338ffbdafbbc5b82211b1c255353bdb30763,1416183
autoland,4768729,12,95f51e857a45cd76f1766c14d6bed804857cd27b,windows10-64-shippable-qr,True,False,,,102210fe594ee9b33d82058545b1ed14f4c8206e,custom.jsdebugger.open.DAMP,damp,True,damp custom.jsdebugger.open.DAMP opt e10s fission stylo webrender,4768565,77,ms,firefox,455929349,959577,2024-04-25T21:12:20,695.2503507196961,6a497992821d53c3704819a4f43c6a7d3234c5a2,1416361
autoland,4768729,12,95f51e857a45cd76f1766c14d6bed804857cd27b,windows10-64-shippable-qr,True,False,,,102210fe594ee9b33d82058545b1ed14f4c8206e,custom.jsdebugger.open.DAMP,damp,True,damp custom.jsdebugger.open.DAMP opt e10s fission stylo webrender,4768565,77,ms,firefox,455944133,1030247,2024-04-26T01:33:24,695.3403586524073,b89431ee0f24bcb481d894ad21288e4f09e1960d,1416487
autoland,4768729,12,95f51e857a45cd76f1766c14d6bed804857cd27b,windows10-64-shippable-qr,True,False,,,102210fe594ee9b33d82058545b1ed14f4c8206e,custom.jsdebugger.open.DAMP,damp,True,damp custom.jsdebugger.open.DAMP opt e10s fission stylo webrender,4768565,77,ms,firefox,455960856,1150606,2024-04-26T05:34:38,708.7494329599431,ed2448d27fe2e034cd5804dc7310c3f72ac2eaa5,1416537
autoland,4768729,12,95f51e857a45cd76f1766c14d6bed804857cd27b,windows10-64-shippable-qr,True,False,,,102210fe594ee9b33d82058545b1ed14f4c8206e,custom.jsdebugger.open.DAMP,damp,True,damp custom.jsdebugger.open.DAMP opt e10s fission stylo webrender,4768565,77,ms,firefox,455998542,1316076,2024-04-26T09:39:43,695.9182287236436,c8be3827903b85cfb4313957b4f308f696d3b0fe,1416671
autoland,4768729,12,95f51e857a45cd76f1766c14d6bed804857cd27b,windows10-64-shippable-qr,True,False,,,102210fe594ee9b33d82058545b1ed14f4c8206e,custom.jsdebugger.open.DAMP,damp,True,damp custom.jsdebugger.open.DAMP opt e10s fission stylo webrender,4768565,77,ms,firefox,456031177,1431879,2024-04-26T13:51:38,694.8522810977156,462f013c08cacd7abfae1f2d1bf26354372a829f,1416831
autoland,4768729,12,95f51e857a45cd76f1766c14d6bed804857cd27b,windows10-64-shippable-qr,True,False,,,102210fe594ee9b33d82058545b1ed14f4c8206e,custom.jsdebugger.open.DAMP,damp,True,damp custom.jsdebugger.open.DAMP opt e10s fission stylo webrender,4768565,77,ms,firefox,456055973,1555654,2024-04-26T17:53:01,695.2719132848551,ed101e266315213d1ad0a423c49bade6ff5df172,1417003
autoland,4768729,12,95f51e857a45cd76f1766c14d6bed804857cd27b,windows10-64-shippable-qr,True,False,,,102210fe594ee9b33d82058545b1ed14f4c8206e,custom.jsdebugger.open.DAMP,damp,True,damp custom.jsdebugger.open.DAMP opt e10s fission stylo webrender,4768565,77,ms,firefox,456082655,1678643,2024-04-26T22:54:36,708.9112962959334,7b85c82d731ddab976c6abe7e54685cacaebba41,1417188
autoland,4768729,12,95f51e857a45cd76f1766c14d6bed804857cd27b,windows10-64-shippable-qr,True,False,,,102210fe594ee9b33d82058545b1ed14f4c8206e,custom.jsdebugger.open.DAMP,damp,True,damp custom.jsdebugger.open.DAMP opt e10s fission stylo webrender,4768565,77,ms,firefox,456094390,1759957,2024-04-27T03:46:15,695.3572173409339,45defed78aafc90410c68310027bf771bcfc5968,1417229
autoland,4768729,12,95f51e857a45cd76f1766c14d6bed804857cd27b,windows10-64-shippable-qr,True,False,,,102210fe594ee9b33d82058545b1ed14f4c8206e,custom.jsdebugger.open.DAMP,damp,True,damp custom.jsdebugger.open.DAMP opt e10s fission stylo webrender,4768565,77,ms,firefox,456116427,1858284,2024-04-27T10:47:32,695.8965540310819,b694b588a2936a5c99a0ecf2d9d8fb6382a2bff4,1417256
autoland,4768729,12,95f51e857a45cd76f1766c14d6bed804857cd27b,windows10-64-shippable-qr,True,False,,,102210fe594ee9b33d82058545b1ed14f4c8206e,custom.jsdebugger.open.DAMP,damp,True,damp custom.jsdebugger.open.DAMP opt e10s fission stylo webrender,4768565,77,ms,firefox,456136380,1953145,2024-04-27T18:43:51,704.1750463871294,69bb72420e433fa8d66fff354e5ce90402289ac1,1417294
autoland,4768729,12,95f51e857a45cd76f1766c14d6bed804857cd27b,windows10-64-shippable-qr,True,False,,,102210fe594ee9b33d82058545b1ed14f4c8206e,custom.jsdebugger.open.DAMP,damp,True,damp custom.jsdebugger.open.DAMP opt e10s fission stylo webrender,4768565,77,ms,firefox,456151378,2022923,2024-04-27T22:45:22,701.0535578484123,8256dde0533523666a60914881f81717e1705f8a,1417317
autoland,4768729,12,95f51e857a45cd76f1766c14d6bed804857cd27b,windows10-64-shippable-qr,True,False,,,102210fe594ee9b33d82058545b1ed14f4c8206e,custom.jsdebugger.open.DAMP,damp,True,damp custom.jsdebugger.open.DAMP opt e10s fission stylo webrender,4768565,77,ms,firefox,456157172,2054535,2024-04-28T03:23:06,693.7457439963764,d1651fe33156a2aab5884ab1eaaaa8c5dd64631d,1417329
autoland,4768729,12,95f51e857a45cd76f1766c14d6bed804857cd27b,windows10-64-shippable-qr,True,False,,,102210fe594ee9b33d82058545b1ed14f4c8206e,custom.jsdebugger.open.DAMP,damp,True,damp custom.jsdebugger.open.DAMP opt e10s fission stylo webrender,4768565,77,ms,firefox,456181070,2157224,2024-04-28T10:04:44,715.4177693142374,e479324bc8bb9135d7a48ad8ebc677725f27de37,1417378
autoland,4768729,12,95f51e857a45cd76f1766c14d6bed804857cd27b,windows10-64-shippable-qr,True,False,,,102210fe594ee9b33d82058545b1ed14f4c8206e,custom.jsdebugger.open.DAMP,damp,True,damp custom.jsdebugger.open.DAMP opt e10s fission stylo webrender,4768565,77,ms,firefox,456187870,2189241,2024-04-28T14:13:44,697.0943302456371,f157e5d64220507743654737cdd9b5e74f4f3ed5,1417383
autoland,4768729,12,95f51e857a45cd76f1766c14d6bed804857cd27b,windows10-64-shippable-qr,True,False,,,102210fe594ee9b33d82058545b1ed14f4c8206e,custom.jsdebugger.open.DAMP,damp,True,damp custom.jsdebugger.open.DAMP opt e10s fission stylo webrender,4768565,77,ms,firefox,456192042,2223394,2024-04-28T19:02:33,695.6761339840159,717a883474bedbbf5f420ffd52c76d3f6d4b910d,1417402
autoland,4768729,12,95f51e857a45cd76f1766c14d6bed804857cd27b,windows10-64-shippable-qr,True,False,,,102210fe594ee9b33d82058545b1ed14f4c8206e,custom.jsdebugger.open.DAMP,damp,True,damp custom.jsdebugger.open.DAMP opt e10s fission stylo webrender,4768565,77,ms,firefox,456208284,2291905,2024-04-29T00:22:43,695.9212638095196,0481d43263e16ab0b359e3c85888197704857817,1417434
autoland,4768729,12,95f51e857a45cd76f1766c14d6bed804857cd27b,windows10-64-shippable-qr,True,False,,,102210fe594ee9b33d82058545b1ed14f4c8206e,custom.jsdebugger.open.DAMP,damp,True,damp custom.jsdebugger.open.DAMP opt e10s fission stylo webrender,4768565,77,ms,firefox,456217059,2366910,2024-04-29T06:17:09,712.5625193919695,6b17c605c084e2db078b234e703a176d3b427fe1,1417456
autoland,4768729,12,95f51e857a45cd76f1766c14d6bed804857cd27b,windows10-64-shippable-qr,True,False,,,102210fe594ee9b33d82058545b1ed14f4c8206e,custom.jsdebugger.open.DAMP,damp,True,damp custom.jsdebugger.open.DAMP opt e10s fission stylo webrender,4768565,77,ms,firefox,456250579,2553211,2024-04-29T10:38:34,702.9243015731045,04a668ef9c909b54153526f6b4e28b4287e80664,1417565
autoland,4768729,12,95f51e857a45cd76f1766c14d6bed804857cd27b,windows10-64-shippable-qr,True,False,,,102210fe594ee9b33d82058545b1ed14f4c8206e,custom.jsdebugger.open.DAMP,damp,True,damp custom.jsdebugger.open.DAMP opt e10s fission stylo webrender,4768565,77,ms,firefox,456295090,2707299,2024-04-29T14:46:23,698.740478925225,650dda9187436a12c66c2e81441e68e1d481e164,1417768
autoland,4768729,12,95f51e857a45cd76f1766c14d6bed804857cd27b,windows10-64-shippable-qr,True,False,,,102210fe594ee9b33d82058545b1ed14f4c8206e,custom.jsdebugger.open.DAMP,damp,True,damp custom.jsdebugger.open.DAMP opt e10s fission stylo webrender,4768565,77,ms,firefox,456339151,2972539,2024-04-29T19:52:22,700.0664234780052,e9cdeeb2f957d210479897325c1d72ded8f512a4,1418020
autoland,4768729,12,95f51e857a45cd76f1766c14d6bed804857cd27b,windows10-64-shippable-qr,True,False,,,102210fe594ee9b33d82058545b1ed14f4c8206e,custom.jsdebugger.open.DAMP,damp,True,damp custom.jsdebugger.open.DAMP opt e10s fission stylo webrender,4768565,77,ms,firefox,456368173,3076348,2024-04-30T00:02:50,693.9251810092783,660a39c9cdc7fc3c728c5da5ccaa8856854fa346,1418169
autoland,4768729,12,95f51e857a45cd76f1766c14d6bed804857cd27b,windows10-64-shippable-qr,True,False,,,102210fe594ee9b33d82058545b1ed14f4c8206e,custom.jsdebugger.open.DAMP,damp,True,damp custom.jsdebugger.open.DAMP opt e10s fission stylo webrender,4768565,77,ms,firefox,456379418,3147251,2024-04-30T05:00:53,691.6269952203074,0c6cd807867dbaf592b3c7db4eef81220fe03acf,1418256
autoland,4768729,12,95f51e857a45cd76f1766c14d6bed804857cd27b,windows10-64-shippable-qr,True,False,,,102210fe594ee9b33d82058545b1ed14f4c8206e,custom.jsdebugger.open.DAMP,damp,True,damp custom.jsdebugger.open.DAMP opt e10s fission stylo webrender,4768565,77,ms,firefox,456398088,3249882,2024-04-30T09:02:30,700.4938413195196,5502377f2629549b2b7c5368c980d0487ed281d4,1418348
autoland,4768729,12,95f51e857a45cd76f1766c14d6bed804857cd27b,windows10-64-shippable-qr,True,False,,,102210fe594ee9b33d82058545b1ed14f4c8206e,custom.jsdebugger.open.DAMP,damp,True,damp custom.jsdebugger.open.DAMP opt e10s fission stylo webrender,4768565,77,ms,firefox,456450162,3446919,2024-04-30T13:09:55,695.6244813865851,df31c6244c03bc65932fec706fefedf091587459,1418487
autoland,4768729,12,95f51e857a45cd76f1766c14d6bed804857cd27b,windows10-64-shippable-qr,True,False,,,102210fe594ee9b33d82058545b1ed14f4c8206e,custom.jsdebugger.open.DAMP,damp,True,damp custom.jsdebugger.open.DAMP opt e10s fission stylo webrender,4768565,77,ms,firefox,456564149,4035326,2024-04-30T16:26:23,699.6133377979713,8f7500d7e530d9db7e5101922db97ea633705f4e,1418685
autoland,4768729,12,95f51e857a45cd76f1766c14d6bed804857cd27b,windows10-64-shippable-qr,True,False,,,102210fe594ee9b33d82058545b1ed14f4c8206e,custom.jsdebugger.open.DAMP,damp,True,damp custom.jsdebugger.open.DAMP opt e10s fission stylo webrender,4768565,77,ms,firefox,456483359,3970077,2024-04-30T19:24:53,697.4110203581513,ec8f015d7e7237118cd2c9633310bf3b43bc902b,1418797
autoland,4768729,12,95f51e857a45cd76f1766c14d6bed804857cd27b,windows10-64-shippable-qr,True,False,,,102210fe594ee9b33d82058545b1ed14f4c8206e,custom.jsdebugger.open.DAMP,damp,True,damp custom.jsdebugger.open.DAMP opt e10s fission stylo webrender,4768565,77,ms,firefox,456514502,3978781,2024-04-30T23:32:26,699.2897193454846,cd22a3f9463d7df724c7e17c83b6f9d8fe0dd54e,1418926
autoland,4768729,12,95f51e857a45cd76f1766c14d6bed804857cd27b,windows10-64-shippable-qr,True,False,,,102210fe594ee9b33d82058545b1ed14f4c8206e,custom.jsdebugger.open.DAMP,damp,True,damp custom.jsdebugger.open.DAMP opt e10s fission stylo webrender,4768565,77,ms,firefox,456524097,3983001,2024-05-01T03:47:22,703.9108996055584,5801de1f3daa092cf721149dc96e7b073c172a92,1419018
autoland,4768729,12,95f51e857a45cd76f1766c14d6bed804857cd27b,windows10-64-shippable-qr,True,False,,,102210fe594ee9b33d82058545b1ed14f4c8206e,custom.jsdebugger.open.DAMP,damp,True,damp custom.jsdebugger.open.DAMP opt e10s fission stylo webrender,4768565,77,ms,firefox,456540244,4028219,2024-05-01T07:50:28,697.551685520215,287f670c824ebf9c8dbde990f795f92c94af4882,1419058
autoland,4768729,12,95f51e857a45cd76f1766c14d6bed804857cd27b,windows10-64-shippable-qr,True,False,,,102210fe594ee9b33d82058545b1ed14f4c8206e,custom.jsdebugger.open.DAMP,damp,True,damp custom.jsdebugger.open.DAMP opt e10s fission stylo webrender,4768565,77,ms,firefox,456581152,4109446,2024-05-01T18:27:07,694.6481063538522,0c09216614e40f92d253d63a3699eb680be6773a,1419281
autoland,4768729,12,95f51e857a45cd76f1766c14d6bed804857cd27b,windows10-64-shippable-qr,True,False,,,102210fe594ee9b33d82058545b1ed14f4c8206e,custom.jsdebugger.open.DAMP,damp,True,damp custom.jsdebugger.open.DAMP opt e10s fission stylo webrender,4768565,77,ms,firefox,456605235,4242879,2024-05-01T20:27:27,710.4880864365914,b8f4a7d4d873dccbf25b9bc2f3510753c2b3fde7,1419379
autoland,4768729,12,95f51e857a45cd76f1766c14d6bed804857cd27b,windows10-64-shippable-qr,True,False,,,102210fe594ee9b33d82058545b1ed14f4c8206e,custom.jsdebugger.open.DAMP,damp,True,damp custom.jsdebugger.open.DAMP opt e10s fission stylo webrender,4768565,77,ms,firefox,456615905,4298655,2024-05-01T23:13:57,694.8511617270124,533fbd9c5056d0b2611e332cddafd7337193d64f,1419453
autoland,4768729,12,95f51e857a45cd76f1766c14d6bed804857cd27b,windows10-64-shippable-qr,True,False,,,102210fe594ee9b33d82058545b1ed14f4c8206e,custom.jsdebugger.open.DAMP,damp,True,damp custom.jsdebugger.open.DAMP opt e10s fission stylo webrender,4768565,77,ms,firefox,456638978,4446389,2024-05-02T04:22:12,700.0925356404041,dda5d5286866494223d6cc52382d52032d961218,1419529
autoland,4768729,12,95f51e857a45cd76f1766c14d6bed804857cd27b,windows10-64-shippable-qr,True,False,,,102210fe594ee9b33d82058545b1ed14f4c8206e,custom.jsdebugger.open.DAMP,damp,True,damp custom.jsdebugger.open.DAMP opt e10s fission stylo webrender,4768565,77,ms,firefox,456663594,4596881,2024-05-02T08:48:43,698.9637128843024,8f1e622a3413df009913d856f603c77b8e637efc,1419618
autoland,4768729,12,95f51e857a45cd76f1766c14d6bed804857cd27b,windows10-64-shippable-qr,True,False,,,102210fe594ee9b33d82058545b1ed14f4c8206e,custom.jsdebugger.open.DAMP,damp,True,damp custom.jsdebugger.open.DAMP opt e10s fission stylo webrender,4768565,77,ms,firefox,456699899,4797615,2024-05-02T12:53:32,692.416472448298,ea25d02dac47e6880ab5b936adc308c24cbeab32,1419765
autoland,4768729,12,95f51e857a45cd76f1766c14d6bed804857cd27b,windows10-64-shippable-qr,True,False,,,102210fe594ee9b33d82058545b1ed14f4c8206e,custom.jsdebugger.open.DAMP,damp,True,damp custom.jsdebugger.open.DAMP opt e10s fission stylo webrender,4768565,77,ms,firefox,456721336,4891331,2024-05-02T15:44:03,693.8373920745789,91cfcfc5935b5ac51c36c1a08a064c33a2d96fd5,1419950
autoland,4768729,12,95f51e857a45cd76f1766c14d6bed804857cd27b,windows10-64-shippable-qr,True,False,,,102210fe594ee9b33d82058545b1ed14f4c8206e,custom.jsdebugger.open.DAMP,damp,True,damp custom.jsdebugger.open.DAMP opt e10s fission stylo webrender,4768565,77,ms,firefox,456739014,4990255,2024-05-02T17:57:36,696.564068640786,3a0b95c0a8b3e334c5811a26420f39aaba7e5be3,1420053
autoland,4768729,12,95f51e857a45cd76f1766c14d6bed804857cd27b,windows10-64-shippable-qr,True,False,,,102210fe594ee9b33d82058545b1ed14f4c8206e,custom.jsdebugger.open.DAMP,damp,True,damp custom.jsdebugger.open.DAMP opt e10s fission stylo webrender,4768565,77,ms,firefox,456777419,5144442,2024-05-02T23:51:01,695.1692092599915,f5cfc0ea73926b119ca193381efffbfa5859d867,1420328
autoland,4768729,12,95f51e857a45cd76f1766c14d6bed804857cd27b,windows10-64-shippable-qr,True,False,,,102210fe594ee9b33d82058545b1ed14f4c8206e,custom.jsdebugger.open.DAMP,damp,True,damp custom.jsdebugger.open.DAMP opt e10s fission stylo webrender,4768565,77,ms,firefox,456791658,5270636,2024-05-03T04:04:06,700.0947199191723,c5c13444d9afc38f2ee8d567a1a17f26a9b6659b,1420386
autoland,4768729,12,95f51e857a45cd76f1766c14d6bed804857cd27b,windows10-64-shippable-qr,True,False,,,102210fe594ee9b33d82058545b1ed14f4c8206e,custom.jsdebugger.open.DAMP,damp,True,damp custom.jsdebugger.open.DAMP opt e10s fission stylo webrender,4768565,77,ms,firefox,456817252,5375566,2024-05-03T08:10:40,697.7944409097527,fd534101970b397f34b099196fabc43b927c7fcf,1420452
autoland,4768729,12,95f51e857a45cd76f1766c14d6bed804857cd27b,windows10-64-shippable-qr,True,False,,,102210fe594ee9b33d82058545b1ed14f4c8206e,custom.jsdebugger.open.DAMP,damp,True,damp custom.jsdebugger.open.DAMP opt e10s fission stylo webrender,4768565,77,ms,firefox,456870142,5631310,2024-05-03T12:18:12,697.3930329782734,e91d8e436dcc57f87d15822b1dc5b12644cb980e,1420590
autoland,4768729,12,95f51e857a45cd76f1766c14d6bed804857cd27b,windows10-64-shippable-qr,True,False,,,102210fe594ee9b33d82058545b1ed14f4c8206e,custom.jsdebugger.open.DAMP,damp,True,damp custom.jsdebugger.open.DAMP opt e10s fission stylo webrender,4768565,77,ms,firefox,456889692,5785892,2024-05-03T16:29:14,698.1633867929859,0a8a8f84140a331e815f8520a76a3c928e4486ea,1420823
autoland,4768729,12,95f51e857a45cd76f1766c14d6bed804857cd27b,windows10-64-shippable-qr,True,False,,,102210fe594ee9b33d82058545b1ed14f4c8206e,custom.jsdebugger.open.DAMP,damp,True,damp custom.jsdebugger.open.DAMP opt e10s fission stylo webrender,4768565,77,ms,firefox,456908906,5938598,2024-05-03T19:41:01,693.9784011056418,1e88e24f01e40c6d9b7e3f222f4fbb0d55c9639d,1420975
autoland,4768729,12,95f51e857a45cd76f1766c14d6bed804857cd27b,windows10-64-shippable-qr,True,False,,,102210fe594ee9b33d82058545b1ed14f4c8206e,custom.jsdebugger.open.DAMP,damp,True,damp custom.jsdebugger.open.DAMP opt e10s fission stylo webrender,4768565,77,ms,firefox,456959852,6256303,2024-05-04T09:19:48,696.985517239028,a546ec29a8018c8e98e738460e9bdfd5d4003690,1421174
autoland,4768729,12,95f51e857a45cd76f1766c14d6bed804857cd27b,windows10-64-shippable-qr,True,False,,,102210fe594ee9b33d82058545b1ed14f4c8206e,custom.jsdebugger.open.DAMP,damp,True,damp custom.jsdebugger.open.DAMP opt e10s fission stylo webrender,4768565,77,ms,firefox,456979997,6354791,2024-05-04T19:44:42,697.5027357880754,422a6a673019bc0e2dfd459eceee9594246a0a9d,1421318
autoland,4768729,12,95f51e857a45cd76f1766c14d6bed804857cd27b,windows10-64-shippable-qr,True,False,,,102210fe594ee9b33d82058545b1ed14f4c8206e,custom.jsdebugger.open.DAMP,damp,True,damp custom.jsdebugger.open.DAMP opt e10s fission stylo webrender,4768565,77,ms,firefox,456996566,6421129,2024-05-05T00:17:27,699.0279845689656,1343ec609dea28acb4b297bebd481211e1742b11,1421344
autoland,4768729,12,95f51e857a45cd76f1766c14d6bed804857cd27b,windows10-64-shippable-qr,True,False,,,102210fe594ee9b33d82058545b1ed14f4c8206e,custom.jsdebugger.open.DAMP,damp,True,damp custom.jsdebugger.open.DAMP opt e10s fission stylo webrender,4768565,77,ms,firefox,457010618,6522789,2024-05-05T08:06:08,709.987647152986,5c3e0ef9b916432dfc42f800c3c7997f58ae5a63,1421422
autoland,4768729,12,95f51e857a45cd76f1766c14d6bed804857cd27b,windows10-64-shippable-qr,True,False,,,102210fe594ee9b33d82058545b1ed14f4c8206e,custom.jsdebugger.open.DAMP,damp,True,damp custom.jsdebugger.open.DAMP opt e10s fission stylo webrender,4768565,77,ms,firefox,457031879,6635349,2024-05-05T13:09:56,693.2264320837567,286a373804e5360a54d51ec691ba7bfd02def155,1421444
autoland,4768729,12,95f51e857a45cd76f1766c14d6bed804857cd27b,windows10-64-shippable-qr,True,False,,,102210fe594ee9b33d82058545b1ed14f4c8206e,custom.jsdebugger.open.DAMP,damp,True,damp custom.jsdebugger.open.DAMP opt e10s fission stylo webrender,4768565,77,ms,firefox,457036721,6685584,2024-05-05T17:38:00,695.9482430235075,a6cb5ac7a79af000e99bf48f04ecb2943fcd3c68,1421459
autoland,4768729,12,95f51e857a45cd76f1766c14d6bed804857cd27b,windows10-64-shippable-qr,True,False,,,102210fe594ee9b33d82058545b1ed14f4c8206e,custom.jsdebugger.open.DAMP,damp,True,damp custom.jsdebugger.open.DAMP opt e10s fission stylo webrender,4768565,77,ms,firefox,457055627,6790699,2024-05-05T22:09:52,700.3149820237013,ea67e3b59c22cea8a2c797ce9a6608d3ddeaeca9,1421479
autoland,4768729,12,95f51e857a45cd76f1766c14d6bed804857cd27b,windows10-64-shippable-qr,True,False,,,102210fe594ee9b33d82058545b1ed14f4c8206e,custom.jsdebugger.open.DAMP,damp,True,damp custom.jsdebugger.open.DAMP opt e10s fission stylo webrender,4768565,77,ms,firefox,457060947,6841695,2024-05-06T03:19:39,695.7289294044167,ab041350c7569b831b00994a96625b9354dcf6b6,1421502
autoland,4768729,12,95f51e857a45cd76f1766c14d6bed804857cd27b,windows10-64-shippable-qr,True,False,,,102210fe594ee9b33d82058545b1ed14f4c8206e,custom.jsdebugger.open.DAMP,damp,True,damp custom.jsdebugger.open.DAMP opt e10s fission stylo webrender,4768565,77,ms,firefox,457071577,6909274,2024-05-06T07:31:35,700.848247611415,65e120a9c1dcb9c8f1c8930e808b03aa149eaf40,1421524
autoland,4768729,12,95f51e857a45cd76f1766c14d6bed804857cd27b,windows10-64-shippable-qr,True,False,,,102210fe594ee9b33d82058545b1ed14f4c8206e,custom.jsdebugger.open.DAMP,damp,True,damp custom.jsdebugger.open.DAMP opt e10s fission stylo webrender,4768565,77,ms,firefox,457106732,7056629,2024-05-06T11:33:14,698.8328096706537,13b26e8e0e39998b30b388bb6f5d84c0e8067c03,1421623
autoland,4768729,12,95f51e857a45cd76f1766c14d6bed804857cd27b,windows10-64-shippable-qr,True,False,,,102210fe594ee9b33d82058545b1ed14f4c8206e,custom.jsdebugger.open.DAMP,damp,True,damp custom.jsdebugger.open.DAMP opt e10s fission stylo webrender,4768565,77,ms,firefox,457134013,7185393,2024-05-06T15:35:21,694.7462395364564,26e8012d5da938871783505e3753b681ab8cb186,1421812
autoland,4768729,12,95f51e857a45cd76f1766c14d6bed804857cd27b,windows10-64-shippable-qr,True,False,,,102210fe594ee9b33d82058545b1ed14f4c8206e,custom.jsdebugger.open.DAMP,damp,True,damp custom.jsdebugger.open.DAMP opt e10s fission stylo webrender,4768565,77,ms,firefox,457153362,7275758,2024-05-06T17:44:25,706.0996618410427,eb10b86b18adfc70952409e13993f834d33fa099,1421908
autoland,4768729,12,95f51e857a45cd76f1766c14d6bed804857cd27b,windows10-64-shippable-qr,True,False,,,102210fe594ee9b33d82058545b1ed14f4c8206e,custom.jsdebugger.open.DAMP,damp,True,damp custom.jsdebugger.open.DAMP opt e10s fission stylo webrender,4768565,77,ms,firefox,457179684,7361909,2024-05-06T20:39:16,693.4252815654254,4c7b1942b455d9c365693e5584f7ea86c5b33615,1422073
autoland,4768729,12,95f51e857a45cd76f1766c14d6bed804857cd27b,windows10-64-shippable-qr,True,False,,,102210fe594ee9b33d82058545b1ed14f4c8206e,custom.jsdebugger.open.DAMP,damp,True,damp custom.jsdebugger.open.DAMP opt e10s fission stylo webrender,4768565,77,ms,firefox,457211704,7508968,2024-05-07T01:41:54,693.9535499708727,945bbd356b57424bcdb359e6d88c48cd03ff2c10,1422278
autoland,4768729,12,95f51e857a45cd76f1766c14d6bed804857cd27b,windows10-64-shippable-qr,True,False,,,102210fe594ee9b33d82058545b1ed14f4c8206e,custom.jsdebugger.open.DAMP,damp,True,damp custom.jsdebugger.open.DAMP opt e10s fission stylo webrender,4768565,77,ms,firefox,457232067,7604963,2024-05-07T06:04:59,694.4367075515911,80150ac16109a11457c3103e68bf1c7ac29270c0,1422341
autoland,4768729,12,95f51e857a45cd76f1766c14d6bed804857cd27b,windows10-64-shippable-qr,True,False,,,102210fe594ee9b33d82058545b1ed14f4c8206e,custom.jsdebugger.open.DAMP,damp,True,damp custom.jsdebugger.open.DAMP opt e10s fission stylo webrender,4768565,77,ms,firefox,457279753,7788936,2024-05-07T10:41:19,711.817239117081,641e15621e7bd2e0e8a2fab82d2b9838e386c3c4,1422484
autoland,4768729,12,95f51e857a45cd76f1766c14d6bed804857cd27b,windows10-64-shippable-qr,True,False,,,102210fe594ee9b33d82058545b1ed14f4c8206e,custom.jsdebugger.open.DAMP,damp,True,damp custom.jsdebugger.open.DAMP opt e10s fission stylo webrender,4768565,77,ms,firefox,457312137,7926962,2024-05-07T14:42:49,693.8503905884791,0041f761ddff5c598852d2b5cc41772a3a11cd0b,1422671
autoland,4768729,12,95f51e857a45cd76f1766c14d6bed804857cd27b,windows10-64-shippable-qr,True,False,,,102210fe594ee9b33d82058545b1ed14f4c8206e,custom.jsdebugger.open.DAMP,damp,True,damp custom.jsdebugger.open.DAMP opt e10s fission stylo webrender,4768565,77,ms,firefox,457353827,8215520,2024-05-07T18:25:44,698.0022807866189,425b44586178edae02872c1fbc0220a0b4ff4c1d,1422943
autoland,4768729,12,95f51e857a45cd76f1766c14d6bed804857cd27b,windows10-64-shippable-qr,True,False,,,102210fe594ee9b33d82058545b1ed14f4c8206e,custom.jsdebugger.open.DAMP,damp,True,damp custom.jsdebugger.open.DAMP opt e10s fission stylo webrender,4768565,77,ms,firefox,457375768,8299579,2024-05-07T22:14:58,698.3932424226514,149e752fdb3fa75a3a02f55e7c7c91f7f704cf8a,1423124
autoland,4768729,12,95f51e857a45cd76f1766c14d6bed804857cd27b,windows10-64-shippable-qr,True,False,,,102210fe594ee9b33d82058545b1ed14f4c8206e,custom.jsdebugger.open.DAMP,damp,True,damp custom.jsdebugger.open.DAMP opt e10s fission stylo webrender,4768565,77,ms,firefox,457410017,8473824,2024-05-08T04:41:52,699.2168779977801,a0b3e2669a2dc49c467521cb9b7966ca05e3dbc3,1423269
autoland,4768729,12,95f51e857a45cd76f1766c14d6bed804857cd27b,windows10-64-shippable-qr,True,False,,,102210fe594ee9b33d82058545b1ed14f4c8206e,custom.jsdebugger.open.DAMP,damp,True,damp custom.jsdebugger.open.DAMP opt e10s fission stylo webrender,4768565,77,ms,firefox,457423199,8553360,2024-05-08T08:48:11,702.9074748522835,bec816ef2f2c29ed86b08bb592d6283618418e16,1423316
autoland,4768729,12,95f51e857a45cd76f1766c14d6bed804857cd27b,windows10-64-shippable-qr,True,False,,,102210fe594ee9b33d82058545b1ed14f4c8206e,custom.jsdebugger.open.DAMP,damp,True,damp custom.jsdebugger.open.DAMP opt e10s fission stylo webrender,4768565,77,ms,firefox,457470817,8732341,2024-05-08T13:09:13,696.0224024237541,ed7b6f65910afcd687ef5aaa25605666805796bb,1423417
autoland,4768729,12,95f51e857a45cd76f1766c14d6bed804857cd27b,windows10-64-shippable-qr,True,False,,,102210fe594ee9b33d82058545b1ed14f4c8206e,custom.jsdebugger.open.DAMP,damp,True,damp custom.jsdebugger.open.DAMP opt e10s fission stylo webrender,4768565,77,ms,firefox,457478772,8777115,2024-05-08T15:06:56,702.5121096471339,1ebb69c4b2f06a5c589775b3bb2855e58164a487,1423517
autoland,4768729,12,95f51e857a45cd76f1766c14d6bed804857cd27b,windows10-64-shippable-qr,True,False,,,102210fe594ee9b33d82058545b1ed14f4c8206e,custom.jsdebugger.open.DAMP,damp,True,damp custom.jsdebugger.open.DAMP opt e10s fission stylo webrender,4768565,77,ms,firefox,457513500,8969491,2024-05-08T18:58:38,696.5131123087922,c07ec5ce9aa1d890134ffb93e07d7d0335f27378,1423722
autoland,4768729,12,95f51e857a45cd76f1766c14d6bed804857cd27b,windows10-64-shippable-qr,True,False,,,102210fe594ee9b33d82058545b1ed14f4c8206e,custom.jsdebugger.open.DAMP,damp,True,damp custom.jsdebugger.open.DAMP opt e10s fission stylo webrender,4768565,77,ms,firefox,457513501,8970004,2024-05-08T18:58:38,698.8774564919222,c07ec5ce9aa1d890134ffb93e07d7d0335f27378,1423722
autoland,4768729,12,95f51e857a45cd76f1766c14d6bed804857cd27b,windows10-64-shippable-qr,True,False,,,102210fe594ee9b33d82058545b1ed14f4c8206e,custom.jsdebugger.open.DAMP,damp,True,damp custom.jsdebugger.open.DAMP opt e10s fission stylo webrender,4768565,77,ms,firefox,457513502,8970255,2024-05-08T18:58:38,704.321795687938,c07ec5ce9aa1d890134ffb93e07d7d0335f27378,1423722
autoland,4768729,12,95f51e857a45cd76f1766c14d6bed804857cd27b,windows10-64-shippable-qr,True,False,,,102210fe594ee9b33d82058545b1ed14f4c8206e,custom.jsdebugger.open.DAMP,damp,True,damp custom.jsdebugger.open.DAMP opt e10s fission stylo webrender,4768565,77,ms,firefox,457513503,8970554,2024-05-08T18:58:38,701.5098205063405,c07ec5ce9aa1d890134ffb93e07d7d0335f27378,1423722
autoland,4768729,12,95f51e857a45cd76f1766c14d6bed804857cd27b,windows10-64-shippable-qr,True,False,,,102210fe594ee9b33d82058545b1ed14f4c8206e,custom.jsdebugger.open.DAMP,damp,True,damp custom.jsdebugger.open.DAMP opt e10s fission stylo webrender,4768565,77,ms,firefox,457513504,8970676,2024-05-08T18:58:38,702.1668185031594,c07ec5ce9aa1d890134ffb93e07d7d0335f27378,1423722
autoland,4768729,12,95f51e857a45cd76f1766c14d6bed804857cd27b,windows10-64-shippable-qr,True,False,,,102210fe594ee9b33d82058545b1ed14f4c8206e,custom.jsdebugger.open.DAMP,damp,True,damp custom.jsdebugger.open.DAMP opt e10s fission stylo webrender,4768565,77,ms,firefox,457545213,9120471,2024-05-08T23:49:41,696.7252144255644,01861e5e1b98806940ababc254bb686f52623b40,1423919
autoland,4768729,12,95f51e857a45cd76f1766c14d6bed804857cd27b,windows10-64-shippable-qr,True,False,,,102210fe594ee9b33d82058545b1ed14f4c8206e,custom.jsdebugger.open.DAMP,damp,True,damp custom.jsdebugger.open.DAMP opt e10s fission stylo webrender,4768565,77,ms,firefox,457557375,9180531,2024-05-09T04:11:38,695.04892671165,c0f58fd74e56b24f67fccae08097d151e21a0f80,1423993
autoland,4768729,12,95f51e857a45cd76f1766c14d6bed804857cd27b,windows10-64-shippable-qr,True,False,,,102210fe594ee9b33d82058545b1ed14f4c8206e,custom.jsdebugger.open.DAMP,damp,True,damp custom.jsdebugger.open.DAMP opt e10s fission stylo webrender,4768565,77,ms,firefox,457571956,9288276,2024-05-09T08:49:31,697.1638276840476,92274e732410e980f3458a3c592415924a307260,1424041
autoland,4768729,12,95f51e857a45cd76f1766c14d6bed804857cd27b,windows10-64-shippable-qr,True,False,,,102210fe594ee9b33d82058545b1ed14f4c8206e,custom.jsdebugger.open.DAMP,damp,True,damp custom.jsdebugger.open.DAMP opt e10s fission stylo webrender,4768565,77,ms,firefox,457602005,9405054,2024-05-09T13:14:57,697.3943309341121,63503ccafb0395402807ed1da634fa38b3e626ce,1424113
autoland,4768729,12,95f51e857a45cd76f1766c14d6bed804857cd27b,windows10-64-shippable-qr,True,False,,,102210fe594ee9b33d82058545b1ed14f4c8206e,custom.jsdebugger.open.DAMP,damp,True,damp custom.jsdebugger.open.DAMP opt e10s fission stylo webrender,4768565,77,ms,firefox,457628093,9524939,2024-05-09T16:49:06,695.0513366647501,8f49349eeb0ec5df0e1dd3ddd98423138921a029,1424236
autoland,4768729,12,95f51e857a45cd76f1766c14d6bed804857cd27b,windows10-64-shippable-qr,True,False,,,102210fe594ee9b33d82058545b1ed14f4c8206e,custom.jsdebugger.open.DAMP,damp,True,damp custom.jsdebugger.open.DAMP opt e10s fission stylo webrender,4768565,77,ms,firefox,457674242,9727490,2024-05-10T01:48:09,698.9259607166605,63c1eada944ca4fb581301f40dcf9f8c71a72faf,1424449
autoland,4768729,12,95f51e857a45cd76f1766c14d6bed804857cd27b,windows10-64-shippable-qr,True,False,,,102210fe594ee9b33d82058545b1ed14f4c8206e,custom.jsdebugger.open.DAMP,damp,True,damp custom.jsdebugger.open.DAMP opt e10s fission stylo webrender,4768565,77,ms,firefox,457693917,9875580,2024-05-10T06:24:19,693.2973363015772,4df4e109202ff67836eaa61c66a7c65a2f712e11,1424496
autoland,4768729,12,95f51e857a45cd76f1766c14d6bed804857cd27b,windows10-64-shippable-qr,True,False,,,102210fe594ee9b33d82058545b1ed14f4c8206e,custom.jsdebugger.open.DAMP,damp,True,damp custom.jsdebugger.open.DAMP opt e10s fission stylo webrender,4768565,77,ms,firefox,457705016,9910946,2024-05-10T10:32:58,693.1164566268781,16c706919fcf22df1fae8499d4c05d7c88de5109,1424596
autoland,4768729,12,95f51e857a45cd76f1766c14d6bed804857cd27b,windows10-64-shippable-qr,True,False,,,102210fe594ee9b33d82058545b1ed14f4c8206e,custom.jsdebugger.open.DAMP,damp,True,damp custom.jsdebugger.open.DAMP opt e10s fission stylo webrender,4768565,77,ms,firefox,457728302,10072763,2024-05-10T14:42:49,697.4129380064915,77947807186b6fdeb6a22175f148b4de75f0c13f,1424715
autoland,4768729,12,95f51e857a45cd76f1766c14d6bed804857cd27b,windows10-64-shippable-qr,True,False,,,102210fe594ee9b33d82058545b1ed14f4c8206e,custom.jsdebugger.open.DAMP,damp,True,damp custom.jsdebugger.open.DAMP opt e10s fission stylo webrender,4768565,77,ms,firefox,457753672,10156670,2024-05-10T19:04:52,696.3673935133702,b09dd768d80e3ba321a5db4a0d534ea0c5385465,1424880
autoland,4768729,12,95f51e857a45cd76f1766c14d6bed804857cd27b,windows10-64-shippable-qr,True,False,,,102210fe594ee9b33d82058545b1ed14f4c8206e,custom.jsdebugger.open.DAMP,damp,True,damp custom.jsdebugger.open.DAMP opt e10s fission stylo webrender,4768565,77,ms,firefox,457774573,10284151,2024-05-11T00:21:09,694.8776728138619,b97e78c73256d2eb8509d13957dcc69a01a42524,1425017
autoland,4768729,12,95f51e857a45cd76f1766c14d6bed804857cd27b,windows10-64-shippable-qr,True,False,,,102210fe594ee9b33d82058545b1ed14f4c8206e,custom.jsdebugger.open.DAMP,damp,True,damp custom.jsdebugger.open.DAMP opt e10s fission stylo webrender,4768565,77,ms,firefox,457799032,10388494,2024-05-11T14:45:49,697.9061600053901,bb523bc0c70b92a37aa40712e0a1943e32ed6292,1425080
autoland,4768729,12,95f51e857a45cd76f1766c14d6bed804857cd27b,windows10-64-shippable-qr,True,False,,,102210fe594ee9b33d82058545b1ed14f4c8206e,custom.jsdebugger.open.DAMP,damp,True,damp custom.jsdebugger.open.DAMP opt e10s fission stylo webrender,4768565,77,ms,firefox,457813942,10451718,2024-05-12T00:21:54,696.8628389312571,6d2805dd61cb37ade292b230f9ffe14f956f1708,1425090
autoland,4768729,12,95f51e857a45cd76f1766c14d6bed804857cd27b,windows10-64-shippable-qr,True,False,,,102210fe594ee9b33d82058545b1ed14f4c8206e,custom.jsdebugger.open.DAMP,damp,True,damp custom.jsdebugger.open.DAMP opt e10s fission stylo webrender,4768565,77,ms,firefox,457838398,10551996,2024-05-12T16:46:56,694.4741499512747,45d7400ced7eab36c5e094eabc83333b77bd5212,1425114
autoland,4768729,12,95f51e857a45cd76f1766c14d6bed804857cd27b,windows10-64-shippable-qr,True,False,,,102210fe594ee9b33d82058545b1ed14f4c8206e,custom.jsdebugger.open.DAMP,damp,True,damp custom.jsdebugger.open.DAMP opt e10s fission stylo webrender,4768565,77,ms,firefox,457857751,10635181,2024-05-13T00:18:21,697.4560720241934,7d78cd997aff7a651b50b19b4a95117acc7fbd5e,1425138
autoland,4768729,12,95f51e857a45cd76f1766c14d6bed804857cd27b,windows10-64-shippable-qr,True,False,,,102210fe594ee9b33d82058545b1ed14f4c8206e,custom.jsdebugger.open.DAMP,damp,True,damp custom.jsdebugger.open.DAMP opt e10s fission stylo webrender,4768565,77,ms,firefox,457869766,10713316,2024-05-13T05:40:34,694.7299795029248,028d6e7dae26137f7e83b675a467248c1b7e7459,1425171
autoland,4768729,12,95f51e857a45cd76f1766c14d6bed804857cd27b,windows10-64-shippable-qr,True,False,,,102210fe594ee9b33d82058545b1ed14f4c8206e,custom.jsdebugger.open.DAMP,damp,True,damp custom.jsdebugger.open.DAMP opt e10s fission stylo webrender,4768565,77,ms,firefox,457892907,10808962,2024-05-13T09:49:27,702.9208239651343,1aba283a0c10087922e138bf0eb8169fe0fb0453,1425313
autoland,4768729,12,95f51e857a45cd76f1766c14d6bed804857cd27b,windows10-64-shippable-qr,True,False,,,102210fe594ee9b33d82058545b1ed14f4c8206e,custom.jsdebugger.open.DAMP,damp,True,damp custom.jsdebugger.open.DAMP opt e10s fission stylo webrender,4768565,77,ms,firefox,457917576,10928069,2024-05-13T13:39:35,697.8536585698748,b6d210063e2361ddf8016764d5686fb759cdc959,1425441
autoland,4768729,12,95f51e857a45cd76f1766c14d6bed804857cd27b,windows10-64-shippable-qr,True,False,,,102210fe594ee9b33d82058545b1ed14f4c8206e,custom.jsdebugger.open.DAMP,damp,True,damp custom.jsdebugger.open.DAMP opt e10s fission stylo webrender,4768565,77,ms,firefox,457954044,11115197,2024-05-13T16:41:34,702.8197940936952,08e4ca828755427c47e151c8afc2cec380e31a9e,1425593
autoland,4768729,12,95f51e857a45cd76f1766c14d6bed804857cd27b,windows10-64-shippable-qr,True,False,,,102210fe594ee9b33d82058545b1ed14f4c8206e,custom.jsdebugger.open.DAMP,damp,True,damp custom.jsdebugger.open.DAMP opt e10s fission stylo webrender,4768565,77,ms,firefox,457991274,11301190,2024-05-13T20:35:48,698.779800142278,080acbd234b3d95bed203c9e575f7841db819f01,1425765
autoland,4768729,12,95f51e857a45cd76f1766c14d6bed804857cd27b,windows10-64-shippable-qr,True,False,,,102210fe594ee9b33d82058545b1ed14f4c8206e,custom.jsdebugger.open.DAMP,damp,True,damp custom.jsdebugger.open.DAMP opt e10s fission stylo webrender,4768565,77,ms,firefox,458016146,11436708,2024-05-13T23:27:47,694.3477521807654,7dcf45990771541f86bb277f9bb02a5eed4fea03,1425894
autoland,4768729,12,95f51e857a45cd76f1766c14d6bed804857cd27b,windows10-64-shippable-qr,True,False,,,102210fe594ee9b33d82058545b1ed14f4c8206e,custom.jsdebugger.open.DAMP,damp,True,damp custom.jsdebugger.open.DAMP opt e10s fission stylo webrender,4768565,77,ms,firefox,458030349,11517169,2024-05-14T03:39:07,695.4472176322233,d16ac4c1714c9c7e11450a9e92c001aed043d0d4,1425986
autoland,4768729,12,95f51e857a45cd76f1766c14d6bed804857cd27b,windows10-64-shippable-qr,True,False,,,102210fe594ee9b33d82058545b1ed14f4c8206e,custom.jsdebugger.open.DAMP,damp,True,damp custom.jsdebugger.open.DAMP opt e10s fission stylo webrender,4768565,77,ms,firefox,458063631,11748050,2024-05-14T07:54:52,697.6234288829146,f0390136ebbeef553f7b365c19300ce28d4179c4,1426102
autoland,4768729,12,95f51e857a45cd76f1766c14d6bed804857cd27b,windows10-64-shippable-qr,True,False,,,102210fe594ee9b33d82058545b1ed14f4c8206e,custom.jsdebugger.open.DAMP,damp,True,damp custom.jsdebugger.open.DAMP opt e10s fission stylo webrender,4768565,77,ms,firefox,458127680,12010406,2024-05-14T15:33:27,699.6464465109457,caca40032c919be5b69aade7259c79cecd91b1a2,1426417
autoland,4768729,12,95f51e857a45cd76f1766c14d6bed804857cd27b,windows10-64-shippable-qr,True,False,,,102210fe594ee9b33d82058545b1ed14f4c8206e,custom.jsdebugger.open.DAMP,damp,True,damp custom.jsdebugger.open.DAMP opt e10s fission stylo webrender,4768565,77,ms,firefox,458167948,12144809,2024-05-14T19:46:37,692.8824185775593,b2c1906d3f6e950d783cb681442333a5cea96d8f,1426621
autoland,4768729,12,95f51e857a45cd76f1766c14d6bed804857cd27b,windows10-64-shippable-qr,True,False,,,102210fe594ee9b33d82058545b1ed14f4c8206e,custom.jsdebugger.open.DAMP,damp,True,damp custom.jsdebugger.open.DAMP opt e10s fission stylo webrender,4768565,77,ms,firefox,458186399,12248618,2024-05-14T21:03:17,695.468009519107,9db188aa6dacbe8e499de5f808c00c672de477a3,1426701
autoland,4768729,12,95f51e857a45cd76f1766c14d6bed804857cd27b,windows10-64-shippable-qr,True,False,,,102210fe594ee9b33d82058545b1ed14f4c8206e,custom.jsdebugger.open.DAMP,damp,True,damp custom.jsdebugger.open.DAMP opt e10s fission stylo webrender,4768565,77,ms,firefox,458192908,12273278,2024-05-14T21:35:52,699.715737260407,8f2cbb280731a94a6c9281f99425c40858de6a3f,1426752
autoland,4768729,12,95f51e857a45cd76f1766c14d6bed804857cd27b,windows10-64-shippable-qr,True,False,,,102210fe594ee9b33d82058545b1ed14f4c8206e,custom.jsdebugger.open.DAMP,damp,True,damp custom.jsdebugger.open.DAMP opt e10s fission stylo webrender,4768565,77,ms,firefox,458223198,12439855,2024-05-15T03:28:49,694.8113587522093,d1e48e814ff55a857965d9acb56baf1f3c5c1b9a,1426897
autoland,4768729,12,95f51e857a45cd76f1766c14d6bed804857cd27b,windows10-64-shippable-qr,True,False,,,102210fe594ee9b33d82058545b1ed14f4c8206e,custom.jsdebugger.open.DAMP,damp,True,damp custom.jsdebugger.open.DAMP opt e10s fission stylo webrender,4768565,77,ms,firefox,458236768,12588460,2024-05-15T05:56:14,699.3733805874654,7a03e71dc0a13a5213cac25a053dd7ef56ea33ad,1426953
autoland,4768729,12,95f51e857a45cd76f1766c14d6bed804857cd27b,windows10-64-shippable-qr,True,False,,,102210fe594ee9b33d82058545b1ed14f4c8206e,custom.jsdebugger.open.DAMP,damp,True,damp custom.jsdebugger.open.DAMP opt e10s fission stylo webrender,4768565,77,ms,firefox,458273830,12714374,2024-05-15T10:31:04,695.8261354556016,32e2d80f1703e05cced1b86c6a3fce6034763816,1427130
autoland,4768729,12,95f51e857a45cd76f1766c14d6bed804857cd27b,windows10-64-shippable-qr,True,False,,,102210fe594ee9b33d82058545b1ed14f4c8206e,custom.jsdebugger.open.DAMP,damp,True,damp custom.jsdebugger.open.DAMP opt e10s fission stylo webrender,4768565,77,ms,firefox,458328872,12854552,2024-05-15T12:49:26,695.5218735120143,d0e5aee15a6aed29eb8bc65a0af90b963d967526,1427226
autoland,4768729,12,95f51e857a45cd76f1766c14d6bed804857cd27b,windows10-64-shippable-qr,True,False,,,102210fe594ee9b33d82058545b1ed14f4c8206e,custom.jsdebugger.open.DAMP,damp,True,damp custom.jsdebugger.open.DAMP opt e10s fission stylo webrender,4768565,77,ms,firefox,458346307,12932511,2024-05-15T16:49:59,695.395550652509,5859e06f261afa608d8033428609bdbd4bfab5fe,1427464
autoland,4768729,12,95f51e857a45cd76f1766c14d6bed804857cd27b,windows10-64-shippable-qr,True,False,,,102210fe594ee9b33d82058545b1ed14f4c8206e,custom.jsdebugger.open.DAMP,damp,True,damp custom.jsdebugger.open.DAMP opt e10s fission stylo webrender,4768565,77,ms,firefox,458356119,12998876,2024-05-15T19:23:39,697.300423732001,6459cc1b5bbf309f81d99ed4f39bb0017c58c872,1427624
autoland,4768729,12,95f51e857a45cd76f1766c14d6bed804857cd27b,windows10-64-shippable-qr,True,False,,,102210fe594ee9b33d82058545b1ed14f4c8206e,custom.jsdebugger.open.DAMP,damp,True,damp custom.jsdebugger.open.DAMP opt e10s fission stylo webrender,4768565,77,ms,firefox,458376218,13065210,2024-05-15T21:33:46,692.9174710754223,4cf620b67822db457052e7baef70556c509161dc,1427719
autoland,4768729,12,95f51e857a45cd76f1766c14d6bed804857cd27b,windows10-64-shippable-qr,True,False,,,102210fe594ee9b33d82058545b1ed14f4c8206e,custom.jsdebugger.open.DAMP,damp,True,damp custom.jsdebugger.open.DAMP opt e10s fission stylo webrender,4768565,77,ms,firefox,458389995,13153219,2024-05-15T23:55:24,698.5422343463724,886703fab6d0a65511ef1eb95df0b1dc134bfe90,1427802
autoland,4768729,12,95f51e857a45cd76f1766c14d6bed804857cd27b,windows10-64-shippable-qr,True,False,,,102210fe594ee9b33d82058545b1ed14f4c8206e,custom.jsdebugger.open.DAMP,damp,True,damp custom.jsdebugger.open.DAMP opt e10s fission stylo webrender,4768565,77,ms,firefox,458398994,13222632,2024-05-16T04:18:06,693.864092741569,1a3eb3733a05c61fee90fbd2325013c0b6672817,1427876
autoland,4768729,12,95f51e857a45cd76f1766c14d6bed804857cd27b,windows10-64-shippable-qr,True,False,,,102210fe594ee9b33d82058545b1ed14f4c8206e,custom.jsdebugger.open.DAMP,damp,True,damp custom.jsdebugger.open.DAMP opt e10s fission stylo webrender,4768565,77,ms,firefox,458432296,13367219,2024-05-16T08:25:07,696.5118811286593,b2831e0fe4b6f9dfa55a63f1b3a010089037a20e,1427953
autoland,4768729,12,95f51e857a45cd76f1766c14d6bed804857cd27b,windows10-64-shippable-qr,True,False,,,102210fe594ee9b33d82058545b1ed14f4c8206e,custom.jsdebugger.open.DAMP,damp,True,damp custom.jsdebugger.open.DAMP opt e10s fission stylo webrender,4768565,77,ms,firefox,458490811,13573244,2024-05-16T12:27:23,694.1583119544448,f956d7e03a822a09fbb84e9b474db8e0167095f1,1428125
autoland,4768729,12,95f51e857a45cd76f1766c14d6bed804857cd27b,windows10-64-shippable-qr,True,False,,,102210fe594ee9b33d82058545b1ed14f4c8206e,custom.jsdebugger.open.DAMP,damp,True,damp custom.jsdebugger.open.DAMP opt e10s fission stylo webrender,4768565,77,ms,firefox,458504496,13643264,2024-05-16T15:34:48,708.4549189658528,0bf6bf2b89215ce4dfa2eec4b0f33414c25fb677,1428335
autoland,4768729,12,95f51e857a45cd76f1766c14d6bed804857cd27b,windows10-64-shippable-qr,True,False,,,102210fe594ee9b33d82058545b1ed14f4c8206e,custom.jsdebugger.open.DAMP,damp,True,damp custom.jsdebugger.open.DAMP opt e10s fission stylo webrender,4768565,77,ms,firefox,458525857,13741104,2024-05-16T19:22:25,710.4694567741681,3c10888bfd6a7774b3c7e7a7b0fef9861728b3d1,1428534
autoland,4768729,12,95f51e857a45cd76f1766c14d6bed804857cd27b,windows10-64-shippable-qr,True,False,,,102210fe594ee9b33d82058545b1ed14f4c8206e,custom.jsdebugger.open.DAMP,damp,True,damp custom.jsdebugger.open.DAMP opt e10s fission stylo webrender,4768565,77,ms,firefox,458549759,13865050,2024-05-16T23:54:47,694.9804603966622,f8c3cb93acca412025e1f410c530193b416a488e,1428660
autoland,4768729,12,95f51e857a45cd76f1766c14d6bed804857cd27b,windows10-64-shippable-qr,True,False,,,102210fe594ee9b33d82058545b1ed14f4c8206e,custom.jsdebugger.open.DAMP,damp,True,damp custom.jsdebugger.open.DAMP opt e10s fission stylo webrender,4768565,77,ms,firefox,458580555,14101216,2024-05-17T06:23:39,709.1201768377505,87127891d2401aaf9f6aa65bff25f9f6952131a2,1428776
autoland,4768729,12,95f51e857a45cd76f1766c14d6bed804857cd27b,windows10-64-shippable-qr,True,False,,,102210fe594ee9b33d82058545b1ed14f4c8206e,custom.jsdebugger.open.DAMP,damp,True,damp custom.jsdebugger.open.DAMP opt e10s fission stylo webrender,4768565,77,ms,firefox,458651064,14353107,2024-05-17T13:29:16,691.8307056377962,76f8ca9a4f69b4a5c6c95975f31db9f94c534bb7,1429038
autoland,4768729,12,95f51e857a45cd76f1766c14d6bed804857cd27b,windows10-64-shippable-qr,True,False,,,102210fe594ee9b33d82058545b1ed14f4c8206e,custom.jsdebugger.open.DAMP,damp,True,damp custom.jsdebugger.open.DAMP opt e10s fission stylo webrender,4768565,77,ms,firefox,458669424,14439691,2024-05-17T16:28:32,695.7072917978512,f35859c2fd56665ad31bcc859c08cca0d52ee800,1429195
autoland,4768729,12,95f51e857a45cd76f1766c14d6bed804857cd27b,windows10-64-shippable-qr,True,False,,,102210fe594ee9b33d82058545b1ed14f4c8206e,custom.jsdebugger.open.DAMP,damp,True,damp custom.jsdebugger.open.DAMP opt e10s fission stylo webrender,4768565,77,ms,firefox,458688919,14559449,2024-05-17T20:54:26,698.8782070427333,c3684190adbc44f6a677655b9094e9873c858dad,1429356
autoland,4768729,12,95f51e857a45cd76f1766c14d6bed804857cd27b,windows10-64-shippable-qr,True,False,,,102210fe594ee9b33d82058545b1ed14f4c8206e,custom.jsdebugger.open.DAMP,damp,True,damp custom.jsdebugger.open.DAMP opt e10s fission stylo webrender,4768565,77,ms,firefox,458710259,14649651,2024-05-18T01:00:41,691.8412869621079,c27d5c9ab44203673cf253307414a515b32e1e6d,1429422
autoland,4768729,12,95f51e857a45cd76f1766c14d6bed804857cd27b,windows10-64-shippable-qr,True,False,,,102210fe594ee9b33d82058545b1ed14f4c8206e,custom.jsdebugger.open.DAMP,damp,True,damp custom.jsdebugger.open.DAMP opt e10s fission stylo webrender,4768565,77,ms,firefox,458717996,14736725,2024-05-18T06:51:49,692.4857894472661,9740ed99a9e5a25524915ab324b8110b2b998873,1429461
autoland,4768729,12,95f51e857a45cd76f1766c14d6bed804857cd27b,windows10-64-shippable-qr,True,False,,,102210fe594ee9b33d82058545b1ed14f4c8206e,custom.jsdebugger.open.DAMP,damp,True,damp custom.jsdebugger.open.DAMP opt e10s fission stylo webrender,4768565,77,ms,firefox,458747742,14868334,2024-05-18T12:19:37,698.1807271561847,8b79b70511d76ab73ec7a45851ca71cf9a4eabc0,1429485
autoland,4768729,12,95f51e857a45cd76f1766c14d6bed804857cd27b,windows10-64-shippable-qr,True,False,,,102210fe594ee9b33d82058545b1ed14f4c8206e,custom.jsdebugger.open.DAMP,damp,True,damp custom.jsdebugger.open.DAMP opt e10s fission stylo webrender,4768565,77,ms,firefox,458753936,14903819,2024-05-18T16:50:22,693.1452334108471,45fdca469c57e83b966c98bdb9cd62d7b38c841e,1429522
autoland,4768729,12,95f51e857a45cd76f1766c14d6bed804857cd27b,windows10-64-shippable-qr,True,False,,,102210fe594ee9b33d82058545b1ed14f4c8206e,custom.jsdebugger.open.DAMP,damp,True,damp custom.jsdebugger.open.DAMP opt e10s fission stylo webrender,4768565,77,ms,firefox,459124294,16998679,2024-05-18T19:02:41,715.9139238812713,9560b431006139248d68f1fcb659b86edf729510,1429542
autoland,4768729,12,95f51e857a45cd76f1766c14d6bed804857cd27b,windows10-64-shippable-qr,True,False,,,102210fe594ee9b33d82058545b1ed14f4c8206e,custom.jsdebugger.open.DAMP,damp,True,damp custom.jsdebugger.open.DAMP opt e10s fission stylo webrender,4768565,77,ms,firefox,458773417,14985168,2024-05-19T00:22:14,692.9528649306158,185fc83e1e895146858126be053b4208ffd3bbcf,1429576
autoland,4768729,12,95f51e857a45cd76f1766c14d6bed804857cd27b,windows10-64-shippable-qr,True,False,,,102210fe594ee9b33d82058545b1ed14f4c8206e,custom.jsdebugger.open.DAMP,damp,True,damp custom.jsdebugger.open.DAMP opt e10s fission stylo webrender,4768565,77,ms,firefox,459124301,16997627,2024-05-19T01:50:37,699.370548381703,8b966b24e35193ced7cd32d1b8592880b39f1e68,1429590
autoland,4768729,12,95f51e857a45cd76f1766c14d6bed804857cd27b,windows10-64-shippable-qr,True,False,,,102210fe594ee9b33d82058545b1ed14f4c8206e,custom.jsdebugger.open.DAMP,damp,True,damp custom.jsdebugger.open.DAMP opt e10s fission stylo webrender,4768565,77,ms,firefox,459124303,16998754,2024-05-19T03:33:02,698.0004355412675,a2d2f1cafcb73cb134c5bc2f00f9ed38150e71ee,1429595
autoland,4768729,12,95f51e857a45cd76f1766c14d6bed804857cd27b,windows10-64-shippable-qr,True,False,,,102210fe594ee9b33d82058545b1ed14f4c8206e,custom.jsdebugger.open.DAMP,damp,True,damp custom.jsdebugger.open.DAMP opt e10s fission stylo webrender,4768565,77,ms,firefox,459124302,16998797,2024-05-19T03:49:37,697.5803891611577,3686af33e2b0239c18e257f45d13bb2399e8c6fb,1429596
autoland,4768729,12,95f51e857a45cd76f1766c14d6bed804857cd27b,windows10-64-shippable-qr,True,False,,,102210fe594ee9b33d82058545b1ed14f4c8206e,custom.jsdebugger.open.DAMP,damp,True,damp custom.jsdebugger.open.DAMP opt e10s fission stylo webrender,4768565,77,ms,firefox,459124621,16999305,2024-05-19T04:54:02,698.703958439306,b727b4094669737e77359fb6f1c8c29d27474f91,1429603
autoland,4768729,12,95f51e857a45cd76f1766c14d6bed804857cd27b,windows10-64-shippable-qr,True,False,,,102210fe594ee9b33d82058545b1ed14f4c8206e,custom.jsdebugger.open.DAMP,damp,True,damp custom.jsdebugger.open.DAMP opt e10s fission stylo webrender,4768565,77,ms,firefox,459124312,16998523,2024-05-19T07:03:30,696.5348905396531,f5e994b49e6bd31a77d2e31d05867c55d5804533,1429609
autoland,4768729,12,95f51e857a45cd76f1766c14d6bed804857cd27b,windows10-64-shippable-qr,True,False,,,102210fe594ee9b33d82058545b1ed14f4c8206e,custom.jsdebugger.open.DAMP,damp,True,damp custom.jsdebugger.open.DAMP opt e10s fission stylo webrender,4768565,77,ms,firefox,459124278,16995449,2024-05-19T08:04:43,694.2396537511813,1693e764d6c1144a2c0dd3aaf23846506c3dfde8,1429610
autoland,4768729,12,95f51e857a45cd76f1766c14d6bed804857cd27b,windows10-64-shippable-qr,True,False,,,102210fe594ee9b33d82058545b1ed14f4c8206e,custom.jsdebugger.open.DAMP,damp,True,damp custom.jsdebugger.open.DAMP opt e10s fission stylo webrender,4768565,77,ms,firefox,458803721,15141822,2024-05-19T18:53:48,693.4520761909598,b4ee96f483f29890ab46ebd291e34040c716dcff,1429650
autoland,4768729,12,95f51e857a45cd76f1766c14d6bed804857cd27b,windows10-64-shippable-qr,True,False,,,102210fe594ee9b33d82058545b1ed14f4c8206e,custom.jsdebugger.open.DAMP,damp,True,damp custom.jsdebugger.open.DAMP opt e10s fission stylo webrender,4768565,77,ms,firefox,459124293,16996580,2024-05-19T19:04:56,695.5469319599651,f38218878b02231e4c49c1633c18b38f050f4508,1429651
autoland,4768729,12,95f51e857a45cd76f1766c14d6bed804857cd27b,windows10-64-shippable-qr,True,False,,,102210fe594ee9b33d82058545b1ed14f4c8206e,custom.jsdebugger.open.DAMP,damp,True,damp custom.jsdebugger.open.DAMP opt e10s fission stylo webrender,4768565,77,ms,firefox,459124295,16996641,2024-05-19T19:45:19,697.7504764160694,dffe004546c6181ff4715549d1977f48164ed5f4,1429654
autoland,4768729,12,95f51e857a45cd76f1766c14d6bed804857cd27b,windows10-64-shippable-qr,True,False,,,102210fe594ee9b33d82058545b1ed14f4c8206e,custom.jsdebugger.open.DAMP,damp,True,damp custom.jsdebugger.open.DAMP opt e10s fission stylo webrender,4768565,77,ms,firefox,459124292,16996657,2024-05-19T21:10:12,694.1577999538413,e0c362b537f2ef70bad9fe3cb23aaa0f6fb8f9ae,1429657
autoland,4768729,12,95f51e857a45cd76f1766c14d6bed804857cd27b,windows10-64-shippable-qr,True,False,,,102210fe594ee9b33d82058545b1ed14f4c8206e,custom.jsdebugger.open.DAMP,damp,True,damp custom.jsdebugger.open.DAMP opt e10s fission stylo webrender,4768565,77,ms,firefox,459124291,16995861,2024-05-19T21:26:56,706.9970566841521,05d7958ffcdf18dff5c290517f2c936618ed1720,1429659
autoland,4768729,12,95f51e857a45cd76f1766c14d6bed804857cd27b,windows10-64-shippable-qr,True,False,,,102210fe594ee9b33d82058545b1ed14f4c8206e,custom.jsdebugger.open.DAMP,damp,True,damp custom.jsdebugger.open.DAMP opt e10s fission stylo webrender,4768565,77,ms,firefox,459124296,16997686,2024-05-19T22:26:52,708.6657632718998,a68b5a35ae291ab3e5f821c7cde220ec58e2b31c,1429671
autoland,4768729,12,95f51e857a45cd76f1766c14d6bed804857cd27b,windows10-64-shippable-qr,True,False,,,102210fe594ee9b33d82058545b1ed14f4c8206e,custom.jsdebugger.open.DAMP,damp,True,damp custom.jsdebugger.open.DAMP opt e10s fission stylo webrender,4768565,77,ms,firefox,459124300,16997573,2024-05-19T22:31:12,697.1148151801826,1f2a4ee0b41f9bfe0754f9e5e96e1e69e7ee4111,1429673
autoland,4768729,12,95f51e857a45cd76f1766c14d6bed804857cd27b,windows10-64-shippable-qr,True,False,,,102210fe594ee9b33d82058545b1ed14f4c8206e,custom.jsdebugger.open.DAMP,damp,True,damp custom.jsdebugger.open.DAMP opt e10s fission stylo webrender,4768565,77,ms,firefox,458826599,15252364,2024-05-19T23:03:30,698.3371283865999,bf7ada75a309d1bf064046c029cd884846540599,1429677
autoland,4768729,12,95f51e857a45cd76f1766c14d6bed804857cd27b,windows10-64-shippable-qr,True,False,,,102210fe594ee9b33d82058545b1ed14f4c8206e,custom.jsdebugger.open.DAMP,damp,True,damp custom.jsdebugger.open.DAMP opt e10s fission stylo webrender,4768565,77,ms,firefox,459137164,17067730,2024-05-19T23:34:45,698.7029016350862,37f6aa1cb109e6c8288ebf1896e071518af227bf,1429681
autoland,4768729,12,95f51e857a45cd76f1766c14d6bed804857cd27b,windows10-64-shippable-qr,True,False,,,102210fe594ee9b33d82058545b1ed14f4c8206e,custom.jsdebugger.open.DAMP,damp,True,damp custom.jsdebugger.open.DAMP opt e10s fission stylo webrender,4768565,77,ms,firefox,459133270,17050909,2024-05-20T00:17:48,698.8048902118971,a4fe9fdca2e3eb91e779f88adf430fb4ca7c7e8d,1429684
autoland,4768729,12,95f51e857a45cd76f1766c14d6bed804857cd27b,windows10-64-shippable-qr,True,False,,,102210fe594ee9b33d82058545b1ed14f4c8206e,custom.jsdebugger.open.DAMP,damp,True,damp custom.jsdebugger.open.DAMP opt e10s fission stylo webrender,4768565,77,ms,firefox,459133881,17051266,2024-05-20T00:31:57,701.4936759412813,34a19d66cdca3747c4b8b7104b7836aeb94e46fb,1429685
autoland,4768729,12,95f51e857a45cd76f1766c14d6bed804857cd27b,windows10-64-shippable-qr,True,False,,,102210fe594ee9b33d82058545b1ed14f4c8206e,custom.jsdebugger.open.DAMP,damp,True,damp custom.jsdebugger.open.DAMP opt e10s fission stylo webrender,4768565,77,ms,firefox,458831025,15287144,2024-05-20T03:13:12,693.6924682764884,9142f728c689228ac4b5a2f55b2d50a3c5440d1b,1429694
autoland,4768729,12,95f51e857a45cd76f1766c14d6bed804857cd27b,windows10-64-shippable-qr,True,False,,,102210fe594ee9b33d82058545b1ed14f4c8206e,custom.jsdebugger.open.DAMP,damp,True,damp custom.jsdebugger.open.DAMP opt e10s fission stylo webrender,4768565,77,ms,firefox,458847170,15420733,2024-05-20T08:40:09,701.9164143646776,c732a1a31a39e28193867c3a6de83cab644345f7,1429741
autoland,4768729,12,95f51e857a45cd76f1766c14d6bed804857cd27b,windows10-64-shippable-qr,True,False,,,102210fe594ee9b33d82058545b1ed14f4c8206e,custom.jsdebugger.open.DAMP,damp,True,damp custom.jsdebugger.open.DAMP opt e10s fission stylo webrender,4768565,77,ms,firefox,458889550,15559574,2024-05-20T12:49:29,691.5808099702044,daa6ef79820feaf04f4d2f8319c42e613170a955,1429816
autoland,4768729,12,95f51e857a45cd76f1766c14d6bed804857cd27b,windows10-64-shippable-qr,True,False,,,102210fe594ee9b33d82058545b1ed14f4c8206e,custom.jsdebugger.open.DAMP,damp,True,damp custom.jsdebugger.open.DAMP opt e10s fission stylo webrender,4768565,77,ms,firefox,459228891,17426809,2024-05-20T14:26:45,694.0102495555766,a904a563d030895eb04eb4df5a2e53f6f1874625,1429899
autoland,4768729,12,95f51e857a45cd76f1766c14d6bed804857cd27b,windows10-64-shippable-qr,True,False,,,102210fe594ee9b33d82058545b1ed14f4c8206e,custom.jsdebugger.open.DAMP,damp,True,damp custom.jsdebugger.open.DAMP opt e10s fission stylo webrender,4768565,77,ms,firefox,459228892,17426857,2024-05-20T14:32:45,698.2814205066825,df44b0eea88f6646a95be4ec7dce8897a0d36cf9,1429903
autoland,4768729,12,95f51e857a45cd76f1766c14d6bed804857cd27b,windows10-64-shippable-qr,True,False,,,102210fe594ee9b33d82058545b1ed14f4c8206e,custom.jsdebugger.open.DAMP,damp,True,damp custom.jsdebugger.open.DAMP opt e10s fission stylo webrender,4768565,77,ms,firefox,459228910,17427109,2024-05-20T14:42:35,696.089006004031,60f209b9b945f8d86f80167adc71542594d2d72e,1429908
autoland,4768729,12,95f51e857a45cd76f1766c14d6bed804857cd27b,windows10-64-shippable-qr,True,False,,,102210fe594ee9b33d82058545b1ed14f4c8206e,custom.jsdebugger.open.DAMP,damp,True,damp custom.jsdebugger.open.DAMP opt e10s fission stylo webrender,4768565,77,ms,firefox,459228907,17428339,2024-05-20T15:12:01,705.782532934405,98ca2e132b06923397525b5ea8bdfa01c0a0d0f2,1429928
autoland,4768729,12,95f51e857a45cd76f1766c14d6bed804857cd27b,windows10-64-shippable-qr,True,False,,,102210fe594ee9b33d82058545b1ed14f4c8206e,custom.jsdebugger.open.DAMP,damp,True,damp custom.jsdebugger.open.DAMP opt e10s fission stylo webrender,4768565,77,ms,firefox,459228988,17428078,2024-05-20T15:20:05,693.311199008228,c7a9c67c056e7fcf6d5462311feb9c0c37dfb52b,1429934
autoland,4768729,12,95f51e857a45cd76f1766c14d6bed804857cd27b,windows10-64-shippable-qr,True,False,,,102210fe594ee9b33d82058545b1ed14f4c8206e,custom.jsdebugger.open.DAMP,damp,True,damp custom.jsdebugger.open.DAMP opt e10s fission stylo webrender,4768565,77,ms,firefox,459228991,17431303,2024-05-20T15:22:06,710.3197467039281,9b950c4899c32b2bc2f8b61e7ee9714a00eb16a2,1429937
autoland,4768729,12,95f51e857a45cd76f1766c14d6bed804857cd27b,windows10-64-shippable-qr,True,False,,,102210fe594ee9b33d82058545b1ed14f4c8206e,custom.jsdebugger.open.DAMP,damp,True,damp custom.jsdebugger.open.DAMP opt e10s fission stylo webrender,4768565,77,ms,firefox,459229478,17431986,2024-05-20T15:34:19,698.5427112179314,b65db35b56b67a06b6f1f9e07f26acfff4a079fe,1429946
autoland,4768729,12,95f51e857a45cd76f1766c14d6bed804857cd27b,windows10-64-shippable-qr,True,False,,,102210fe594ee9b33d82058545b1ed14f4c8206e,custom.jsdebugger.open.DAMP,damp,True,damp custom.jsdebugger.open.DAMP opt e10s fission stylo webrender,4768565,77,ms,firefox,459229488,17431920,2024-05-20T15:38:15,705.0489983581874,4375d3bfa8fe60b69166e27f639e2403164e7b08,1429954
autoland,4768729,12,95f51e857a45cd76f1766c14d6bed804857cd27b,windows10-64-shippable-qr,True,False,,,102210fe594ee9b33d82058545b1ed14f4c8206e,custom.jsdebugger.open.DAMP,damp,True,damp custom.jsdebugger.open.DAMP opt e10s fission stylo webrender,4768565,77,ms,firefox,459229492,17432109,2024-05-20T16:38:51,696.0794419877839,f4db87be05887e66511a858426b0de3331ab475e,1429991
autoland,4768729,12,95f51e857a45cd76f1766c14d6bed804857cd27b,windows10-64-shippable-qr,True,False,,,102210fe594ee9b33d82058545b1ed14f4c8206e,custom.jsdebugger.open.DAMP,damp,True,damp custom.jsdebugger.open.DAMP opt e10s fission stylo webrender,4768565,77,ms,firefox,458912249,15664398,2024-05-20T17:09:38,711.0789347390528,f8896c7e1f0e021d1afc9e6075779e6a19816eee,1430008
autoland,4768729,12,95f51e857a45cd76f1766c14d6bed804857cd27b,windows10-64-shippable-qr,True,False,,,102210fe594ee9b33d82058545b1ed14f4c8206e,custom.jsdebugger.open.DAMP,damp,True,damp custom.jsdebugger.open.DAMP opt e10s fission stylo webrender,4768565,77,ms,firefox,459228908,17428751,2024-05-20T18:29:07,694.7385882938397,eafeae79fe6b57207d8bf2f5e6cb2f4a472a8eb7,1430058
autoland,4768729,12,95f51e857a45cd76f1766c14d6bed804857cd27b,windows10-64-shippable-qr,True,False,,,102210fe594ee9b33d82058545b1ed14f4c8206e,custom.jsdebugger.open.DAMP,damp,True,damp custom.jsdebugger.open.DAMP opt e10s fission stylo webrender,4768565,77,ms,firefox,459228906,17428516,2024-05-20T18:51:47,696.5152579491332,6c952a8ea651e92b55684294f9ad5799bf3c3c4f,1430066
autoland,4768729,12,95f51e857a45cd76f1766c14d6bed804857cd27b,windows10-64-shippable-qr,True,False,,,102210fe594ee9b33d82058545b1ed14f4c8206e,custom.jsdebugger.open.DAMP,damp,True,damp custom.jsdebugger.open.DAMP opt e10s fission stylo webrender,4768565,77,ms,firefox,459228977,17429273,2024-05-20T18:57:47,701.1418963384504,3a73bb4421f11586ffdb56f1527c4390e88c6a00,1430069
autoland,4768729,12,95f51e857a45cd76f1766c14d6bed804857cd27b,windows10-64-shippable-qr,True,False,,,102210fe594ee9b33d82058545b1ed14f4c8206e,custom.jsdebugger.open.DAMP,damp,True,damp custom.jsdebugger.open.DAMP opt e10s fission stylo webrender,4768565,77,ms,firefox,459228990,17429365,2024-05-20T19:02:59,700.023620254593,406ebff884d940f2b81ea6c5bc8ee70bf539a5dd,1430072
autoland,4768729,12,95f51e857a45cd76f1766c14d6bed804857cd27b,windows10-64-shippable-qr,True,False,,,102210fe594ee9b33d82058545b1ed14f4c8206e,custom.jsdebugger.open.DAMP,damp,True,damp custom.jsdebugger.open.DAMP opt e10s fission stylo webrender,4768565,77,ms,firefox,459229475,17432550,2024-05-20T19:06:55,697.5558847522916,dd117c1e54a15c85d3f80f6799d04fad786b20dd,1430075
autoland,4768729,12,95f51e857a45cd76f1766c14d6bed804857cd27b,windows10-64-shippable-qr,True,False,,,102210fe594ee9b33d82058545b1ed14f4c8206e,custom.jsdebugger.open.DAMP,damp,True,damp custom.jsdebugger.open.DAMP opt e10s fission stylo webrender,4768565,77,ms,firefox,459229068,17431373,2024-05-20T19:07:47,714.7727486060612,0e8cd4eeebfd40e0572904479820de539ac43065,1430076
autoland,4768729,12,95f51e857a45cd76f1766c14d6bed804857cd27b,windows10-64-shippable-qr,True,False,,,102210fe594ee9b33d82058545b1ed14f4c8206e,custom.jsdebugger.open.DAMP,damp,True,damp custom.jsdebugger.open.DAMP opt e10s fission stylo webrender,4768565,77,ms,firefox,459229489,17433806,2024-05-20T19:20:46,699.0959778952383,c2e2e4402035e4dc0cf1800077542a571dcc199e,1430087
autoland,4768729,12,95f51e857a45cd76f1766c14d6bed804857cd27b,windows10-64-shippable-qr,True,False,,,102210fe594ee9b33d82058545b1ed14f4c8206e,custom.jsdebugger.open.DAMP,damp,True,damp custom.jsdebugger.open.DAMP opt e10s fission stylo webrender,4768565,77,ms,firefox,458925616,15781326,2024-05-20T19:25:17,699.2809139257442,bcf84db0ae30bc4d2f32dc5978791710401b7f74,1430088
autoland,4768729,12,95f51e857a45cd76f1766c14d6bed804857cd27b,windows10-64-shippable-qr,True,False,,,102210fe594ee9b33d82058545b1ed14f4c8206e,custom.jsdebugger.open.DAMP,damp,True,damp custom.jsdebugger.open.DAMP opt e10s fission stylo webrender,4768565,77,ms,firefox,459228890,17429152,2024-05-20T20:49:35,710.5116205087834,9e47a3fef5c429922de854e8ef5bdb9ae449ce90,1430145
autoland,4768729,12,95f51e857a45cd76f1766c14d6bed804857cd27b,windows10-64-shippable-qr,True,False,,,102210fe594ee9b33d82058545b1ed14f4c8206e,custom.jsdebugger.open.DAMP,damp,True,damp custom.jsdebugger.open.DAMP opt e10s fission stylo webrender,4768565,77,ms,firefox,459228893,17428456,2024-05-20T20:50:22,703.9045782675385,fd3edeb672d6a03fe024b10f6641e8fb38f342d4,1430147
autoland,4768729,12,95f51e857a45cd76f1766c14d6bed804857cd27b,windows10-64-shippable-qr,True,False,,,102210fe594ee9b33d82058545b1ed14f4c8206e,custom.jsdebugger.open.DAMP,damp,True,damp custom.jsdebugger.open.DAMP opt e10s fission stylo webrender,4768565,77,ms,firefox,459228903,17428578,2024-05-20T20:51:11,700.6325249079382,a6ef5f7f7ff910f62323c7fb89bd0c7b371c00a7,1430148
autoland,4768729,12,95f51e857a45cd76f1766c14d6bed804857cd27b,windows10-64-shippable-qr,True,False,,,102210fe594ee9b33d82058545b1ed14f4c8206e,custom.jsdebugger.open.DAMP,damp,True,damp custom.jsdebugger.open.DAMP opt e10s fission stylo webrender,4768565,77,ms,firefox,459228912,17428694,2024-05-20T20:59:31,698.1397703239927,0a74adb44160f88fe5c831403e4f9c7fd90fd14d,1430154
autoland,4768729,12,95f51e857a45cd76f1766c14d6bed804857cd27b,windows10-64-shippable-qr,True,False,,,102210fe594ee9b33d82058545b1ed14f4c8206e,custom.jsdebugger.open.DAMP,damp,True,damp custom.jsdebugger.open.DAMP opt e10s fission stylo webrender,4768565,77,ms,firefox,459228909,17428635,2024-05-20T21:24:15,697.3307082555839,9654aaf21d8205f2f8c8773e7ad5c88ffb89d83f,1430164
autoland,4768729,12,95f51e857a45cd76f1766c14d6bed804857cd27b,windows10-64-shippable-qr,True,False,,,102210fe594ee9b33d82058545b1ed14f4c8206e,custom.jsdebugger.open.DAMP,damp,True,damp custom.jsdebugger.open.DAMP opt e10s fission stylo webrender,4768565,77,ms,firefox,459230454,17448279,2024-05-20T21:25:08,698.5314447097189,d879ada42db71408a1441937d2e8a7cee8664d78,1430166
autoland,4768729,12,95f51e857a45cd76f1766c14d6bed804857cd27b,windows10-64-shippable-qr,True,False,,,102210fe594ee9b33d82058545b1ed14f4c8206e,custom.jsdebugger.open.DAMP,damp,True,damp custom.jsdebugger.open.DAMP opt e10s fission stylo webrender,4768565,77,ms,firefox,459228992,17429473,2024-05-20T21:53:49,701.7267020492727,abdfc5289589473083a6cfc3ccb8657f751d20a4,1430174
autoland,4768729,12,95f51e857a45cd76f1766c14d6bed804857cd27b,windows10-64-shippable-qr,True,False,,,102210fe594ee9b33d82058545b1ed14f4c8206e,custom.jsdebugger.open.DAMP,damp,True,damp custom.jsdebugger.open.DAMP opt e10s fission stylo webrender,4768565,77,ms,firefox,459229477,17432488,2024-05-20T21:54:58,699.9283884255565,66e2d24856d75609e23e18021b2a5b976af2975f,1430175
autoland,4768729,12,95f51e857a45cd76f1766c14d6bed804857cd27b,windows10-64-shippable-qr,True,False,,,102210fe594ee9b33d82058545b1ed14f4c8206e,custom.jsdebugger.open.DAMP,damp,True,damp custom.jsdebugger.open.DAMP opt e10s fission stylo webrender,4768565,77,ms,firefox,459229480,17433928,2024-05-20T21:54:58,696.3753844263265,66e2d24856d75609e23e18021b2a5b976af2975f,1430175
autoland,4768729,12,95f51e857a45cd76f1766c14d6bed804857cd27b,windows10-64-shippable-qr,True,False,,,102210fe594ee9b33d82058545b1ed14f4c8206e,custom.jsdebugger.open.DAMP,damp,True,damp custom.jsdebugger.open.DAMP opt e10s fission stylo webrender,4768565,77,ms,firefox,459229146,17430686,2024-05-20T22:02:47,703.3331171557365,0912adef7c1a51d36558075ce4b9350861aa5df1,1430177
autoland,4768729,12,95f51e857a45cd76f1766c14d6bed804857cd27b,windows10-64-shippable-qr,True,False,,,102210fe594ee9b33d82058545b1ed14f4c8206e,custom.jsdebugger.open.DAMP,damp,True,damp custom.jsdebugger.open.DAMP opt e10s fission stylo webrender,4768565,77,ms,firefox,458953825,15947655,2024-05-21T00:44:36,700.6159354743941,6919ad3b088665854fe77e203c556b51c8043a19,1430230
autoland,4768729,12,95f51e857a45cd76f1766c14d6bed804857cd27b,windows10-64-shippable-qr,True,False,,,102210fe594ee9b33d82058545b1ed14f4c8206e,custom.jsdebugger.open.DAMP,damp,True,damp custom.jsdebugger.open.DAMP opt e10s fission stylo webrender,4768565,77,ms,firefox,459229491,17434513,2024-05-21T00:48:06,711.7796462354745,5ed21e81f153f9ef1b35db0117f88100214d31c6,1430233
autoland,4768729,12,95f51e857a45cd76f1766c14d6bed804857cd27b,windows10-64-shippable-qr,True,False,,,102210fe594ee9b33d82058545b1ed14f4c8206e,custom.jsdebugger.open.DAMP,damp,True,damp custom.jsdebugger.open.DAMP opt e10s fission stylo webrender,4768565,77,ms,firefox,459229163,17431210,2024-05-21T02:39:49,697.9319626744982,9822b2145d2cb0ce6711b92b8784136b494b1279,1430248
autoland,4768729,12,95f51e857a45cd76f1766c14d6bed804857cd27b,windows10-64-shippable-qr,True,False,,,102210fe594ee9b33d82058545b1ed14f4c8206e,custom.jsdebugger.open.DAMP,damp,True,damp custom.jsdebugger.open.DAMP opt e10s fission stylo webrender,4768565,77,ms,firefox,459238033,17495000,2024-05-21T02:48:03,695.2177452524702,7ea2e3df7895eee03245bfc604e1b453c0c30a99,1430249
autoland,4768729,12,95f51e857a45cd76f1766c14d6bed804857cd27b,windows10-64-shippable-qr,True,False,,,102210fe594ee9b33d82058545b1ed14f4c8206e,custom.jsdebugger.open.DAMP,damp,True,damp custom.jsdebugger.open.DAMP opt e10s fission stylo webrender,4768565,77,ms,firefox,459229162,17431145,2024-05-21T03:05:46,697.8452639634197,785b2783f4d17ef7c1897404e14c4f8196648e0b,1430252
autoland,4768729,12,95f51e857a45cd76f1766c14d6bed804857cd27b,windows10-64-shippable-qr,True,False,,,102210fe594ee9b33d82058545b1ed14f4c8206e,custom.jsdebugger.open.DAMP,damp,True,damp custom.jsdebugger.open.DAMP opt e10s fission stylo webrender,4768565,77,ms,firefox,458967563,16069766,2024-05-21T05:46:38,698.6429276281342,09318e94742ecb1dfa27855d03d6acea7465a237,1430275
autoland,4768729,12,95f51e857a45cd76f1766c14d6bed804857cd27b,windows10-64-shippable-qr,True,False,,,102210fe594ee9b33d82058545b1ed14f4c8206e,custom.jsdebugger.open.DAMP,damp,True,damp custom.jsdebugger.open.DAMP opt e10s fission stylo webrender,4768565,77,ms,firefox,459016016,16351055,2024-05-21T09:51:03,703.0774959918781,2c85e75f63a911c3aafc7099c431d16d690afd69,1430376
autoland,4768729,12,95f51e857a45cd76f1766c14d6bed804857cd27b,windows10-64-shippable-qr,True,False,,,102210fe594ee9b33d82058545b1ed14f4c8206e,custom.jsdebugger.open.DAMP,damp,True,damp custom.jsdebugger.open.DAMP opt e10s fission stylo webrender,4768565,77,ms,firefox,459053782,16619008,2024-05-21T14:27:45,698.753961603361,10c1e15b136a2ddea929ddb6bac978a2197f0990,1430566
autoland,4768729,12,95f51e857a45cd76f1766c14d6bed804857cd27b,windows10-64-shippable-qr,True,False,,,102210fe594ee9b33d82058545b1ed14f4c8206e,custom.jsdebugger.open.DAMP,damp,True,damp custom.jsdebugger.open.DAMP opt e10s fission stylo webrender,4768565,77,ms,firefox,459103359,16865140,2024-05-21T16:00:31,699.6864512534812,26bce625289c854452420e6f57af403163e8edbd,1430626
autoland,4768729,12,95f51e857a45cd76f1766c14d6bed804857cd27b,windows10-64-shippable-qr,True,False,,,102210fe594ee9b33d82058545b1ed14f4c8206e,custom.jsdebugger.open.DAMP,damp,True,damp custom.jsdebugger.open.DAMP opt e10s fission stylo webrender,4768565,77,ms,firefox,459104137,16865553,2024-05-21T16:21:51,701.9744805067457,919fde770efdb357bddaba3a4f9fa0ee2edfc5ad,1430655
autoland,4768729,12,95f51e857a45cd76f1766c14d6bed804857cd27b,windows10-64-shippable-qr,True,False,,,102210fe594ee9b33d82058545b1ed14f4c8206e,custom.jsdebugger.open.DAMP,damp,True,damp custom.jsdebugger.open.DAMP opt e10s fission stylo webrender,4768565,77,ms,firefox,459101998,16864819,2024-05-21T16:22:39,698.7605476500657,200b989918805b56cffb3e1d9a6a90cbb68c7b05,1430658
autoland,4768729,12,95f51e857a45cd76f1766c14d6bed804857cd27b,windows10-64-shippable-qr,True,False,,,102210fe594ee9b33d82058545b1ed14f4c8206e,custom.jsdebugger.open.DAMP,damp,True,damp custom.jsdebugger.open.DAMP opt e10s fission stylo webrender,4768565,77,ms,firefox,459114518,16907862,2024-05-21T16:23:32,698.3047341559723,7e13cc63e290e51fa111296da98734276c2c4d74,1430659
autoland,4768729,12,95f51e857a45cd76f1766c14d6bed804857cd27b,windows10-64-shippable-qr,True,False,,,102210fe594ee9b33d82058545b1ed14f4c8206e,custom.jsdebugger.open.DAMP,damp,True,damp custom.jsdebugger.open.DAMP opt e10s fission stylo webrender,4768565,77,ms,firefox,459102861,16864903,2024-05-21T16:24:24,697.495774294046,f9082823f1bf8d90c8958fa1dbc87dab8d44664c,1430660
autoland,4768729,12,95f51e857a45cd76f1766c14d6bed804857cd27b,windows10-64-shippable-qr,True,False,,,102210fe594ee9b33d82058545b1ed14f4c8206e,custom.jsdebugger.open.DAMP,damp,True,damp custom.jsdebugger.open.DAMP opt e10s fission stylo webrender,4768565,77,ms,firefox,459117034,16929910,2024-05-22T01:04:42,694.7793776063008,80ae2c7908e4cc558336a6f6a78097d9c2c9317d,1430997
autoland,4768729,12,95f51e857a45cd76f1766c14d6bed804857cd27b,windows10-64-shippable-qr,True,False,,,102210fe594ee9b33d82058545b1ed14f4c8206e,custom.jsdebugger.open.DAMP,damp,True,damp custom.jsdebugger.open.DAMP opt e10s fission stylo webrender,4768565,77,ms,firefox,459137739,17083626,2024-05-22T06:04:16,698.2751087827492,3eacabfd2f53de306d070d5407b9123cdb54403f,1431071
autoland,4768729,12,95f51e857a45cd76f1766c14d6bed804857cd27b,windows10-64-shippable-qr,True,False,,,102210fe594ee9b33d82058545b1ed14f4c8206e,custom.jsdebugger.open.DAMP,damp,True,damp custom.jsdebugger.open.DAMP opt e10s fission stylo webrender,4768565,77,ms,firefox,459185404,17286775,2024-05-22T10:45:41,715.7863855173637,23e74f68a670b162cd96bafbf45ea1bc1c62e754,1431245
autoland,4768729,12,95f51e857a45cd76f1766c14d6bed804857cd27b,windows10-64-shippable-qr,True,False,,,102210fe594ee9b33d82058545b1ed14f4c8206e,custom.jsdebugger.open.DAMP,damp,True,damp custom.jsdebugger.open.DAMP opt e10s fission stylo webrender,4768565,77,ms,firefox,459231283,17465816,2024-05-22T15:11:59,698.13635381528,d51657b0bbcc7a297d7e69af51844e07f5bc7ccc,1431449
autoland,4768729,12,95f51e857a45cd76f1766c14d6bed804857cd27b,windows10-64-shippable-qr,True,False,,,102210fe594ee9b33d82058545b1ed14f4c8206e,custom.jsdebugger.open.DAMP,damp,True,damp custom.jsdebugger.open.DAMP opt e10s fission stylo webrender,4768565,77,ms,firefox,459275102,17710858,2024-05-22T19:42:05,702.5433416311134,e8f156027b8630baf5944740a80ef83d3694f0ab,1431719
autoland,4768729,12,95f51e857a45cd76f1766c14d6bed804857cd27b,windows10-64-shippable-qr,True,False,,,102210fe594ee9b33d82058545b1ed14f4c8206e,custom.jsdebugger.open.DAMP,damp,True,damp custom.jsdebugger.open.DAMP opt e10s fission stylo webrender,4768565,77,ms,firefox,459290246,17788244,2024-05-22T23:17:46,698.4189453491572,25b8ec912ef6cca7c6dbd1ddf6927aaa7494aaf1,1431837
autoland,4768729,12,95f51e857a45cd76f1766c14d6bed804857cd27b,windows10-64-shippable-qr,True,False,,,102210fe594ee9b33d82058545b1ed14f4c8206e,custom.jsdebugger.open.DAMP,damp,True,damp custom.jsdebugger.open.DAMP opt e10s fission stylo webrender,4768565,77,ms,firefox,459303176,17897999,2024-05-23T03:34:39,698.0527980595944,9b1a6927a89c8cf7997737b09f85c69d260daf7e,1431902
autoland,4768729,12,95f51e857a45cd76f1766c14d6bed804857cd27b,windows10-64-shippable-qr,True,False,,,102210fe594ee9b33d82058545b1ed14f4c8206e,custom.jsdebugger.open.DAMP,damp,True,damp custom.jsdebugger.open.DAMP opt e10s fission stylo webrender,4768565,77,ms,firefox,459321165,18083548,2024-05-23T07:36:30,696.1373046294902,3202a06939c4312c17408f78f9cb0fa5caca1350,1431962
autoland,4768729,12,95f51e857a45cd76f1766c14d6bed804857cd27b,windows10-64-shippable-qr,True,False,,,102210fe594ee9b33d82058545b1ed14f4c8206e,custom.jsdebugger.open.DAMP,damp,True,damp custom.jsdebugger.open.DAMP opt e10s fission stylo webrender,4768565,77,ms,firefox,459364958,18305924,2024-05-23T11:55:12,697.2157103418504,42f8b13731a592d1a25e662692cbd82cee5012e0,1432088
autoland,4768729,12,95f51e857a45cd76f1766c14d6bed804857cd27b,windows10-64-shippable-qr,True,False,,,102210fe594ee9b33d82058545b1ed14f4c8206e,custom.jsdebugger.open.DAMP,damp,True,damp custom.jsdebugger.open.DAMP opt e10s fission stylo webrender,4768565,77,ms,firefox,459401373,18470840,2024-05-23T16:05:29,699.1777952844031,f6745f7b07d46db22b923031edac8ab24b1b6825,1432216
autoland,4768729,12,95f51e857a45cd76f1766c14d6bed804857cd27b,windows10-64-shippable-qr,True,False,,,102210fe594ee9b33d82058545b1ed14f4c8206e,custom.jsdebugger.open.DAMP,damp,True,damp custom.jsdebugger.open.DAMP opt e10s fission stylo webrender,4768565,77,ms,firefox,459404710,18500572,2024-05-23T17:53:40,694.3712094939838,001fbc2ff43017578828adce0c9b3ad4b7e3076d,1432303
